"Time (s)","X (rad/s)","Y (rad/s)","Z (rad/s)"
4.505416669E-3,4.006734118E-2,3.926240280E-2,1.481139511E-1
1.451341668E-2,-2.942252159E-2,2.206020951E-1,1.475690752E-1
2.452141666E-2,-1.182692349E-1,3.640176654E-1,1.093434617E-1
3.452941668E-2,-2.021960914E-1,4.475226700E-1,4.000008106E-2
4.453741666E-2,-2.816205025E-1,5.084429979E-1,-3.896025941E-2
5.454541667E-2,-3.330839574E-1,5.287309885E-1,-9.916713834E-2
6.455341668E-2,-3.592076600E-1,5.116648078E-1,-1.168367714E-1
7.456241667E-2,-3.572781980E-1,4.749789536E-1,-1.156569943E-1
8.456941668E-2,-3.286707699E-1,3.948802650E-1,-4.612148181E-2
9.457741666E-2,-2.413755506E-1,2.532810271E-1,-4.951648042E-2
1.045864167E-1,-9.624964744E-2,1.440793425E-1,-1.124225706E-1
1.145934167E-1,7.835038751E-2,9.532059729E-2,-1.132619977E-1
1.246024167E-1,2.582618296E-1,3.564421460E-2,-9.963566810E-2
1.346104167E-1,3.915450275E-1,-1.739743166E-2,-9.116069227E-2
1.446174167E-1,4.558954537E-1,-6.120394915E-2,-8.832015842E-2
1.546264167E-1,4.628015757E-1,-8.812876791E-2,-8.161591738E-2
1.646344167E-1,4.205050766E-1,-1.140380874E-1,-6.893011928E-2
1.746414167E-1,3.507480919E-1,-1.473137438E-1,-6.088497490E-2
1.846504167E-1,2.625308633E-1,-1.792721897E-1,-5.282799527E-2
1.946584167E-1,1.671814620E-1,-2.251683176E-1,-5.650369078E-2
2.046664167E-1,1.024990976E-1,-2.641786337E-1,-6.381846219E-2
2.146744167E-1,6.525478512E-2,-2.916304767E-1,-6.330633909E-2
2.246814167E-1,5.831868201E-2,-3.225383759E-1,-8.531853557E-2
2.346894167E-1,8.274678886E-2,-3.470064104E-1,-1.177704856E-1
2.446984167E-1,1.128990427E-1,-3.658334315E-1,-1.383471191E-1
2.547054167E-1,1.164205372E-1,-3.868556321E-1,-1.516759694E-1
2.647134167E-1,7.545839995E-2,-4.047200978E-1,-1.568055302E-1
2.747214167E-1,1.467528753E-3,-3.834443688E-1,-1.442394108E-1
2.847294167E-1,-8.489347249E-2,-3.297495842E-1,-1.193062365E-1
2.947384167E-1,-1.805928349E-1,-3.035350442E-1,-1.086304188E-1
3.047454167E-1,-2.508306503E-1,-2.847306132E-1,-9.655897319E-2
3.147534167E-1,-2.867452502E-1,-2.615091801E-1,-7.611442357E-2
3.247614167E-1,-2.881959379E-1,-2.463729233E-1,-6.465412676E-2
3.347694167E-1,-2.491787821E-1,-2.261755019E-1,-6.579449028E-2
3.447774167E-1,-1.769644767E-1,-2.016247511E-1,-6.182414293E-2
3.547854167E-1,-9.686084092E-2,-1.731640846E-1,-4.671816155E-2
3.647934167E-1,-3.433411941E-2,-1.356571019E-1,-1.811279170E-2
3.748014167E-1,1.816960983E-3,-9.777843207E-2,2.785256878E-2
3.848094167E-1,2.546037547E-2,-6.409061700E-2,7.615689188E-2
3.948174167E-1,3.838043660E-2,-4.453448951E-2,1.135410145E-1
4.048254167E-1,4.881372675E-2,-4.436177760E-2,1.360858530E-1
4.148334167E-1,6.291463226E-2,-4.897277802E-2,1.531255543E-1
4.248414167E-1,8.026573062E-2,-5.740207434E-2,1.603937447E-1
4.348494167E-1,1.084776670E-1,-6.700836122E-2,1.503451169E-1
4.448574167E-1,1.485538036E-1,-5.056693405E-2,1.506613493E-1
4.548654167E-1,1.899523735E-1,-1.694612764E-2,1.623563468E-1
4.648734167E-1,2.106644511E-1,2.205316536E-2,1.623845547E-1
4.748814167E-1,2.159494907E-1,6.735007465E-2,1.569921821E-1
4.848894167E-1,2.038432956E-1,1.082642749E-1,1.588897556E-1
4.948974167E-1,1.632181108E-1,1.205824539E-1,1.576242149E-1
5.049054167E-1,1.199403927E-1,1.054790244E-1,1.530815214E-1
5.149134167E-1,8.656565845E-2,8.045169711E-2,1.450379789E-1
5.249214167E-1,6.006820500E-2,2.840238251E-2,1.375958174E-1
5.349294167E-1,3.891311958E-2,-3.513877839E-2,1.216908842E-1
5.449374167E-1,3.031518124E-2,-8.313344419E-2,8.386896551E-2
5.549454167E-1,3.064434789E-2,-9.468144178E-2,3.771798685E-2
5.649534167E-1,2.445188910E-2,-6.163456663E-2,3.590872977E-3
5.749614167E-1,-2.476398600E-3,-1.330671459E-2,-8.915064856E-3
5.849694167E-1,-4.820233583E-2,2.225488797E-2,-2.282700688E-2
5.949774167E-1,-1.002080142E-1,4.610829055E-2,-3.510551155E-2
6.049854167E-1,-1.477930397E-1,6.929924339E-2,-3.913285211E-2
6.149934167E-1,-1.927120388E-1,1.014382690E-1,-4.806296527E-2
6.250014167E-1,-2.335815728E-1,1.328268498E-1,-5.467157438E-2
6.350094167E-1,-2.710652947E-1,1.506892145E-1,-6.047167256E-2
6.450174167E-1,-2.980314791E-1,1.629629135E-1,-5.352403224E-2
6.550254167E-1,-3.082790375E-1,1.829645783E-1,-2.483486198E-2
6.650334167E-1,-2.998642921E-1,1.963419914E-1,3.386422619E-2
6.750414167E-1,-2.732481360E-1,1.870342344E-1,1.064745113E-1
6.850494167E-1,-2.371892780E-1,1.344975829E-1,1.694420725E-1
6.950574167E-1,-2.008491158E-1,4.710647091E-2,2.180205286E-1
7.050654167E-1,-1.505477875E-1,-4.087097198E-2,2.481907606E-1
7.150734167E-1,-8.540580422E-2,-1.101099551E-1,2.564390898E-1
7.250814167E-1,-8.901505731E-3,-1.521614492E-1,2.626307905E-1
7.350894167E-1,5.030908808E-2,-1.797257066E-1,2.712983191E-1
7.450974167E-1,8.074698597E-2,-2.019131184E-1,2.885145247E-1
7.551054167E-1,7.180222869E-2,-2.257673144E-1,2.944166064E-1
7.651134167E-1,3.741572425E-2,-2.347476929E-1,2.742663622E-1
7.751214167E-1,-1.752342284E-2,-2.222356349E-1,2.405765802E-1
7.851294167E-1,-9.814044088E-2,-2.091608942E-1,1.959640384E-1
7.951374167E-1,-2.070400119E-1,-1.812584251E-1,1.393886507E-1
8.051454167E-1,-3.408422172E-1,-1.417443454E-1,8.057937026E-2
8.151534167E-1,-4.888894856E-1,-1.090180874E-1,1.835434139E-2
8.251614167E-1,-6.253943443E-1,-8.403062075E-2,-2.841813117E-2
8.351694167E-1,-7.238610387E-1,-6.500446796E-2,-7.096932083E-2
8.451774167E-1,-7.734479904E-1,-5.964127555E-2,-1.159249544E-1
8.551858333E-1,-7.597234249E-1,-4.503277317E-2,-1.528347731E-1
8.651938333E-1,-6.873752475E-1,-1.360561512E-2,-1.782722324E-1
8.752018333E-1,-5.779401064E-1,2.926754951E-2,-1.885200739E-1
8.852098333E-1,-4.525986612E-1,7.299523801E-2,-1.912970394E-1
8.952178333E-1,-3.250249624E-1,1.119133383E-1,-1.813900769E-1
9.052258333E-1,-2.286996841E-1,1.473039985E-1,-1.691675782E-1
9.152338333E-1,-1.735560000E-1,1.599838436E-1,-1.535244435E-1
9.252418333E-1,-1.600801945E-1,1.539310068E-1,-1.504572928E-1
9.352498333E-1,-1.845573187E-1,1.421033740E-1,-1.616369635E-1
9.452578333E-1,-2.298394889E-1,1.327594072E-1,-1.718139797E-1
9.552658333E-1,-2.664297223E-1,1.390268803E-1,-1.777626872E-1
9.652738333E-1,-2.858887017E-1,1.667102724E-1,-1.830636114E-1
9.752818333E-1,-3.019206524E-1,2.029796094E-1,-1.896373481E-1
9.852898333E-1,-3.259382844E-1,2.178388834E-1,-1.946409792E-1
9.952978333E-1,-3.520945311E-1,2.181733847E-1,-1.968894899E-1
1.005305833E0,-3.798341751E-1,1.943854690E-1,-2.033130676E-1
1.015313833E0,-3.946922421E-1,1.559675187E-1,-2.113736570E-1
1.025321833E0,-3.813107610E-1,1.120911390E-1,-2.243349850E-1
1.035329833E0,-3.448978961E-1,5.474049971E-2,-2.357338518E-1
1.045337833E0,-2.889162004E-1,1.107949391E-2,-2.301553637E-1
1.055345833E0,-2.188127190E-1,-5.795359146E-3,-2.149143666E-1
1.065353833E0,-1.487816125E-1,-9.725480340E-4,-1.955816001E-1
1.075361833E0,-8.446174115E-2,1.900834963E-2,-1.804639101E-1
1.085369833E0,-4.198346287E-2,3.566659242E-2,-1.656147540E-1
1.095376833E0,-1.243275963E-2,5.786830187E-2,-1.502573788E-1
1.105384833E0,3.970120568E-3,1.015987918E-1,-1.199132577E-1
1.115392833E0,1.580041461E-2,1.778874546E-1,-7.031747699E-2
1.125400833E0,2.167674154E-2,2.977540493E-1,-1.560136676E-2
1.135408833E0,1.195327472E-2,4.050022066E-1,3.286683187E-2
1.145416833E0,-2.510707127E-3,4.982563257E-1,6.510105729E-2
1.155424833E0,-1.915573142E-2,5.539600849E-1,7.335046679E-2
1.165432833E0,-3.182163835E-2,5.378021002E-1,5.989126116E-2
1.175440833E0,-3.226798400E-2,4.368842542E-1,3.994844481E-2
1.185448833E0,-9.324267507E-3,2.681151032E-1,1.670219563E-2
1.195456833E0,3.484718874E-2,3.067324311E-2,2.433777554E-3
1.205464833E0,9.640913457E-2,-2.278444916E-1,-1.075160340E-3
1.215472833E0,1.791516840E-1,-4.531199336E-1,1.736296900E-2
1.225480833E0,2.801545560E-1,-6.266391873E-1,4.606472328E-2
1.235488833E0,3.878416121E-1,-6.770318151E-1,7.964904606E-2
1.245496833E0,4.668053091E-1,-6.392880082E-1,1.161402017E-1
1.255504833E0,4.779772460E-1,-5.984169841E-1,1.418607533E-1
1.265512833E0,4.241281152E-1,-5.766292214E-1,1.468106061E-1
1.275520833E0,3.213292956E-1,-5.738816261E-1,1.232762486E-1
1.285528833E0,2.044195980E-1,-5.761408806E-1,7.657340914E-2
1.295536833E0,9.696318209E-2,-5.870281458E-1,1.182264183E-2
1.305544833E0,2.962211892E-2,-5.677177310E-1,-6.638605893E-2
1.315552833E0,2.855605446E-2,-4.959039986E-1,-1.382607818E-1
1.325560833E0,9.124170244E-2,-3.765986264E-1,-1.849689037E-1
1.335568833E0,1.959683895E-1,-2.225427628E-1,-1.991166770E-1
1.345576833E0,3.083791137E-1,-6.732432544E-2,-1.810427606E-1
1.355584833E0,3.951417208E-1,7.119839638E-2,-1.304051578E-1
1.365592833E0,4.394140542E-1,1.525982767E-1,-7.324749976E-2
1.375600833E0,4.462613165E-1,1.772969663E-1,-2.944356203E-2
1.385608833E0,4.298379719E-1,1.455110610E-1,-6.233319174E-3
1.395616833E0,4.033991694E-1,5.510287732E-2,4.200946074E-3
1.405624833E0,3.639581800E-1,-9.248525649E-2,-3.295847215E-3
1.415632833E0,3.144668043E-1,-2.923482955E-1,-1.962288842E-2
1.425640833E0,2.610819638E-1,-5.059130192E-1,-5.188149586E-2
1.435648833E0,2.009280920E-1,-6.940144897E-1,-1.105051264E-1
1.445655833E0,1.258440316E-1,-8.535506725E-1,-1.881177276E-1
1.455663833E0,3.277427331E-2,-9.560900927E-1,-2.743106782E-1
1.465671833E0,-7.525694370E-2,-9.639852047E-1,-3.527658582E-1
1.475679833E0,-1.751686335E-1,-8.699130416E-1,-4.091013074E-1
1.485687833E0,-2.545414269E-1,-6.763700247E-1,-4.410287142E-1
1.495695833E0,-3.262995183E-1,-3.955761492E-1,-4.385836720E-1
1.505703833E0,-3.873442709E-1,-9.179297835E-2,-4.082513750E-1
1.515711833E0,-4.399989545E-1,1.491743624E-1,-3.889836669E-1
1.525719833E0,-4.825066626E-1,3.003157377E-1,-3.785518408E-1
1.535727833E0,-5.034313798E-1,3.733505309E-1,-3.858808577E-1
1.545735833E0,-4.940748811E-1,4.135151803E-1,-3.986097872E-1
1.555743833E0,-4.717402756E-1,4.629139006E-1,-4.169240892E-1
1.565751833E0,-4.412677884E-1,4.983333945E-1,-4.378964901E-1
1.575759833E0,-3.640196025E-1,4.199200571E-1,-4.229742587E-1
1.585767833E0,-2.944383919E-1,2.723396719E-1,-3.891084194E-1
1.595775833E0,-2.642341554E-1,1.405097246E-1,-3.479082584E-1
1.605783833E0,-2.327695787E-1,7.661579642E-3,-2.971490324E-1
1.615791833E0,-2.000664920E-1,-1.197741404E-1,-2.570343614E-1
1.625799833E0,-1.670324504E-1,-2.183909863E-1,-2.417688668E-1
1.635807833E0,-1.383392811E-1,-2.821015418E-1,-2.452165931E-1
1.645815833E0,-1.194296181E-1,-3.125497997E-1,-2.504639328E-1
1.655823833E0,-1.159169078E-1,-3.150129616E-1,-2.478090376E-1
1.665831833E0,-1.225455999E-1,-3.101027906E-1,-2.239134312E-1
1.675839833E0,-1.377096474E-1,-3.163162172E-1,-1.872092187E-1
1.685847833E0,-1.617687345E-1,-3.321765959E-1,-1.463533193E-1
1.695855833E0,-1.867704988E-1,-3.778578043E-1,-1.052748561E-1
1.705863833E0,-1.956478208E-1,-4.359346926E-1,-5.480579659E-2
1.715871833E0,-1.785806865E-1,-4.907273650E-1,1.328484155E-2
1.725879833E0,-1.231287569E-1,-5.411008596E-1,9.186451137E-2
1.735886833E0,-1.787557080E-2,-5.745600462E-1,1.527973711E-1
1.745894833E0,1.345688552E-1,-5.429462790E-1,1.841322929E-1
1.755902833E0,3.067978919E-1,-4.595485926E-1,2.073388100E-1
1.765910833E0,4.560734332E-1,-3.630525768E-1,2.189476192E-1
1.775918833E0,5.526066422E-1,-2.433325797E-1,2.156812549E-1
1.785926833E0,5.689981580E-1,-1.096657664E-1,2.119172364E-1
1.795934833E0,4.923038483E-1,2.235645056E-2,2.091962844E-1
1.805942833E0,3.490058780E-1,1.526671350E-1,1.984345466E-1
1.815950833E0,1.672339588E-1,2.678438127E-1,1.898104250E-1
1.825958833E0,-7.147280965E-3,3.765697181E-1,1.798142642E-1
1.835966833E0,-1.413737983E-1,4.577580392E-1,1.791364849E-1
1.845974833E0,-2.217163891E-1,4.904016256E-1,1.785301566E-1
1.855982667E0,-2.483671755E-1,4.741222560E-1,1.622704864E-1
1.865990667E0,-2.293610424E-1,4.151663184E-1,1.383535415E-1
1.875998667E0,-1.766022295E-1,3.177702427E-1,1.089751497E-1
1.886006667E0,-1.080640480E-1,1.866286546E-1,8.012023568E-2
1.896014667E0,-4.346455634E-2,6.013888866E-2,5.826367065E-2
1.906022667E0,1.171705499E-2,-4.157270491E-2,6.274449825E-2
1.916030667E0,6.597843021E-2,-8.638864756E-2,7.992721349E-2
1.926038667E0,1.421849579E-1,-5.902583152E-2,1.125021279E-1
1.936046667E0,2.323998064E-1,1.452295296E-2,1.648894399E-1
1.946054667E0,3.289621174E-1,1.059076041E-1,2.191187888E-1
1.956062667E0,4.238145947E-1,2.033430785E-1,2.847830057E-1
1.966070667E0,4.936161041E-1,2.541732788E-1,3.351683617E-1
1.976078667E0,5.489521027E-1,2.668249011E-1,3.436915576E-1
1.986085667E0,5.845411420E-1,2.591722012E-1,3.269931972E-1
1.996093667E0,5.875973701E-1,2.609410584E-1,2.912011147E-1
2.006101667E0,5.464795828E-1,2.793171406E-1,2.327023894E-1
2.016109667E0,4.557688534E-1,2.989116311E-1,1.664709151E-1
2.026117667E0,2.861465812E-1,3.219333887E-1,8.324190229E-2
2.036125667E0,3.337423503E-2,3.497919142E-1,-2.920234576E-2
2.046133667E0,-2.585275173E-1,3.685791492E-1,-1.469124407E-1
2.056141667E0,-5.297728777E-1,4.138696790E-1,-2.267111391E-1
2.066149667E0,-6.939963698E-1,5.151988864E-1,-2.657838464E-1
2.076157667E0,-6.959966421E-1,6.932263970E-1,-2.425592095E-1
2.086165667E0,-5.402323604E-1,9.108468890E-1,-1.713497341E-1
2.096173667E0,-2.767035067E-1,1.098510623E0,-6.330209225E-2
2.106181667E0,2.195160836E-2,1.223763466E0,5.348259211E-2
2.116189667E0,2.915335596E-1,1.257055998E0,1.668799967E-1
2.126197667E0,5.176396370E-1,1.203524113E0,2.807815075E-1
2.136205667E0,6.732737422E-1,1.049243689E0,3.741694987E-1
2.146213667E0,7.648934722E-1,8.266670704E-1,4.339765012E-1
2.156221667E0,7.988389134E-1,5.522935987E-1,4.508801401E-1
2.166229667E0,7.757104635E-1,2.472518086E-1,4.233253598E-1
2.176237667E0,7.001858354E-1,-4.497952759E-2,3.656732440E-1
2.186245667E0,5.875007510E-1,-3.096440434E-1,2.924494445E-1
2.196253667E0,4.602578282E-1,-5.265856981E-1,2.072517425E-1
2.206261667E0,3.217799366E-1,-6.614583731E-1,1.097911447E-1
2.216268667E0,1.669490933E-1,-7.287636399E-1,-3.723961301E-3
2.226276667E0,1.399766840E-2,-7.309468985E-1,-1.176914424E-1
2.236284667E0,-1.325696707E-1,-6.557485461E-1,-2.067675292E-1
2.246292667E0,-2.808064818E-1,-5.152897239E-1,-2.640586197E-1
2.256300667E0,-4.170231819E-1,-3.406092525E-1,-2.915032804E-1
2.266308667E0,-5.428841710E-1,-1.564740837E-1,-2.888457179E-1
2.276316667E0,-6.529851556E-1,-5.557536148E-3,-2.735772729E-1
2.286324667E0,-7.352074981E-1,1.143785864E-1,-2.486396283E-1
2.296332667E0,-7.848134041E-1,1.875305623E-1,-2.143429071E-1
2.306340667E0,-7.976264358E-1,2.173062116E-1,-1.698398590E-1
2.316348667E0,-7.679236531E-1,2.145202905E-1,-1.181795895E-1
2.326356667E0,-6.968918443E-1,1.902152151E-1,-5.752237514E-2
2.336364667E0,-6.072852612E-1,1.447289586E-1,-5.197382998E-3
2.346372667E0,-5.180555582E-1,9.230865538E-2,3.057791851E-2
2.356380667E0,-4.352051616E-1,4.881870374E-2,5.845215917E-2
2.366388667E0,-3.773300052E-1,1.795715839E-2,7.762601227E-2
2.376396667E0,-3.394579887E-1,1.704609022E-2,9.875233471E-2
2.386404667E0,-3.292467296E-1,2.012713812E-2,1.355385333E-1
2.396412667E0,-3.473777771E-1,3.113611415E-2,1.755874157E-1
2.406420667E0,-3.887232542E-1,5.090265349E-2,2.191462219E-1
2.416428667E0,-4.466142356E-1,5.404864624E-2,2.517600954E-1
2.426436667E0,-4.936589599E-1,4.208617285E-2,2.634174824E-1
2.436443667E0,-5.026860237E-1,3.426979482E-2,2.543179691E-1
2.446451667E0,-4.826402068E-1,1.315384731E-2,2.361882478E-1
2.456459667E0,-4.365957677E-1,-7.359684445E-3,2.132432461E-1
2.466467667E0,-3.724604547E-1,4.124305211E-3,2.044023722E-1
2.476475667E0,-2.957941592E-1,1.448893920E-3,2.043714821E-1
2.486483667E0,-2.225264311E-1,1.063337177E-2,2.006723434E-1
2.496491667E0,-1.734049618E-1,7.625597995E-3,1.928458512E-1
2.506499667E0,-1.556743234E-1,-2.393626422E-2,1.806075424E-1
2.516507667E0,-1.644126922E-1,-7.718163729E-2,1.581696123E-1
2.526515667E0,-1.690006256E-1,-1.378064305E-1,1.362640560E-1
2.536523667E0,-1.434473246E-1,-1.992303729E-1,1.133131981E-1
2.546531667E0,-8.847255260E-2,-2.528721392E-1,9.533996880E-2
2.556539667E0,-8.719138801E-3,-3.003938496E-1,8.043479174E-2
2.566547667E0,9.037758410E-2,-3.370357454E-1,7.499304414E-2
2.576555667E0,2.044588774E-1,-3.798271418E-1,8.481345326E-2
2.586563667E0,3.256818950E-1,-4.036865234E-1,1.008035168E-1
2.596571667E0,4.258801341E-1,-3.936533332E-1,1.186698601E-1
2.606579667E0,5.001994967E-1,-3.760408163E-1,1.447659284E-1
2.616587667E0,5.250670314E-1,-3.271688819E-1,1.802730560E-1
2.626595667E0,4.971382618E-1,-2.006644905E-1,2.654553354E-1
2.636602667E0,4.518397450E-1,-1.250754595E-1,3.446116745E-1
2.646610667E0,4.217051864E-1,-7.511718571E-2,4.012379050E-1
2.656618667E0,3.848414421E-1,-1.093225554E-1,4.060033858E-1
2.666626667E0,3.684223294E-1,-2.170784920E-1,3.950370848E-1
2.676634667E0,4.066549242E-1,-3.360200524E-1,3.747651279E-1
2.686642667E0,4.780090749E-1,-4.212974012E-1,3.554301262E-1
2.696650667E0,5.775902271E-1,-4.919073880E-1,3.533888161E-1
2.706658667E0,6.905321479E-1,-4.997936189E-1,3.752383888E-1
2.716666667E0,7.665238380E-1,-4.520689845E-1,4.124366343E-1
2.726674667E0,7.719309926E-1,-4.162623286E-1,4.486308992E-1
2.736682667E0,7.366001606E-1,-3.793897927E-1,4.584119022E-1
2.746690667E0,6.617071629E-1,-3.860568702E-1,4.389072657E-1
2.756698667E0,5.208398104E-1,-4.053850472E-1,3.440110981E-1
2.766706667E0,3.103089035E-1,-4.376636147E-1,1.570531428E-1
2.776714667E0,5.732324719E-2,-4.615929127E-1,-8.485029638E-2
2.786722667E0,-2.157084346E-1,-4.503142834E-1,-3.465391994E-1
2.796730667E0,-4.912164509E-1,-3.928118646E-1,-5.889483690E-1
2.806738667E0,-7.354224920E-1,-3.025334775E-1,-7.894502878E-1
2.816746667E0,-9.223870635E-1,-1.690491885E-1,-9.466122389E-1
2.826753667E0,-1.004895091E0,4.961171187E-3,-1.068893433E0
2.836761667E0,-9.423508048E-1,1.971907914E-1,-1.137492657E0
2.846769667E0,-7.747765183E-1,4.026019275E-1,-1.143655062E0
2.856777917E0,-5.616602302E-1,6.066935062E-1,-1.078956723E0
2.866785917E0,-3.625798821E-1,7.752794027E-1,-9.520922899E-1
2.876793917E0,-2.220757753E-1,8.676794171E-1,-7.926688194E-1
2.886801917E0,-1.218294054E-1,8.497223258E-1,-6.354224682E-1
2.896809917E0,-4.117184505E-2,7.330310941E-1,-5.020129681E-1
2.906817917E0,2.293084003E-2,5.354357362E-1,-4.013385177E-1
2.916825917E0,8.445731550E-2,2.914811671E-1,-3.379510045E-1
2.926833917E0,1.339972019E-1,6.268139929E-2,-3.131850064E-1
2.936841917E0,1.627406925E-1,-1.445263773E-1,-3.147459030E-1
2.946849917E0,1.561886519E-1,-3.138297498E-1,-3.393354416E-1
2.956857917E0,9.547016770E-2,-4.200983942E-1,-3.547615409E-1
2.966865917E0,1.869897917E-2,-4.809991419E-1,-3.819354475E-1
2.976873917E0,-3.381349891E-2,-4.899678826E-1,-4.123138487E-1
2.986881917E0,-7.590550929E-2,-4.523166120E-1,-4.223333597E-1
2.996889917E0,-9.055343270E-2,-3.915890753E-1,-4.284130931E-1
3.006897917E0,-7.384171337E-2,-3.027139008E-1,-4.194247425E-1
3.016904917E0,-3.600565344E-2,-2.121768296E-1,-4.139953554E-1
3.026912917E0,2.593095228E-2,-1.412222236E-1,-4.202210307E-1
3.036920917E0,9.040129185E-2,-8.260045201E-2,-4.264927804E-1
3.046928917E0,1.384752691E-1,-1.066710800E-2,-4.304747283E-1
3.056936917E0,1.676491201E-1,5.723151937E-2,-4.212953448E-1
3.066944917E0,1.628794521E-1,1.100085005E-1,-4.071413577E-1
3.076952917E0,1.371359974E-1,1.397498697E-1,-3.755525351E-1
3.086960917E0,8.596022427E-2,1.400106549E-1,-3.284781277E-1
3.096968917E0,2.033007890E-2,1.082687005E-1,-2.792802155E-1
3.106976917E0,-4.398089647E-2,4.781421646E-2,-2.423792034E-1
3.116984917E0,-1.022977382E-1,-2.259656973E-2,-2.211263925E-1
3.126992917E0,-1.650595218E-1,-8.989251405E-2,-2.090903968E-1
3.137000917E0,-2.199193090E-1,-1.422675550E-1,-2.137051225E-1
3.147008917E0,-2.639866471E-1,-1.609806716E-1,-2.087864578E-1
3.157016917E0,-3.024272323E-1,-1.627175808E-1,-1.926104128E-1
3.167024917E0,-3.243263662E-1,-1.240267605E-1,-1.627072841E-1
3.177032917E0,-3.240837455E-1,-6.814298034E-2,-1.251742989E-1
3.187040917E0,-3.080064654E-1,-2.196629904E-2,-7.646889240E-2
3.197047917E0,-2.878982723E-1,1.800748333E-2,-3.844667971E-2
3.207055917E0,-2.628132105E-1,5.087038130E-2,-1.156942453E-2
3.217063917E0,-2.395867109E-1,7.416958362E-2,4.978392739E-3
3.227071917E0,-2.137526274E-1,1.097965688E-1,1.620814204E-2
3.237079917E0,-1.887338310E-1,1.678838283E-1,3.576799482E-2
3.247087917E0,-1.755128503E-1,2.290882170E-1,5.924277380E-2
3.257095917E0,-1.695159376E-1,2.884500623E-1,8.344691247E-2
3.267103917E0,-1.762495190E-1,3.390672207E-1,1.183008701E-1
3.277111917E0,-1.870654225E-1,3.633392453E-1,1.644079089E-1
3.287119917E0,-1.903628558E-1,3.502964377E-1,2.233564407E-1
3.297127917E0,-1.556189954E-1,2.997451127E-1,2.774412334E-1
3.307135917E0,-7.407723367E-2,2.454272062E-1,3.190120161E-1
3.317143917E0,4.501427338E-2,1.772585362E-1,3.517846167E-1
3.327151917E0,1.765683740E-1,1.087576523E-1,3.758772612E-1
3.337159917E0,3.022839725E-1,7.197088003E-2,3.989330232E-1
3.347167917E0,3.972336650E-1,5.776876956E-2,4.329364002E-1
3.357174917E0,4.351251125E-1,6.890051812E-2,4.686507285E-1
3.367182917E0,4.475778937E-1,1.266076416E-1,4.987028837E-1
3.377190917E0,4.737083018E-1,1.755014062E-1,5.046862364E-1
3.387198917E0,5.284709930E-1,1.804243326E-1,4.954630435E-1
3.397206917E0,6.043825150E-1,1.474256366E-1,4.945583642E-1
3.407214917E0,7.146094441E-1,7.894452661E-2,5.051907897E-1
3.417222917E0,8.562003970E-1,-3.123124689E-2,5.329033732E-1
3.427230917E0,1.012052774E0,-1.570739597E-1,5.722891092E-1
3.437238917E0,1.153388858E0,-2.742610574E-1,5.927650332E-1
3.447246917E0,1.256941557E0,-3.421331048E-1,5.725173354E-1
3.457254917E0,1.286009908E0,-3.411445618E-1,5.116209984E-1
3.467262917E0,1.185249686E0,-2.801821232E-1,4.280406237E-1
3.477270917E0,9.432055354E-1,-1.693975478E-1,3.130855262E-1
3.487278917E0,5.997263193E-1,-2.317092381E-2,2.142210156E-1
3.497286917E0,2.113242149E-1,7.682838291E-2,1.418922246E-1
3.507294917E0,-1.579037458E-1,1.467425972E-1,9.516287595E-2
3.517301917E0,-4.594140351E-1,2.292553186E-1,8.569160849E-2
3.527309917E0,-6.742457151E-1,3.302721083E-1,9.097538888E-2
3.537317917E0,-7.711049318E-1,4.375034869E-1,8.434545249E-2
3.547325917E0,-6.602562666E-1,5.787316561E-1,9.223768115E-2
3.557333917E0,-3.477710783E-1,7.394683361E-1,1.706480682E-1
3.567341917E0,5.257494003E-2,8.747584820E-1,3.054740429E-1
3.577349917E0,4.017837942E-1,9.397367239E-1,4.316455424E-1
3.587357917E0,6.378110051E-1,9.194018841E-1,5.127235055E-1
3.597365917E0,7.475154400E-1,8.210963011E-1,5.610116720E-1
3.607373917E0,7.289576530E-1,6.668164730E-1,5.863827467E-1
3.617381917E0,6.077228189E-1,4.871892035E-1,5.830756426E-1
3.627389917E0,4.234560132E-1,2.807160616E-1,5.530927777E-1
3.637397917E0,2.074352801E-1,6.087318808E-2,4.852759242E-1
3.647405917E0,9.841843508E-3,-1.314189881E-1,3.969269693E-1
3.657413917E0,-1.431112140E-1,-2.893228531E-1,3.059635162E-1
3.667421917E0,-2.636315227E-1,-3.926339149E-1,2.227160633E-1
3.677429917E0,-3.602238595E-1,-4.104057252E-1,1.663547903E-1
3.687436917E0,-4.470487237E-1,-3.643873930E-1,1.450459361E-1
3.697444917E0,-5.110567212E-1,-2.589121163E-1,1.542396992E-1
3.707452917E0,-5.414719582E-1,-1.317475885E-1,1.654813439E-1
3.717460917E0,-5.296555161E-1,-2.803192008E-3,1.817567199E-1
3.727468917E0,-4.821569324E-1,1.176690757E-1,2.021196932E-1
3.737476917E0,-4.156836271E-1,2.011850029E-1,2.105379403E-1
3.747484917E0,-3.415431082E-1,2.434251457E-1,2.116021365E-1
3.757492917E0,-2.739571333E-1,2.417809069E-1,2.153792977E-1
3.767500917E0,-2.276670635E-1,2.037852257E-1,2.088615745E-1
3.777508917E0,-1.876930147E-1,1.711609662E-1,1.973615140E-1
3.787516917E0,-1.501379758E-1,1.420719475E-1,1.827566475E-1
3.797524917E0,-1.124686226E-1,9.228468686E-2,1.572494209E-1
3.807532917E0,-6.158692390E-2,6.012228504E-2,1.293395907E-1
3.817540917E0,-1.421780884E-2,4.482029751E-2,1.132032201E-1
3.827548917E0,9.221685119E-3,3.904306144E-2,1.070719957E-1
3.837555917E0,1.719092950E-2,5.484732240E-2,1.028402373E-1
3.847563917E0,2.237996785E-3,7.048144192E-2,8.488918841E-2
3.857571167E0,-2.793721668E-2,8.089599758E-2,6.294527650E-2
3.867579167E0,-6.403825432E-2,9.021607786E-2,2.607197315E-2
3.877587167E0,-1.104496941E-1,8.464927226E-2,-2.599415742E-2
3.887595167E0,-1.515979767E-1,7.243172079E-2,-9.643673152E-2
3.897603167E0,-1.924966723E-1,6.372957677E-2,-1.525585800E-1
3.907611167E0,-2.418392450E-1,4.997344688E-2,-1.910839528E-1
3.917619167E0,-2.888144851E-1,2.446515672E-2,-2.142840922E-1
3.927627167E0,-3.316899538E-1,-1.301768236E-2,-2.211617082E-1
3.937635167E0,-3.638937175E-1,-6.670860201E-2,-2.250358164E-1
3.947643167E0,-3.765692711E-1,-1.143676862E-1,-2.211428732E-1
3.957651167E0,-3.766896427E-1,-1.721303314E-1,-2.245003134E-1
3.967659167E0,-3.532415926E-1,-2.270644605E-1,-2.322545797E-1
3.977667167E0,-2.998236418E-1,-2.727824152E-1,-2.491781712E-1
3.987674167E0,-2.278462052E-1,-2.966329455E-1,-2.551598847E-1
3.997682167E0,-1.543594748E-1,-2.936031222E-1,-2.561785579E-1
4.007690167E0,-7.385542989E-2,-2.504565716E-1,-2.412250787E-1
4.017698167E0,7.935043424E-3,-1.921663433E-1,-2.102423906E-1
4.027706167E0,8.301620930E-2,-1.441307217E-1,-1.826826632E-1
4.037714167E0,1.364613175E-1,-9.323985130E-2,-1.528938860E-1
4.047722167E0,1.527584046E-1,-5.513160303E-2,-1.133622751E-1
4.057730167E0,1.247022599E-1,-5.194433033E-2,-6.506531686E-2
4.067738167E0,6.549664587E-2,-8.177595586E-2,-1.956335269E-2
4.077746167E0,-4.519990180E-3,-1.194820553E-1,1.919096708E-2
4.087754167E0,-6.407745928E-2,-1.433821321E-1,5.629903078E-2
4.097762167E0,-6.842160970E-2,-1.724974066E-1,9.600330144E-2
4.107770167E0,2.841755282E-3,-1.768179685E-1,1.332734227E-1
4.117778167E0,1.200930104E-1,-1.547161192E-1,1.765268892E-1
4.127785167E0,2.483123243E-1,-1.266936511E-1,2.059814632E-1
4.137793167E0,3.375359178E-1,-2.302052081E-2,1.779500991E-1
4.147801167E0,4.151246250E-1,1.740512066E-2,1.376333684E-1
4.157809167E0,4.810993969E-1,-2.235693857E-2,9.533704817E-2
4.167817167E0,4.780597389E-1,-9.277518094E-2,1.772154681E-2
4.177825167E0,3.985129893E-1,-1.749704629E-1,-8.159092069E-2
4.187833167E0,2.705823779E-1,-2.942123115E-1,-1.799385548E-1
4.197841167E0,1.350879371E-1,-4.559862912E-1,-2.744376361E-1
4.207849167E0,3.751131147E-2,-6.243382692E-1,-3.830187023E-1
4.217857167E0,-3.452213481E-2,-7.929006815E-1,-5.143327713E-1
4.227865167E0,-7.843155414E-2,-9.063686728E-1,-6.771106720E-1
4.237873167E0,-6.990943849E-2,-8.679203391E-1,-8.383474946E-1
4.247881167E0,4.706900101E-3,-6.736878157E-1,-9.394499063E-1
4.257889167E0,1.477950960E-1,-3.447690606E-1,-9.633059502E-1
4.267897167E0,3.045127988E-1,3.856004775E-2,-9.116174579E-1
4.277904167E0,4.302549958E-1,3.250432014E-1,-8.244479299E-1
4.287912167E0,4.842605889E-1,4.686451554E-1,-7.422922254E-1
4.297920167E0,4.584537745E-1,4.823748171E-1,-6.720772386E-1
4.307928167E0,3.773117661E-1,3.818627298E-1,-6.060105562E-1
4.317936167E0,2.812417150E-1,2.201425582E-1,-5.504487753E-1
4.327944167E0,2.037543058E-1,4.389571771E-2,-4.979478419E-1
4.337952167E0,1.684423834E-1,-1.251239330E-1,-4.473597705E-1
4.347960167E0,1.711838096E-1,-2.628352046E-1,-4.162448347E-1
4.357968167E0,1.994846761E-1,-3.247076273E-1,-3.883719146E-1
4.367976167E0,2.314242423E-1,-3.221856356E-1,-3.503992260E-1
4.377984167E0,2.347012609E-1,-2.836755216E-1,-3.010066450E-1
4.387992167E0,1.963746697E-1,-2.177559733E-1,-2.457011491E-1
4.398000167E0,1.238687709E-1,-1.450564712E-1,-1.827962101E-1
4.408008167E0,1.777849346E-2,-1.007593125E-1,-1.328809261E-1
4.418015167E0,-1.049591452E-1,-7.576315105E-2,-1.121458113E-1
4.428023167E0,-2.187442183E-1,-5.044569820E-2,-1.050026938E-1
4.438031167E0,-3.029477894E-1,-4.218590632E-2,-1.073534638E-1
4.448039167E0,-3.499910235E-1,-3.982301801E-2,-9.450522065E-2
4.458047167E0,-3.711791337E-1,-4.731182754E-2,-6.855963916E-2
4.468055167E0,-3.818057179E-1,-5.894630030E-2,-2.001092583E-2
4.478063167E0,-4.020545185E-1,-1.046972796E-1,3.932217136E-2
4.488071167E0,-4.442718029E-1,-2.049804628E-1,8.003960550E-2
4.498079167E0,-4.955536127E-1,-3.130975962E-1,1.002388820E-1
4.508087167E0,-5.349396467E-1,-3.935407996E-1,1.127742082E-1
4.518095167E0,-5.423017144E-1,-4.445259571E-1,1.259278357E-1
4.528103167E0,-4.834986925E-1,-4.588947296E-1,1.476268172E-1
4.538111167E0,-3.537468314E-1,-4.189033806E-1,1.847539395E-1
4.548119167E0,-1.712137163E-1,-3.239398897E-1,2.213447988E-1
4.558127167E0,1.614659652E-2,-2.045674324E-1,2.477548420E-1
4.568134167E0,1.675195098E-1,-9.491865337E-2,2.489188910E-1
4.578142167E0,2.615679801E-1,-1.234520972E-2,2.381392270E-1
4.588150167E0,2.768401206E-1,3.057437390E-2,2.235326767E-1
4.598158167E0,2.305610329E-1,3.496219590E-2,2.082701027E-1
4.608166167E0,1.475169957E-1,2.340957150E-2,1.831083894E-1
4.618174167E0,5.190072209E-2,2.732148767E-2,1.297242641E-1
4.628182167E0,-3.366037086E-2,5.906348303E-2,6.069626659E-2
4.638190167E0,-1.090209037E-1,1.318191737E-1,-2.944497857E-3
4.648198167E0,-1.824568063E-1,2.222884446E-1,-5.354713276E-2
4.658206167E0,-2.534700036E-1,3.219223320E-1,-7.212800533E-2
4.668214167E0,-3.159902096E-1,4.091928899E-1,-6.348923594E-2
4.678222167E0,-3.632115126E-1,4.783687592E-1,-3.547384217E-2
4.688230167E0,-3.827380836E-1,5.097944736E-1,-7.913236506E-3
4.698237167E0,-3.705530763E-1,4.967865646E-1,1.353719458E-2
4.708245167E0,-3.223684132E-1,4.502131045E-1,2.169685811E-2
4.718253167E0,-2.616259754E-1,3.934020400E-1,2.103133313E-2
4.728261167E0,-2.114718556E-1,3.466760218E-1,1.936916262E-2
4.738269167E0,-1.927024275E-1,3.237837553E-1,6.519944407E-3
4.748277167E0,-2.135348022E-1,3.212145865E-1,-1.285544597E-2
4.758285167E0,-2.631694674E-1,3.354648948E-1,-2.286972851E-2
4.768293167E0,-3.341386914E-1,3.681614101E-1,-3.029461205E-2
4.778301167E0,-4.326580763E-1,3.715969026E-1,-2.962083183E-2
4.788309167E0,-5.338567495E-1,3.349103928E-1,-2.514762431E-2
4.798317167E0,-6.081376076E-1,2.917480171E-1,-1.195152523E-3
4.808325167E0,-6.172373295E-1,2.418028414E-1,2.461310290E-2
4.818333167E0,-5.135237575E-1,1.915284842E-1,6.937737763E-2
4.828340167E0,-3.069959283E-1,1.551473588E-1,1.429564506E-1
4.838348167E0,-1.980488934E-2,1.344343573E-1,2.380070686E-1
4.848356167E0,2.940651178E-1,1.046872661E-1,3.431208730E-1
4.858364708E0,5.814731717E-1,5.227360129E-2,4.414543509E-1
4.868372708E0,8.157178164E-1,-1.554913819E-2,5.288426876E-1
4.878380708E0,1.003892303E0,-7.402603328E-2,5.928866267E-1
4.888388708E0,1.144460082E0,-1.085760221E-1,6.346679330E-1
4.898396708E0,1.219666600E0,-1.202776805E-1,6.535308361E-1
4.908404708E0,1.227857232E0,-1.047556177E-1,6.579397321E-1
4.918412708E0,1.153155327E0,-9.022168070E-2,6.532789469E-1
4.928420708E0,1.007892489E0,-8.694124967E-2,6.349141002E-1
4.938428708E0,8.223601580E-1,-6.180500612E-2,5.820642114E-1
4.948436708E0,6.206133962E-1,-1.536278613E-2,5.050151944E-1
4.958443708E0,3.931642473E-1,3.414364066E-3,4.101105332E-1
4.968451708E0,1.231992245E-1,2.129931375E-2,3.072537780E-1
4.978459708E0,-1.647247076E-1,7.031959295E-2,2.171640843E-1
4.988467708E0,-4.092152715E-1,1.524563879E-1,1.506323814E-1
4.998475708E0,-5.258817077E-1,3.003281355E-1,1.179684475E-1
5.008483708E0,-4.773348570E-1,4.980019927E-1,1.238633618E-1
5.018491708E0,-2.976255417E-1,7.198659182E-1,1.719145179E-1
5.028499708E0,-4.832199216E-2,8.974215984E-1,2.523835003E-1
5.038507708E0,1.973500848E-1,9.340850711E-1,3.375287354E-1
5.048515708E0,4.106904268E-1,8.217326999E-1,3.944079280E-1
5.058523708E0,5.841391683E-1,6.060318351E-1,4.240174890E-1
5.068531708E0,6.905716062E-1,3.171668649E-1,4.246298373E-1
5.078538708E0,7.205820084E-1,2.116181701E-2,3.834328651E-1
5.088546708E0,6.957287192E-1,-2.027807683E-1,3.180836737E-1
5.098554708E0,6.208869815E-1,-3.331795037E-1,2.523728609E-1
5.108562708E0,5.006120205E-1,-3.792254031E-1,1.864832342E-1
5.118570708E0,3.467899263E-1,-3.395826519E-1,1.221708283E-1
5.128578708E0,1.716136336E-1,-2.573763430E-1,7.625252008E-2
5.138586708E0,-1.042674109E-2,-1.682597995E-1,4.774976522E-2
5.148594708E0,-1.796356887E-1,-1.028889343E-1,2.446983382E-2
5.158602708E0,-3.156723380E-1,-7.858439535E-2,1.004668511E-2
5.168610708E0,-4.191659391E-1,-1.085626110E-1,-4.969637841E-3
5.178618708E0,-4.959195852E-1,-1.830323040E-1,-3.402872011E-2
5.188626708E0,-5.530553460E-1,-2.633613348E-1,-6.947877258E-2
5.198634708E0,-5.772783756E-1,-2.950060666E-1,-9.659907222E-2
5.208641708E0,-5.624839664E-1,-2.690516114E-1,-1.148189083E-1
5.218649708E0,-5.073853135E-1,-1.909677386E-1,-1.113682464E-1
5.228657708E0,-4.224943221E-1,-6.564115733E-2,-8.828298748E-2
5.238665708E0,-3.340480924E-1,7.697058469E-2,-3.776575625E-2
5.248673708E0,-2.557003200E-1,1.943530738E-1,2.728141472E-2
5.258681708E0,-1.969773322E-1,2.624844313E-1,8.211802691E-2
5.268689708E0,-1.536693871E-1,2.862199247E-1,1.212000102E-1
5.278697708E0,-1.286388785E-1,2.747544646E-1,1.393411905E-1
5.288705708E0,-1.178506166E-1,2.450534254E-1,1.421067119E-1
5.298713708E0,-1.216096729E-1,2.031797469E-1,1.391149163E-1
5.308721708E0,-1.449570060E-1,1.433016062E-1,1.354217380E-1
5.318729708E0,-1.717334986E-1,8.683646470E-2,1.360856593E-1
5.328736708E0,-1.994244456E-1,2.306229435E-2,1.321370900E-1
5.338744708E0,-2.156164646E-1,-3.223398328E-2,1.306558400E-1
5.348752708E0,-2.313141227E-1,-6.789910048E-2,1.329421550E-1
5.358760708E0,-2.488334626E-1,-9.404762089E-2,1.308782101E-1
5.368768708E0,-2.587651610E-1,-8.631817251E-2,1.353744268E-1
5.378776708E0,-2.678095400E-1,-5.852381885E-2,1.467008442E-1
5.388784708E0,-2.797515988E-1,-3.579615429E-2,1.611923426E-1
5.398792708E0,-2.914694846E-1,-2.507027425E-2,1.731781662E-1
5.408800708E0,-3.026772738E-1,-3.916935623E-2,1.886043549E-1
5.418808708E0,-3.119572997E-1,-7.390522957E-2,1.945125759E-1
5.428816708E0,-3.129105568E-1,-1.273003221E-1,2.005885839E-1
5.438824708E0,-2.978839278E-1,-1.781368703E-1,2.096856833E-1
5.448831708E0,-2.623561323E-1,-2.197531611E-1,2.257713377E-1
5.458839708E0,-2.060705125E-1,-2.399561703E-1,2.468057871E-1
5.468847708E0,-1.288448870E-1,-2.394822538E-1,2.675816417E-1
5.478855708E0,-4.190173000E-2,-2.318989038E-1,2.886869311E-1
5.488863708E0,4.457553104E-2,-2.305845320E-1,3.183226585E-1
5.498871708E0,1.255795658E-1,-2.396818995E-1,3.408639431E-1
5.508879708E0,1.982247084E-1,-2.612729967E-1,3.485142291E-1
5.518887708E0,2.631770968E-1,-2.795571983E-1,3.404802680E-1
5.528895708E0,3.077170253E-1,-2.919942141E-1,3.073060811E-1
5.538903708E0,3.353009820E-1,-2.671727538E-1,2.628589869E-1
5.548911708E0,3.370987177E-1,-2.235891372E-1,2.220649272E-1
5.558919708E0,3.030640483E-1,-1.739557981E-1,1.886976510E-1
5.568926708E0,2.405707389E-1,-1.341458857E-1,1.585264355E-1
5.578934708E0,1.507140845E-1,-1.415753067E-1,1.278439015E-1
5.588942708E0,6.444162130E-2,-1.870737374E-1,8.161408454E-2
5.598950708E0,7.246241905E-3,-2.491743863E-1,1.524331607E-2
5.608958708E0,-1.957966248E-3,-2.977295220E-1,-5.196111277E-2
5.618966708E0,3.072940558E-2,-3.272719681E-1,-9.937416762E-2
5.628974708E0,8.303610235E-2,-3.043120205E-1,-1.102510467E-1
5.638982708E0,1.578360498E-1,-2.111693025E-1,-8.322449028E-2
5.648990708E0,2.483524382E-1,-8.637981117E-2,-4.125467315E-2
5.658998708E0,3.395193815E-1,1.368180849E-2,4.048624076E-3
5.669006708E0,4.116261601E-1,6.247191504E-2,2.644740976E-2
5.679014708E0,4.526630640E-1,2.718263306E-2,2.321939170E-2
5.689021708E0,4.543787241E-1,-8.104476333E-2,-2.490570210E-2
5.699029708E0,4.246410728E-1,-2.255188525E-1,-1.263745427E-1
5.709037708E0,3.644116223E-1,-3.808847666E-1,-2.598971725E-1
5.719045708E0,2.656163275E-1,-5.179821849E-1,-3.985559940E-1
5.729053708E0,1.307809502E-1,-6.215304136E-1,-5.245154500E-1
5.739061708E0,-2.805717103E-2,-6.805724502E-1,-6.221724749E-1
5.749069708E0,-1.761351526E-1,-6.572529078E-1,-6.905206442E-1
5.759077708E0,-2.888462543E-1,-5.611208081E-1,-7.433713675E-1
5.769085708E0,-3.408420682E-1,-4.098162055E-1,-7.838977575E-1
5.779093708E0,-3.122455776E-1,-2.104719728E-1,-8.066195846E-1
5.789101708E0,-2.276304662E-1,1.996036433E-2,-8.015207052E-1
5.799108708E0,-1.199847013E-1,2.384442389E-1,-7.565596104E-1
5.809116708E0,-2.952867560E-2,3.958050013E-1,-6.773321629E-1
5.819124708E0,4.600123689E-2,4.854414463E-1,-5.858237743E-1
5.829132708E0,1.248132512E-1,5.062385201E-1,-4.988631606E-1
5.839140708E0,1.950259060E-1,4.396608174E-1,-4.144582450E-1
5.849148708E0,2.539503276E-1,2.926591039E-1,-3.530017436E-1
5.859156667E0,2.987348437E-1,1.001088247E-1,-3.132487237E-1
5.869164667E0,3.211736977E-1,-1.144272387E-1,-2.932585180E-1
5.879172667E0,3.184319735E-1,-3.118660152E-1,-2.931120396E-1
5.889180667E0,3.011372089E-1,-4.616409838E-1,-3.112295270E-1
5.899188667E0,2.801211178E-1,-5.600389242E-1,-3.394278586E-1
5.909195667E0,2.431399822E-1,-5.962693095E-1,-3.619920313E-1
5.919203667E0,1.965413094E-1,-5.515502691E-1,-3.796674311E-1
5.929211667E0,1.418219805E-1,-4.391027391E-1,-3.951988220E-1
5.939219667E0,8.422926068E-2,-2.855232954E-1,-3.991402984E-1
5.949227667E0,2.924800292E-2,-1.100206450E-1,-4.020550251E-1
5.959235667E0,-2.756175026E-2,5.701388046E-2,-4.066801369E-1
5.969243667E0,-8.755497634E-2,1.919948459E-1,-4.120181799E-1
5.979251667E0,-1.432773471E-1,2.725759745E-1,-4.085470140E-1
5.989259667E0,-1.897576302E-1,2.908225358E-1,-4.104283750E-1
5.999267667E0,-2.178888768E-1,2.702088654E-1,-4.198325276E-1
6.009275667E0,-2.576084137E-1,2.084848881E-1,-4.442777634E-1
6.019282667E0,-3.029487133E-1,1.417474002E-1,-4.689029455E-1
6.029290667E0,-3.593022823E-1,6.738924980E-2,-4.715468287E-1
6.039298667E0,-4.311253428E-1,-1.158172917E-2,-4.632771909E-1
6.049306667E0,-5.067695975E-1,-7.307203114E-2,-4.434720576E-1
6.059314667E0,-5.654497147E-1,-1.191295311E-1,-4.123895168E-1
6.069322667E0,-5.952239633E-1,-1.445781738E-1,-3.785597086E-1
6.079330667E0,-5.918928385E-1,-1.388686299E-1,-3.531558216E-1
6.089338667E0,-5.583564639E-1,-1.032247171E-1,-3.368362486E-1
6.099346667E0,-5.058665872E-1,-3.510984406E-2,-3.283998966E-1
6.109354667E0,-4.463928342E-1,6.280427426E-2,-3.137781322E-1
6.119362667E0,-3.960841298E-1,1.622360498E-1,-2.865459919E-1
6.129369667E0,-3.528438807E-1,2.456654757E-1,-2.427631021E-1
6.139377667E0,-3.221208453E-1,2.815926075E-1,-1.882583201E-1
6.149385667E0,-2.836444676E-1,2.821445167E-1,-1.330222189E-1
6.159393667E0,-2.191105038E-1,2.607995570E-1,-7.830226421E-2
6.169401667E0,-1.360676736E-1,2.324670106E-1,-2.736699395E-2
6.179409667E0,-5.439971387E-2,2.179266810E-1,1.719568111E-2
6.189417667E0,2.027444541E-2,2.351901978E-1,6.535486132E-2
6.199425667E0,7.958544046E-2,2.762497365E-1,1.117825508E-1
6.209433667E0,1.253704727E-1,3.245192170E-1,1.577685922E-1
6.219441667E0,1.598639935E-1,3.570212424E-1,2.075060606E-1
6.229449667E0,1.849117577E-1,3.546940088E-1,2.613990307E-1
6.239456667E0,2.029394954E-1,2.970669270E-1,3.168130219E-1
6.249464667E0,2.158361077E-1,1.655537933E-1,3.519635499E-1
6.259472667E0,2.356202006E-1,-1.827037148E-2,3.677704632E-1
6.269480667E0,2.614009082E-1,-2.174568772E-1,3.738867044E-1
6.279488667E0,3.004612029E-1,-4.026560485E-1,3.691180348E-1
6.289496667E0,3.627029955E-1,-5.530858040E-1,3.591986299E-1
6.299504667E0,4.498272240E-1,-6.143294573E-1,3.760013282E-1
6.309512667E0,5.569294691E-1,-5.589121580E-1,4.162534773E-1
6.319520667E0,6.823747754E-1,-3.924382329E-1,4.663475454E-1
6.329528667E0,7.852536440E-1,-1.647440344E-1,5.076359510E-1
6.339536667E0,8.434689641E-1,6.098894775E-2,5.346832871E-1
6.349543667E0,8.388828039E-1,2.394399792E-1,5.436370373E-1
6.359551667E0,7.809542418E-1,3.495225310E-1,5.264929533E-1
6.369559667E0,6.688855290E-1,3.976290524E-1,4.783207178E-1
6.379567667E0,5.140927434E-1,3.959432840E-1,3.969906867E-1
6.389575667E0,3.114354014E-1,3.364032507E-1,3.122511208E-1
6.399583667E0,8.462301642E-2,2.377429903E-1,2.320255190E-1
6.409591667E0,-1.308345795E-1,1.294773519E-1,1.773640364E-1
6.419599667E0,-2.903541923E-1,7.656433433E-2,1.423631757E-1
6.429607667E0,-3.697146177E-1,1.066777259E-1,1.317832321E-1
6.439615667E0,-3.531915843E-1,2.185568660E-1,1.459299475E-1
6.449622667E0,-2.571986318E-1,3.668319881E-1,1.821220517E-1
6.459630667E0,-1.073593423E-1,4.989122748E-1,2.412759215E-1
6.469638667E0,4.806740582E-2,5.592331290E-1,2.862647772E-1
6.479646667E0,1.906495839E-1,5.465687513E-1,3.148287833E-1
6.489654667E0,3.145803511E-1,4.912906587E-1,3.408634961E-1
6.499662667E0,3.978858888E-1,4.042564034E-1,3.555563986E-1
6.509670667E0,4.336349964E-1,3.077746034E-1,3.524753153E-1
6.519678667E0,4.253432453E-1,2.194697708E-1,3.317119777E-1
6.529686667E0,3.719850481E-1,1.614378691E-1,3.032909036E-1
6.539694667E0,2.826397419E-1,1.276602000E-1,2.573601902E-1
6.549701667E0,1.800245196E-1,1.237310767E-1,2.218548208E-1
6.559709667E0,6.750728935E-2,1.455040127E-1,2.026899159E-1
6.569717667E0,-4.720627889E-2,1.651764512E-1,1.910828799E-1
6.579725667E0,-1.524091214E-1,1.658840477E-1,1.900056303E-1
6.589733667E0,-2.555997670E-1,1.221916601E-1,1.763886213E-1
6.599741667E0,-3.645656705E-1,4.317700490E-2,1.537386924E-1
6.609749667E0,-4.835511744E-1,-7.783485949E-2,1.136191562E-1
6.619757667E0,-5.883345604E-1,-2.215968221E-1,6.540182233E-2
6.629765667E0,-6.560772061E-1,-3.624960482E-1,7.234393619E-3
6.639773667E0,-6.660878062E-1,-4.623637795E-1,-3.998691589E-2
6.649781667E0,-6.086397767E-1,-4.850759506E-1,-6.286586076E-2
6.659788667E0,-5.030781627E-1,-4.187741578E-1,-6.668909639E-2
6.669796667E0,-3.890221715E-1,-2.668818235E-1,-4.527462274E-2
6.679804667E0,-3.090671599E-1,-8.785268664E-2,-9.412451182E-4
6.689812667E0,-2.841500044E-1,7.535221428E-2,5.519828200E-2
6.699820667E0,-3.041554093E-1,1.956637055E-1,9.944590181E-2
6.709828667E0,-3.417510688E-1,2.619395554E-1,1.259857267E-1
6.719836667E0,-3.665744066E-1,2.988784015E-1,1.262171566E-1
6.729844667E0,-3.578700423E-1,2.955753803E-1,1.089062467E-1
6.739852667E0,-3.273363709E-1,2.666489184E-1,1.003681496E-1
6.749860667E0,-2.915517092E-1,2.170714587E-1,1.014088318E-1
6.759867667E0,-2.598374486E-1,1.459179223E-1,1.010242701E-1
6.769875667E0,-2.242396623E-1,7.458073646E-2,1.089459211E-1
6.779883667E0,-1.945185214E-1,4.498318303E-3,1.129113659E-1
6.789891667E0,-1.645547897E-1,-4.327186942E-2,1.072524264E-1
6.799899667E0,-1.412127167E-1,-5.897466093E-2,1.059602648E-1
6.809907667E0,-1.310102791E-1,-4.944251478E-2,1.053571403E-1
6.819915667E0,-1.287726909E-1,-1.384670194E-2,1.055819169E-1
6.829923667E0,-1.327486634E-1,2.150731906E-2,1.125107482E-1
6.839931667E0,-1.457408965E-1,3.526600823E-2,1.196400300E-1
6.849939667E0,-1.502357274E-1,2.690813877E-2,1.179981083E-1
6.859946208E0,-1.407873631E-1,-1.482892223E-2,1.170039475E-1
6.869954208E0,-1.121990010E-1,-7.632261515E-2,1.202988923E-1
6.879962208E0,-7.741598785E-2,-1.498194635E-1,1.129320562E-1
6.889970208E0,-3.470249474E-2,-2.064267695E-1,9.698292613E-2
6.899978208E0,4.966886714E-3,-2.417424172E-1,7.045118511E-2
6.909986208E0,3.927421570E-2,-2.427227944E-1,3.949708119E-2
6.919994208E0,6.406424940E-2,-2.283627540E-1,1.603543200E-2
6.930002208E0,8.023053408E-2,-2.027277946E-1,-4.445342347E-3
6.940010208E0,8.928821236E-2,-1.808824241E-1,-2.031804807E-2
6.950017208E0,8.728293329E-2,-1.518635750E-1,-2.991918847E-2
6.960025208E0,8.398593962E-2,-1.178502068E-1,-4.162431508E-2
6.970033208E0,8.162558079E-2,-5.633351207E-2,-4.295624793E-2
6.980041208E0,7.517114282E-2,1.823286340E-2,-3.708957136E-2
6.990049208E0,6.914077699E-2,9.818771482E-2,-2.980511822E-2
7.000057208E0,6.395800412E-2,1.677438915E-1,-2.064304426E-2
7.010065208E0,5.619293824E-2,2.083714455E-1,-1.043008734E-2
7.020073208E0,5.356226861E-2,2.067405283E-1,-4.152699839E-4
7.030081208E0,6.905204058E-2,1.511504054E-1,1.145346090E-2
7.040089208E0,1.104657948E-1,6.584243476E-2,2.660125494E-2
7.050096208E0,1.718232930E-1,-2.734997869E-2,5.411810428E-2
7.060104208E0,2.576236725E-1,-1.353512704E-1,8.342885226E-2
7.070112208E0,3.688952625E-1,-2.199373245E-1,1.148557514E-1
7.080120208E0,4.829861522E-1,-3.032761514E-1,1.410015970E-1
7.090128208E0,5.767392516E-1,-4.099915922E-1,1.641392261E-1
7.100136208E0,6.490840316E-1,-5.382151008E-1,1.930771321E-1
7.110144208E0,6.950010061E-1,-6.857876182E-1,2.227357030E-1
7.120152208E0,7.060555220E-1,-8.413244486E-1,2.240449190E-1
7.130160208E0,6.846988201E-1,-9.876847863E-1,1.776269972E-1
7.140168208E0,6.292827129E-1,-1.117924452E0,9.908877313E-2
7.150175208E0,5.448927283E-1,-1.230189800E0,3.556834068E-3
7.160183208E0,4.331400692E-1,-1.321849942E0,-1.151176170E-1
7.170191208E0,3.050773740E-1,-1.362887502E0,-2.542991340E-1
7.180199208E0,1.691363156E-1,-1.303145051E0,-4.074465930E-1
7.190207208E0,3.918039054E-2,-1.103588343E0,-5.554847717E-1
7.200215208E0,-6.656575203E-2,-7.471609712E-1,-6.760023832E-1
7.210223208E0,-1.282349974E-1,-2.896729410E-1,-7.434106469E-1
7.220231208E0,-1.470789909E-1,1.798963994E-1,-7.593680620E-1
7.230239208E0,-1.335044950E-1,5.847920179E-1,-7.364069223E-1
7.240247208E0,-8.976741135E-2,8.389449716E-1,-6.879523396E-1
7.250254208E0,-3.371791542E-2,9.248201847E-1,-6.235446930E-1
7.260262208E0,2.805277519E-2,8.454076052E-1,-5.824859142E-1
7.270270208E0,9.256829321E-2,6.271060705E-1,-5.541021824E-1
7.280278208E0,1.486009359E-1,3.232338428E-1,-5.445440412E-1
7.290286208E0,1.929906011E-1,-2.219176292E-2,-5.504028201E-1
7.300294208E0,2.115520388E-1,-3.449181616E-1,-5.610650778E-1
7.310302208E0,2.041334361E-1,-5.584413409E-1,-5.766221285E-1
7.320310208E0,1.625540406E-1,-6.383646727E-1,-5.930082798E-1
7.330318208E0,1.013083979E-1,-5.953205228E-1,-6.093776822E-1
7.340325208E0,2.260240540E-2,-4.483979344E-1,-6.197296977E-1
7.350333208E0,-6.972052902E-2,-2.337493151E-1,-6.212829351E-1
7.360341208E0,-1.684803963E-1,9.790110402E-3,-6.211266518E-1
7.370349208E0,-2.623851597E-1,2.380454838E-1,-6.090119481E-1
7.380357208E0,-3.475586474E-1,3.902174234E-1,-5.862110257E-1
7.390365208E0,-4.160787463E-1,4.756439328E-1,-5.583066940E-1
7.400373208E0,-4.573918283E-1,5.019964576E-1,-5.212277770E-1
7.410381208E0,-4.874876440E-1,4.737396538E-1,-4.820768833E-1
7.420389208E0,-5.129789114E-1,4.104336500E-1,-4.435499907E-1
7.430397208E0,-5.358256102E-1,3.211714029E-1,-3.994543552E-1
7.440404208E0,-5.642796159E-1,2.141067386E-1,-3.602278531E-1
7.450412208E0,-6.037418842E-1,1.099348962E-1,-3.109402061E-1
7.460420208E0,-6.492827535E-1,1.611465961E-2,-2.507024407E-1
7.470428208E0,-6.981159449E-1,-6.577828526E-2,-1.715997159E-1
7.480436208E0,-7.261667848E-1,-1.360601783E-1,-9.300743788E-2
7.490444208E0,-7.261463404E-1,-1.933692098E-1,-1.436499692E-2
7.500452208E0,-6.757321358E-1,-2.235603929E-1,5.763063207E-2
7.510460208E0,-5.817419887E-1,-2.197318822E-1,1.427652389E-1
7.520468208E0,-4.510239065E-1,-1.836875975E-1,2.227950990E-1
7.530475208E0,-3.054077625E-1,-1.458254755E-1,3.041251898E-1
7.540483208E0,-1.852163821E-1,-1.223334745E-1,3.677212000E-1
7.550491208E0,-1.118932143E-1,-1.032960638E-1,4.094984829E-1
7.560499208E0,-1.075477377E-1,-1.018369198E-1,4.378963113E-1
7.570507208E0,-1.510312110E-1,-1.195119247E-1,4.650415480E-1
7.580515208E0,-2.166850567E-1,-1.353609264E-1,4.983539581E-1
7.590523208E0,-2.728566825E-1,-1.258450747E-1,5.285450220E-1
7.600531208E0,-3.074913621E-1,-1.031003445E-1,5.663871765E-1
7.610539208E0,-3.010040522E-1,-5.505979806E-2,6.171568632E-1
7.620546208E0,-2.604182959E-1,2.663950901E-3,6.814586520E-1
7.630554208E0,-1.851321161E-1,5.773473531E-2,7.358502150E-1
7.640562208E0,-7.363514602E-2,1.053589806E-1,7.750080228E-1
7.650570208E0,5.475241691E-2,1.407033056E-1,7.902619839E-1
7.660578208E0,1.780186892E-1,1.546750516E-1,7.941768169E-1
7.670586208E0,2.663035989E-1,1.515236497E-1,7.935521007E-1
7.680594208E0,3.240004480E-1,1.417389363E-1,7.912588120E-1
7.690602208E0,3.502295017E-1,1.286161244E-1,7.791798115E-1
7.700610208E0,3.516939878E-1,1.178553551E-1,7.525228858E-1
7.710617208E0,3.340796828E-1,1.047766730E-1,7.110112906E-1
7.720625208E0,3.110699654E-1,1.138785556E-1,6.665900350E-1
7.730633208E0,2.989787459E-1,1.450195462E-1,6.329194903E-1
7.740641208E0,2.956346273E-1,1.959154904E-1,6.102155447E-1
7.750649208E0,2.998894155E-1,2.376914471E-1,5.937185884E-1
7.760657208E0,3.061212003E-1,2.572989762E-1,5.668485761E-1
7.770665208E0,3.024426401E-1,2.543564439E-1,5.305312872E-1
7.780673208E0,2.981144786E-1,2.340181619E-1,4.927758873E-1
7.790681208E0,2.805351615E-1,1.981295794E-1,4.588885009E-1
7.800688208E0,2.680649161E-1,1.646416634E-1,4.277800918E-1
7.810696208E0,2.677707672E-1,1.442638040E-1,4.160051942E-1
7.820704208E0,2.822884619E-1,1.381110996E-1,4.178720713E-1
7.830712208E0,3.214433789E-1,1.540110409E-1,4.224560857E-1
7.840720208E0,4.013720155E-1,1.832940876E-1,4.405509233E-1
7.850728208E0,5.250291228E-1,2.208064944E-1,4.653226733E-1
7.860736833E0,6.703016162E-1,2.429410964E-1,4.942360818E-1
7.870744833E0,8.099920750E-1,2.541417480E-1,5.171172023E-1
7.880752833E0,9.042905569E-1,2.636505663E-1,5.184397101E-1
7.890759833E0,9.264000654E-1,2.597851455E-1,4.902835190E-1
7.900767833E0,8.640472293E-1,2.424010783E-1,4.363329411E-1
7.910775833E0,7.054877877E-1,1.996418685E-1,3.562855124E-1
7.920783833E0,4.533279836E-1,1.348588914E-1,2.509478927E-1
7.930791833E0,1.431454420E-1,5.529436842E-2,1.526277214E-1
7.940799833E0,-1.962568611E-1,1.531605609E-2,6.335882097E-2
7.950807833E0,-5.172165632E-1,3.063041344E-2,-4.776729271E-3
7.960815833E0,-7.589173317E-1,9.685790539E-2,-3.241634741E-2
7.970823833E0,-8.743517995E-1,2.117644399E-1,-1.422731113E-2
7.980830833E0,-8.275464773E-1,3.788684905E-1,4.913488403E-2
7.990838833E0,-6.398105621E-1,5.568162799E-1,1.482257843E-1
8.000846833E0,-3.656748533E-1,6.634679437E-1,2.578116655E-1
8.010854833E0,-5.463493243E-2,6.744713783E-1,3.546340764E-1
8.020862833E0,2.484365255E-1,5.772660375E-1,4.222213626E-1
8.030870833E0,5.120026469E-1,3.898882866E-1,4.623140097E-1
8.040878833E0,7.068893313E-1,1.647305340E-1,4.770080149E-1
8.050886833E0,8.049553633E-1,-8.561804146E-2,4.424362779E-1
8.060894833E0,7.965615988E-1,-3.138426840E-1,3.784575760E-1
8.070901833E0,6.818549037E-1,-4.705745578E-1,3.062787056E-1
8.080909833E0,4.991918802E-1,-5.199647546E-1,2.373177409E-1
8.090917833E0,2.784852386E-1,-4.618453681E-1,1.719439924E-1
8.100925833E0,4.106472433E-2,-3.229234517E-1,1.005888432E-1
8.110933833E0,-1.728821248E-1,-1.219803616E-1,3.897031024E-2
8.120941833E0,-3.375930488E-1,1.040783376E-1,-1.097749686E-3
8.130949833E0,-4.390955865E-1,3.037697673E-1,-2.429814450E-2
8.140957833E0,-4.863704443E-1,4.487719834E-1,-3.631433100E-2
8.150964833E0,-5.003241897E-1,5.340078473E-1,-3.992406651E-2
8.160972833E0,-4.990879893E-1,5.492967963E-1,-4.036534950E-2
8.170980833E0,-5.078024864E-1,4.922143817E-1,-4.322709516E-2
8.180988833E0,-5.143091083E-1,3.886983693E-1,-5.482782796E-2
8.190996833E0,-5.292385221E-1,2.418066263E-1,-7.170357555E-2
8.201004833E0,-5.443101525E-1,7.485811412E-2,-9.373430908E-2
8.211012833E0,-5.526364446E-1,-6.621932983E-2,-1.063923091E-1
8.221020833E0,-5.534865260E-1,-1.635703743E-1,-1.140182689E-1
8.231028833E0,-5.333561301E-1,-1.952887475E-1,-1.109269634E-1
8.241035833E0,-4.961829782E-1,-1.657332480E-1,-1.044080779E-1
8.251043833E0,-4.544608593E-1,-1.037073806E-1,-8.819022030E-2
8.261051833E0,-4.132596254E-1,-2.479871735E-2,-6.990841776E-2
8.271059833E0,-3.806740046E-1,3.195615858E-2,-5.793679506E-2
8.281067833E0,-3.666130602E-1,3.955149651E-2,-4.731211439E-2
8.291075833E0,-3.521872461E-1,1.638351940E-2,-3.841192275E-2
8.301083833E0,-3.212109506E-1,-2.048474923E-2,-4.497554898E-2
8.311091833E0,-2.693347633E-1,-6.723925471E-2,-6.029751524E-2
8.321099833E0,-2.041094154E-1,-1.046444178E-1,-8.322998881E-2
8.331106833E0,-1.372585744E-1,-1.082867011E-1,-1.029298455E-1
8.341114833E0,-7.941392064E-2,-6.277114898E-2,-1.068625376E-1
8.351122833E0,-3.931935877E-2,7.179563493E-2,-6.306036562E-2
8.361130833E0,-1.584972069E-2,2.853846252E-1,2.234960534E-2
8.371138833E0,-9.644874372E-3,5.646305084E-1,1.313596219E-1
8.381146833E0,-1.177913230E-2,8.423625231E-1,2.285649925E-1
8.391154833E0,8.369999006E-3,1.048744678E0,2.781921327E-1
8.401162833E0,2.614633366E-2,1.244430065E0,2.275425345E-1
8.411169833E0,3.665798903E-2,1.343722939E0,9.143884480E-2
8.421177833E0,1.240456253E-1,1.214029670E0,-2.610110678E-2
8.431185833E0,2.581292987E-1,9.785940051E-1,-1.492123753E-1
8.441193833E0,3.860782087E-1,7.330580354E-1,-2.433764338E-1
8.451201833E0,4.822283387E-1,5.131349564E-1,-2.926987112E-1
8.461209833E0,5.451236963E-1,3.454165161E-1,-3.192863762E-1
8.471217833E0,5.888596773E-1,1.747782975E-1,-3.359054923E-1
8.481225833E0,6.146712899E-1,3.018251853E-3,-3.619498610E-1
8.491233833E0,6.182147861E-1,-1.355826557E-1,-3.934207261E-1
8.501240833E0,5.960676670E-1,-2.367042005E-1,-4.342642725E-1
8.511248833E0,5.658996105E-1,-3.209059834E-1,-4.700214565E-1
8.521256833E0,5.470044613E-1,-4.052746594E-1,-5.100855231E-1
8.531264833E0,5.330687761E-1,-4.945042729E-1,-5.469069481E-1
8.541272833E0,5.222789645E-1,-5.965355635E-1,-5.783932209E-1
8.551280833E0,5.202544928E-1,-6.754382849E-1,-5.875322819E-1
8.561288833E0,5.255150199E-1,-7.165899277E-1,-5.710686445E-1
8.571296833E0,5.289313197E-1,-7.067130804E-1,-5.218549967E-1
8.581303833E0,5.251730680E-1,-6.368541121E-1,-4.429399669E-1
8.591311833E0,5.071620345E-1,-5.044080615E-1,-3.471272588E-1
8.601319833E0,4.785689712E-1,-3.335234225E-1,-2.516497374E-1
8.611327833E0,4.348613918E-1,-1.645151824E-1,-1.660607904E-1
8.621335833E0,3.912007213E-1,-7.171102334E-3,-1.015499756E-1
8.631343833E0,3.608525693E-1,1.186078787E-1,-4.459347576E-2
8.641351833E0,3.376753330E-1,2.049763203E-1,-4.324083682E-3
8.651359833E0,3.207025826E-1,2.427959591E-1,2.764813974E-2
8.661366833E0,2.960686088E-1,2.228880227E-1,5.536552146E-2
8.671374833E0,2.589249909E-1,1.520996094E-1,7.488196343E-2
8.681382833E0,2.165516913E-1,4.520431906E-2,7.589822263E-2
8.691390833E0,1.825196892E-1,-1.365233772E-2,6.830022484E-2
8.701398833E0,1.538925767E-1,3.563318774E-2,7.677546889E-2
8.711406833E0,1.323582828E-1,1.412548721E-1,1.076121256E-1
8.721414833E0,1.114143878E-1,2.067241669E-1,1.289879978E-1
8.731422833E0,6.026462838E-2,2.211018950E-1,1.229822785E-1
8.741430833E0,-3.374868631E-2,1.977789998E-1,8.383434266E-2
8.751437833E0,-1.625315845E-1,1.190166473E-1,1.958515123E-2
8.761445833E0,-2.965748906E-1,-9.658239782E-3,-5.125466734E-2
8.771453833E0,-4.153672159E-1,-1.372114271E-1,-1.157597154E-1
8.781461833E0,-5.186201334E-1,-2.427474409E-1,-1.727114022E-1
8.791469833E0,-5.963892937E-1,-2.873090208E-1,-1.980838776E-1
8.801477833E0,-6.298583150E-1,-2.792052925E-1,-2.145118415E-1
8.811485833E0,-6.055528522E-1,-2.258784473E-1,-2.231799066E-1
8.821493833E0,-5.171244740E-1,-1.364055574E-1,-2.044453621E-1
8.831500833E0,-3.896094859E-1,-5.723561347E-2,-1.679479927E-1
8.841508833E0,-2.397233099E-1,-1.030245982E-2,-1.114873812E-1
8.851516833E0,-8.559894562E-2,-4.869655240E-3,-4.084942490E-2
8.861524042E0,4.395744950E-2,-5.386702344E-2,2.840314806E-2
8.871532042E0,1.314004213E-1,-1.273083538E-1,8.378695697E-2
8.881540042E0,1.725156307E-1,-1.933582127E-1,1.136218160E-1
8.891548042E0,1.703117192E-1,-2.430809587E-1,1.222188547E-1
8.901556042E0,1.347036511E-1,-2.645665407E-1,1.195008308E-1
8.911563042E0,8.569602668E-2,-2.564405799E-1,1.172202826E-1
8.921571042E0,2.902182750E-2,-2.315096855E-1,9.723991901E-2
8.931579042E0,-3.214283288E-2,-1.908336133E-1,6.352491677E-2
8.941587042E0,-8.471256495E-2,-1.452663988E-1,3.282106668E-2
8.951595042E0,-1.285359561E-1,-8.909961581E-2,4.369536880E-3
8.961603042E0,-1.700415909E-1,-3.367044777E-2,-3.649400547E-2
8.971611042E0,-2.062402815E-1,2.517078817E-2,-8.668936044E-2
8.981619042E0,-2.376240343E-1,8.952447772E-2,-1.290682405E-1
8.991626042E0,-2.667804658E-1,1.507656127E-1,-1.678326875E-1
9.001634042E0,-2.956858873E-1,1.984321922E-1,-1.962685883E-1
9.011642042E0,-3.150852621E-1,2.408451140E-1,-2.077753842E-1
9.021650042E0,-3.197506070E-1,2.975222468E-1,-1.989102513E-1
9.031658042E0,-3.097536266E-1,3.512705863E-1,-1.737843156E-1
9.041666042E0,-2.838964462E-1,3.946824968E-1,-1.221288443E-1
9.051674042E0,-2.411070913E-1,4.312130809E-1,-4.621188715E-2
9.061682042E0,-1.801872849E-1,4.359958470E-1,3.812030330E-2
9.071689042E0,-1.122976094E-1,3.980459273E-1,1.203099713E-1
9.081697042E0,-4.634867981E-2,3.230228126E-1,1.888187379E-1
9.091705042E0,8.902368136E-3,2.153578401E-1,2.459797561E-1
9.101713042E0,3.786370903E-2,8.905477077E-2,2.880569100E-1
9.111721042E0,3.599362075E-2,-4.776198417E-2,3.218778968E-1
9.121729042E0,1.431895141E-2,-1.682354063E-1,3.449603021E-1
9.131737042E0,-1.953769103E-2,-2.640263438E-1,3.528866768E-1
9.141745042E0,-5.181307346E-2,-3.261658847E-1,3.550041616E-1
9.151752042E0,-8.639454097E-2,-3.636896908E-1,3.304867446E-1
9.161760042E0,-1.154099479E-1,-3.596566021E-1,3.033326268E-1
9.171768042E0,-1.438020021E-1,-3.308361173E-1,2.656162381E-1
9.181776042E0,-1.586651057E-1,-2.781449258E-1,2.230362743E-1
9.191784042E0,-1.405022889E-1,-1.981125623E-1,1.971267313E-1
9.201792042E0,-8.776931465E-2,-1.265371740E-1,1.795456111E-1
9.211800042E0,-1.236662362E-2,-7.470294833E-2,1.679552644E-1
9.221808042E0,6.216087565E-2,-4.863592982E-2,1.596544683E-1
9.231816042E0,1.065516099E-1,-4.724301398E-2,1.508735716E-1
9.241823042E0,1.343504936E-1,-5.623837560E-2,1.380219609E-1
9.251831042E0,1.411966234E-1,-6.707420200E-2,1.314961463E-1
9.261839042E0,1.263452321E-1,-5.761118606E-2,1.305310279E-1
9.271847042E0,1.044224277E-1,-4.883802682E-2,1.305957288E-1
9.281855042E0,9.163206816E-2,-3.866156191E-2,1.360219270E-1
9.291863042E0,7.993596792E-2,-3.554639220E-2,1.427507550E-1
9.301871042E0,6.454449147E-2,-3.197083250E-2,1.463990211E-1
9.311879042E0,3.638933226E-2,-2.232115716E-2,1.432716697E-1
9.321886042E0,4.113951698E-3,-8.887638338E-3,1.339420825E-1
9.331894042E0,-3.266308084E-2,-3.534220159E-4,1.224172562E-1
9.341902042E0,-6.525005400E-2,6.783583667E-3,1.120186746E-1
9.351910042E0,-9.166549146E-2,9.038424119E-3,1.138245612E-1
9.361918042E0,-1.160821468E-1,-3.871782217E-3,1.186462194E-1
9.371926042E0,-1.375056952E-1,-3.529442102E-2,1.093062460E-1
9.381934042E0,-1.520686597E-1,-5.963411555E-2,9.413234890E-2
9.391941042E0,-1.605125964E-1,-5.881629512E-2,8.168579638E-2
9.401949042E0,-1.526773125E-1,-1.928193495E-2,6.892818958E-2
9.411957042E0,-1.197408587E-1,2.464691922E-2,6.540865451E-2
9.421965042E0,-4.857134074E-2,2.613243088E-2,7.099383324E-2
9.431973042E0,2.907040715E-2,3.008300066E-2,8.677386492E-2
9.441981042E0,9.863777459E-2,2.503231540E-2,9.697030485E-2
9.451989042E0,1.459057033E-1,1.039018575E-2,1.047967151E-1
9.461997042E0,1.593794376E-1,-1.710153185E-3,1.070601419E-1
9.472004042E0,1.383041143E-1,-1.702970453E-2,9.490600973E-2
9.482012042E0,9.823045880E-2,-3.105790354E-2,7.131199539E-2
9.492020042E0,5.242584646E-2,-3.298122436E-2,4.800010473E-2
9.502028042E0,9.732445702E-3,-2.434219420E-2,2.726127207E-2
9.512036042E0,-1.243250165E-2,-1.069397666E-2,1.385828108E-2
9.522044042E0,-1.676306687E-2,-9.574592113E-4,1.905747107E-3
9.532052042E0,-3.469882766E-3,1.500516664E-3,-6.694387645E-3
9.542060042E0,2.089298144E-2,1.320351195E-2,-7.003047969E-3
9.552067042E0,4.560572654E-2,1.837630197E-2,2.074316144E-3
9.562075042E0,6.082009897E-2,2.598468587E-2,-1.220280305E-3
9.572083042E0,6.448115408E-2,4.174571112E-2,-1.993509755E-2
9.582091042E0,6.765777618E-2,2.246335894E-2,-3.043727390E-2
9.592099042E0,4.818971455E-2,1.834827475E-3,-5.771744624E-2
9.602107042E0,1.620089263E-2,1.701324806E-2,-9.024555981E-2
9.612115042E0,-2.972154180E-3,2.229992673E-2,-1.104479581E-1
9.622123042E0,-6.501109339E-3,1.979975030E-2,-1.266114712E-1
9.632130042E0,1.462819055E-2,2.015792020E-2,-1.243861392E-1
9.642138042E0,3.967974707E-2,2.446034923E-3,-1.153982356E-1
9.652146042E0,6.565771997E-2,-1.898760721E-2,-1.087048203E-1
9.662154042E0,8.268862963E-2,-3.250554577E-2,-1.020607725E-1
9.672162042E0,7.957544923E-2,-4.029063508E-2,-1.029656306E-1
9.682170042E0,5.692046508E-2,-3.541572019E-2,-1.086099297E-1
9.692178042E0,8.304305375E-3,-1.817293838E-2,-1.167309731E-1
9.702186042E0,-5.171961710E-2,1.476636995E-2,-1.283293068E-1
9.712193042E0,-9.590308368E-2,5.269192532E-2,-1.364128739E-1
9.722201042E0,-1.197817847E-1,7.504623383E-2,-1.385308802E-1
9.732209042E0,-1.073339880E-1,8.289425075E-2,-1.391790956E-1
9.742217042E0,-8.943195641E-2,9.430696070E-2,-1.320002824E-1
9.752225042E0,-8.043951541E-2,9.352350980E-2,-1.243597791E-1
9.762233042E0,-5.661247671E-2,7.377270609E-2,-1.029418409E-1
9.772241042E0,-3.360683843E-2,5.382716283E-2,-8.422087878E-2
9.782248042E0,-3.548489884E-2,5.967226997E-2,-6.266499311E-2
9.792256042E0,-4.480967671E-2,6.666071713E-2,-5.083007738E-2
9.802264042E0,-4.037258402E-2,5.337980017E-2,-4.490800574E-2
9.812272042E0,-1.933613606E-2,2.831819840E-2,-4.238634929E-2
9.822280042E0,5.354562774E-3,-6.082570180E-4,-4.136981815E-2
9.832288042E0,9.565261193E-3,-2.733593993E-2,-3.519039974E-2
9.842296042E0,-2.108026668E-2,-2.208605036E-2,-3.100257739E-2
9.852304042E0,-7.985619456E-2,1.760764420E-2,-3.749643639E-2
9.862311583E0,-1.389448196E-1,6.789025664E-2,-6.245478243E-2
9.872319583E0,-1.488411129E-1,9.234877676E-2,-1.013664007E-1
9.882327583E0,-1.109294072E-1,7.180888206E-2,-1.280547380E-1
9.892335583E0,-7.372460514E-2,6.738462299E-2,-1.208320633E-1
9.902343583E0,-4.075599834E-2,9.358081222E-2,-8.386738598E-2
9.912351583E0,-2.186156064E-2,1.301131397E-1,-3.536510095E-2
9.922359583E0,-1.889639720E-2,1.746102870E-1,7.546946406E-3
9.932367583E0,-3.351627663E-2,2.063204348E-1,3.525979072E-2
9.942374583E0,-5.402261764E-2,2.009634823E-1,3.475751728E-2
9.952382583E0,-7.862621546E-2,1.679259688E-1,1.835041121E-2
9.962390583E0,-9.060271829E-2,1.090538651E-1,2.408994362E-3
9.972398583E0,-9.067361057E-2,3.943391144E-2,-2.122052386E-2
9.982406583E0,-6.806524098E-2,-1.525090635E-2,-3.177383170E-2
9.992414583E0,-3.488534316E-2,-4.947492853E-2,-2.499644086E-2
1.000242258E1,-2.820620313E-3,-5.540898442E-2,-9.554367512E-3
1.001242958E1,2.135271393E-2,-5.912467837E-2,3.393206280E-3
1.002243758E1,4.709216207E-2,-6.529362500E-2,4.339427687E-3
1.003244558E1,7.380446047E-2,-7.369631529E-2,2.307087649E-3
1.004245358E1,9.957027435E-2,-8.223333955E-2,-1.063773967E-2
1.005246158E1,1.184187233E-1,-1.092059016E-1,-2.710166946E-2
1.006246958E1,1.281344593E-1,-1.429878324E-1,-4.487107694E-2
1.007247758E1,1.281777918E-1,-1.754543781E-1,-6.106265262E-2
1.008248558E1,1.124606133E-1,-2.089694589E-1,-7.302157581E-2
1.009249258E1,8.912782371E-2,-2.285426110E-1,-8.674671501E-2
1.010250058E1,6.899005920E-2,-2.193488479E-1,-9.281259775E-2
1.011250858E1,5.804559961E-2,-1.900469810E-1,-8.387004584E-2
1.012251658E1,6.009090692E-2,-1.609937549E-1,-7.313697785E-2
1.013252458E1,6.958097965E-2,-1.064798981E-1,-5.458078533E-2
1.014253258E1,7.424844056E-2,-3.599108383E-2,-2.516324073E-2
1.015254058E1,9.658879042E-2,-1.129025780E-2,-1.980753802E-2
1.016254758E1,9.154423326E-2,-3.609387577E-2,-2.664014511E-2
1.017255558E1,4.358000308E-2,-3.070710599E-2,-3.413090482E-2
1.018256358E1,-5.932420958E-3,-3.053213656E-2,-5.319514126E-2
1.019257158E1,-4.489848763E-2,-4.931001738E-2,-6.856788695E-2
1.020257958E1,-3.126842901E-2,-6.664825976E-2,-7.691263407E-2
1.021258758E1,-3.251663223E-2,-8.876150846E-2,-5.806188658E-2
1.022259558E1,-4.006376490E-2,-7.211542130E-2,-3.845329583E-2
1.023260358E1,-4.147988930E-2,-5.158222094E-2,-3.003079258E-2
1.024261058E1,-4.666879401E-2,-1.298316009E-2,-2.019680291E-2
1.025261858E1,-4.838794097E-2,2.872427553E-2,-9.241626598E-3
1.026262658E1,-4.886331409E-2,4.933341220E-2,-3.104904434E-3
1.027263458E1,-4.490653053E-2,4.235798866E-2,-3.418733831E-5
1.028264258E1,-4.594942555E-2,1.757008396E-2,5.619703326E-3
1.029265058E1,-4.769133776E-2,-9.172836319E-3,1.010889933E-2
1.030265858E1,-4.021025077E-2,-3.568939865E-2,2.078418061E-2
1.031266658E1,-2.006306686E-2,-6.659459323E-2,2.427603118E-2
1.032267358E1,2.020792291E-2,-7.626985759E-2,2.964150161E-2
1.033268158E1,5.538877472E-2,-8.185821772E-2,3.298136592E-2
1.034268958E1,7.967040688E-2,-8.010399342E-2,3.459710255E-2
1.035269758E1,8.683606237E-2,-6.554782391E-2,4.155488312E-2
1.036270558E1,9.378185868E-2,-5.856661499E-2,4.674192145E-2
1.037271358E1,9.546662122E-2,-8.033356071E-2,4.301811382E-2
1.038272158E1,8.683531731E-2,-9.713438153E-2,3.590374440E-2
1.039272858E1,7.931697369E-2,-1.010434404E-1,2.073402517E-2
1.040273658E1,6.453482807E-2,-9.672699124E-2,5.068513099E-3
1.041274458E1,5.413899198E-2,-8.767697215E-2,-1.263085287E-2
1.042275258E1,3.939919546E-2,-8.316398412E-2,-2.800261974E-2
1.043276058E1,1.799506322E-2,-7.824005187E-2,-3.961853683E-2
1.044276858E1,7.612730376E-3,-5.946929380E-2,-5.388322473E-2
1.045277658E1,2.392964903E-3,-4.051067680E-2,-6.311408430E-2
1.046278458E1,6.865477655E-3,-1.194108091E-2,-6.285335869E-2
1.047279158E1,2.063557506E-2,-6.783584598E-3,-5.797206238E-2
1.048279958E1,3.355776519E-2,-2.236068062E-2,-4.930906370E-2
1.049280758E1,2.996423468E-2,-2.860918455E-2,-3.418453038E-2
1.050281558E1,1.948682591E-2,-1.953739300E-2,-2.208419330E-2
1.051282358E1,1.712810434E-2,-1.285891794E-2,-1.211891789E-2
1.052283158E1,1.478212513E-2,-8.773095906E-3,-4.881777801E-3
1.053283958E1,8.592290804E-3,7.089572027E-4,-3.533147508E-3
1.054284658E1,-1.587908482E-3,8.554629982E-3,-7.983023301E-3
1.055285458E1,-1.810176484E-2,1.022476424E-2,-1.678726077E-2
1.056286258E1,-4.189630598E-2,1.179017033E-2,-2.753284946E-2
1.057287058E1,-6.660005450E-2,1.113441959E-2,-3.796177357E-2
1.058287858E1,-8.362910897E-2,6.340196356E-3,-4.249047861E-2
1.059288658E1,-8.374245465E-2,-8.147940040E-3,-4.151052237E-2
1.060289458E1,-7.088311017E-2,-2.135508880E-2,-2.896383591E-2
1.061290158E1,-4.620686546E-2,-1.987827942E-2,2.409879584E-3
1.062290958E1,4.788942169E-3,-2.866325155E-2,3.201597556E-2
1.063291758E1,6.377293169E-2,-6.119822338E-2,5.858472735E-2
1.064292558E1,9.271989763E-2,-9.198622406E-2,9.494353086E-2
1.065293358E1,1.085842624E-1,-1.028169692E-1,1.232949346E-1
1.066294158E1,1.151055396E-1,-1.205576137E-1,1.402866989E-1
1.067294958E1,1.225909591E-1,-1.511092186E-1,1.428014338E-1
1.068295658E1,1.251321435E-1,-1.751996428E-1,1.360673606E-1
1.069296458E1,1.165446043E-1,-1.743498743E-1,1.281714588E-1
1.070297258E1,9.618953615E-2,-1.520600170E-1,1.128444225E-1
1.071298058E1,7.043758035E-2,-1.315479428E-1,9.542716295E-2
1.072298858E1,6.750383973E-2,-1.093292013E-1,8.459182829E-2
1.073299658E1,9.092170000E-2,-9.549867362E-2,7.981916517E-2
1.074300458E1,1.244841889E-1,-9.870112687E-2,7.289228588E-2
1.075301258E1,1.620081365E-1,-1.198904887E-1,6.255105883E-2
1.076301958E1,1.772416830E-1,-1.431659758E-1,3.859779239E-2
1.077302758E1,1.690698713E-1,-1.391041279E-1,1.968233846E-2
1.078303558E1,1.381013095E-1,-1.295026392E-1,4.421626683E-3
1.079304358E1,9.913833439E-2,-1.021623015E-1,-1.870429143E-2
1.080305158E1,6.608238071E-2,-6.692148745E-2,-3.834883124E-2
1.081305958E1,3.539462388E-2,-3.591290861E-2,-5.594965443E-2
1.082306758E1,1.109381206E-2,1.922352239E-3,-6.732375175E-2
1.083307458E1,1.113221981E-3,4.554872960E-2,-7.168263197E-2
1.084308258E1,1.063136011E-2,5.801072717E-2,-7.931365818E-2
1.085309058E1,1.769132353E-2,3.606674820E-2,-8.018983901E-2
1.086309871E1,-4.778268631E-4,2.434883825E-2,-8.467806876E-2
1.087310671E1,-3.142429143E-2,3.211621195E-2,-9.384732693E-2
1.088311471E1,-6.828137487E-2,3.488750011E-2,-1.026008725E-1
1.089312271E1,-9.616183490E-2,3.468116745E-2,-1.080953181E-1
1.090313071E1,-1.158143654E-1,3.400658816E-2,-1.020720527E-1
1.091313771E1,-1.305814236E-1,3.538397700E-2,-8.988294005E-2
1.092314571E1,-1.410401911E-1,4.074465483E-2,-7.596020401E-2
1.093315371E1,-1.478187293E-1,4.654507339E-2,-6.677246839E-2
1.094316171E1,-1.371282637E-1,5.488715693E-2,-5.692756176E-2
1.095316971E1,-1.091867015E-1,6.085111946E-2,-4.284362122E-2
1.096317771E1,-8.139421791E-2,6.445065141E-2,-3.331429884E-2
1.097318571E1,-5.658085272E-2,5.005466565E-2,-2.710744925E-2
1.098319271E1,-3.697891906E-2,2.789317444E-2,-1.101796143E-2
1.099320071E1,-3.047447652E-2,1.370204706E-2,1.995917875E-3
1.100320871E1,-2.071771957E-2,9.014351293E-3,5.158421118E-3
1.101321671E1,-3.822376253E-3,-8.959716186E-3,8.001798764E-3
1.102322471E1,1.020396035E-2,-2.929454669E-2,1.912555657E-2
1.103323271E1,8.471397683E-3,-1.073139161E-2,4.343552515E-2
1.104324071E1,4.586111754E-3,1.859826781E-2,5.960357562E-2
1.105324771E1,1.557109645E-3,2.411986142E-2,5.819636211E-2
1.106325571E1,2.553967386E-2,1.279610116E-2,3.905356303E-2
1.107326371E1,4.815327004E-2,-2.435259148E-2,2.318440191E-2
1.108327171E1,4.823156819E-2,-4.674099013E-2,1.696831733E-2
1.109327971E1,2.991363406E-2,-3.677710146E-2,1.798236859E-3
1.110328771E1,8.781185374E-3,-1.816373505E-2,-1.372213382E-2
1.111329571E1,2.754883142E-3,-7.841853425E-3,-2.879261039E-2
1.112330271E1,-6.310599274E-4,-6.728386506E-3,-4.025565088E-2
1.113331071E1,-1.292800345E-2,-7.466617972E-3,-4.893160239E-2
1.114331871E1,-3.032803163E-2,3.739949316E-4,-6.402347237E-2
1.115332671E1,-4.335035756E-2,-2.060416155E-4,-8.491677046E-2
1.116333471E1,-4.998056218E-2,3.846473992E-4,-1.057805046E-1
1.117334271E1,-4.860240594E-2,-7.362090982E-4,-1.273671985E-1
1.118335071E1,-4.674378410E-2,-5.456928164E-3,-1.430846453E-1
1.119335871E1,-4.238149896E-2,9.023658931E-4,-1.466531008E-1
1.120336571E1,-2.789416909E-2,8.025789633E-3,-1.359125674E-1
1.121337371E1,-1.585839130E-2,8.674661629E-3,-1.189469099E-1
1.122338171E1,-9.132643463E-4,1.338100061E-2,-1.054734439E-1
1.123338971E1,1.341759693E-2,2.542382479E-2,-9.695870429E-2
1.124339771E1,2.384760045E-2,2.765741758E-2,-9.159084409E-2
1.125340571E1,1.974676549E-2,2.696978673E-2,-9.535086900E-2
1.126341371E1,8.140867576E-4,2.944732644E-2,-9.908621758E-2
1.127342071E1,-3.497817740E-2,3.367256373E-2,-1.003732234E-1
1.128342871E1,-7.570643723E-2,4.946191236E-2,-9.753935039E-2
1.129343671E1,-1.156418324E-1,9.141781926E-2,-9.412500262E-2
1.130344471E1,-1.417027265E-1,1.274988502E-1,-8.788308501E-2
1.131345271E1,-1.531307250E-1,1.803548783E-1,-8.051297069E-2
1.132346071E1,-1.514220387E-1,2.251732200E-1,-6.833886355E-2
1.133346871E1,-1.596352160E-1,2.315150648E-1,-5.668557063E-2
1.134347571E1,-1.614791900E-1,2.132902592E-1,-4.613226280E-2
1.135348371E1,-1.479174644E-1,1.635276973E-1,-4.621084780E-2
1.136349171E1,-1.113938019E-1,9.617581964E-2,-4.508965462E-2
1.137349971E1,-6.599048525E-2,1.510853507E-2,-3.900592774E-2
1.138350771E1,-1.427855436E-2,-5.209074169E-2,-2.125515789E-2
1.139351571E1,3.309771046E-2,-7.796075940E-2,2.983445302E-4
1.140352371E1,6.570757926E-2,-7.657910883E-2,1.249801833E-2
1.141353071E1,8.865239471E-2,-5.058525503E-2,2.198606543E-2
1.142353871E1,9.413424134E-2,-2.430704795E-2,2.401699126E-2
1.143354671E1,8.634699136E-2,-7.767491043E-3,1.695047319E-2
1.144355471E1,7.156404853E-2,-6.639376283E-3,5.061591044E-3
1.145356271E1,6.074638292E-2,-1.988839731E-2,-2.807433950E-3
1.146357071E1,5.021251366E-2,-3.938699514E-2,-1.076629106E-2
1.147357871E1,3.571254015E-2,-5.534538999E-2,-2.227683365E-2
1.148358571E1,2.592675574E-2,-6.617885828E-2,-3.534629568E-2
1.149359371E1,1.424911153E-2,-7.052128017E-2,-4.126561433E-2
1.150360171E1,-4.428436048E-3,-6.859288365E-2,-4.467632622E-2
1.151360971E1,-2.839963697E-2,-5.008784682E-2,-4.613688216E-2
1.152361771E1,-5.733461678E-2,-3.226783872E-2,-4.732412100E-2
1.153362571E1,-8.020778000E-2,-1.908472180E-2,-4.304682091E-2
1.154363371E1,-9.076402336E-2,-9.476570413E-3,-3.729945421E-2
1.155364171E1,-8.660512418E-2,6.526628509E-3,-2.540559508E-2
1.156364871E1,-6.785460562E-2,1.820778474E-2,-1.766831242E-2
1.157365671E1,-4.611192644E-2,-4.561841488E-4,-1.752352156E-2
1.158366471E1,-3.441798687E-2,-1.083825156E-2,-2.644697577E-2
1.159367271E1,-3.217024356E-2,-5.821048282E-3,-2.994238213E-2
1.160368071E1,-3.437613696E-2,-2.235634252E-3,-3.471237049E-2
1.161368871E1,-2.954023145E-2,2.020556107E-2,-3.423016146E-2
1.162369671E1,-1.561988797E-2,4.370209575E-2,-2.826095559E-2
1.163370371E1,5.907558370E-3,7.232908159E-2,-2.849389054E-2
1.164371171E1,2.392517403E-2,9.490230680E-2,-2.764673904E-2
1.165371971E1,4.246225953E-2,1.054235175E-1,-3.775342926E-2
1.166372771E1,7.414322346E-2,1.298963726E-1,-7.676394284E-2
1.167373571E1,1.076861918E-1,1.833360940E-1,-1.403756887E-1
1.168374371E1,1.332259029E-1,2.760215700E-1,-1.920439303E-1
1.169375171E1,1.221614629E-1,3.711757064E-1,-2.273843586E-1
1.170375871E1,7.607758790E-2,4.710884690E-1,-2.354659885E-1
1.171376671E1,8.820397779E-4,5.547548532E-1,-2.098918408E-1
1.172377471E1,-8.125570416E-2,5.830479860E-1,-1.752153635E-1
1.173378271E1,-1.473415941E-1,5.869411230E-1,-1.504375488E-1
1.174379071E1,-1.901401877E-1,5.621085167E-1,-1.370101571E-1
1.175379871E1,-1.967745274E-1,4.932103753E-1,-1.441670656E-1
1.176380671E1,-1.738505661E-1,4.232698977E-1,-1.825211197E-1
1.177381371E1,-1.417417526E-1,3.661024570E-1,-2.109880596E-1
1.178382171E1,-1.241758019E-1,3.112179041E-1,-2.208292484E-1
1.179382971E1,-1.211611107E-1,2.739239037E-1,-2.234046012E-1
1.180383771E1,-1.256304383E-1,2.559816539E-1,-2.145748883E-1
1.181384571E1,-1.402663141E-1,2.487704903E-1,-1.953160167E-1
1.182385371E1,-1.530233920E-1,2.385759056E-1,-1.816332191E-1
1.183386171E1,-1.540132165E-1,2.319044173E-1,-1.704942584E-1
1.184386871E1,-1.507900059E-1,2.200709283E-1,-1.530375034E-1
1.185387671E1,-1.607097238E-1,1.802226454E-1,-1.309327632E-1
1.186388417E1,-1.629185528E-1,1.316362023E-1,-1.030270830E-1
1.187389217E1,-1.713907123E-1,7.888998091E-2,-6.794853508E-2
1.188390017E1,-1.814161688E-1,2.570771426E-2,-4.274624959E-2
1.189390817E1,-1.766133606E-1,-3.928700462E-4,-3.575048596E-2
1.190391617E1,-1.603925824E-1,1.445292123E-2,-4.176976159E-2
1.191392317E1,-1.546994001E-1,3.325351700E-2,-4.614194855E-2
1.192393117E1,-1.589806974E-1,5.465388298E-2,-4.043745995E-2
1.193393917E1,-1.694919914E-1,6.134433299E-2,-1.512856223E-2
1.194394717E1,-1.737202853E-1,4.813798517E-2,9.991439059E-3
1.195395517E1,-1.584724784E-1,3.051990271E-2,2.324947529E-2
1.196396317E1,-1.238734871E-1,1.026869379E-2,1.896711253E-2
1.197397117E1,-8.085460961E-2,-1.036613248E-3,2.288647927E-2
1.198397817E1,-4.249151424E-2,-7.095038891E-3,3.482995927E-2
1.199398617E1,-1.597741619E-2,-4.992752802E-3,5.458979309E-2
1.200399417E1,5.806175061E-3,-4.781619646E-4,7.284096628E-2
1.201400217E1,2.556269243E-2,7.841494866E-3,8.749457449E-2
1.202401017E1,4.665785655E-2,2.994333394E-2,8.982963115E-2
1.203401817E1,5.760929361E-2,5.227381364E-2,8.491442353E-2
1.204402617E1,5.643749982E-2,7.276337594E-2,8.357085288E-2
1.205403317E1,3.729318082E-2,8.290742338E-2,8.803831041E-2
1.206404117E1,7.466040552E-3,6.849998981E-2,8.693869412E-2
1.207404917E1,-1.497054473E-2,5.116073787E-2,8.078794926E-2
1.208405717E1,-3.176390752E-2,2.579546161E-2,6.931452453E-2
1.209406517E1,-4.545426741E-2,-6.828588434E-3,5.051312968E-2
1.210407317E1,-5.835035816E-2,-2.631387115E-2,3.673899174E-2
1.211408117E1,-5.825963244E-2,-3.413284570E-2,2.192294598E-2
1.212408817E1,-5.130292475E-2,-2.862383239E-2,1.312545966E-2
1.213409617E1,-5.928191915E-2,-2.345170826E-2,1.049390435E-2
1.214410417E1,-8.175554127E-2,-1.481268089E-2,3.845056985E-3
1.215411217E1,-1.021690145E-1,1.614629757E-3,1.613493543E-3
1.216412017E1,-1.160717830E-1,5.206168629E-3,-2.272833372E-4
1.217412817E1,-1.169859469E-1,5.517228041E-3,-7.477291860E-3
1.218413617E1,-1.044858694E-1,1.913438551E-3,-1.656420762E-3
1.219414417E1,-9.356136620E-2,-1.468271669E-2,1.970980316E-3
1.220415117E1,-8.220538497E-2,-2.957857400E-2,1.660189591E-3
1.221415917E1,-6.402021646E-2,-3.023850918E-2,4.824301228E-3
1.222416717E1,-4.484625533E-2,-2.718306705E-2,9.283497930E-3
1.223417517E1,-1.686097868E-2,-1.385488175E-2,1.759050041E-2
1.224418317E1,7.718132809E-3,-5.752748344E-3,2.840453200E-2
1.225419117E1,2.077954076E-2,-9.127869271E-4,3.252029419E-2
1.226419817E1,2.252683975E-2,8.105741814E-3,3.121560998E-2
1.227420617E1,1.078140922E-2,-1.442877110E-3,3.259742260E-2
1.228421417E1,4.765861202E-3,5.124744494E-3,3.435724229E-2
1.229422217E1,5.279103294E-3,1.940448210E-2,4.713677615E-2
1.230423017E1,1.284647454E-2,2.740967646E-2,6.438473612E-2
1.231423817E1,2.428073250E-2,2.596977167E-2,7.651632279E-2
1.232424617E1,4.647897556E-2,1.602819189E-2,8.319819719E-2
1.233425417E1,5.964367092E-2,6.803459022E-3,8.018348366E-2
1.234426117E1,5.697225407E-2,-7.610367611E-3,6.991220266E-2
1.235426917E1,4.668825492E-2,-1.128425542E-2,5.739740282E-2
1.236427717E1,3.603880480E-2,-2.393292263E-3,4.987397417E-2
1.237428517E1,2.325686067E-2,1.087590680E-2,4.875393212E-2
1.238429317E1,1.463913918E-2,1.174702682E-2,5.774130300E-2
1.239430117E1,1.692425646E-2,1.021910552E-2,6.790454686E-2
1.240430817E1,4.015421495E-2,9.331474081E-3,6.792505831E-2
1.241431617E1,6.590697169E-2,6.406452041E-3,5.917913839E-2
1.242432417E1,9.141845256E-2,8.631789126E-3,4.013167694E-2
1.243433217E1,1.015347466E-1,2.430323325E-2,3.410077840E-2
1.244434017E1,9.418575466E-2,3.528238088E-2,3.358385712E-2
1.245434817E1,7.982265204E-2,3.897927701E-2,2.651234157E-2
1.246435617E1,6.780487299E-2,4.121686518E-2,1.581442356E-2
1.247436417E1,4.766472057E-2,2.757858671E-2,-5.945230369E-4
1.248437117E1,2.566434629E-2,1.207526028E-2,-1.548186038E-2
1.249437917E1,3.026094288E-3,-2.071050927E-3,-2.152812481E-2
1.250438717E1,-1.288682595E-2,-8.431478404E-3,-2.107618749E-2
1.251439517E1,-1.952466555E-2,-7.602768950E-3,-1.986090280E-2
1.252440317E1,-2.878394350E-2,4.992650822E-3,-1.958766207E-2
1.253441117E1,-2.466674708E-2,2.005296014E-2,-2.930802479E-2
1.254441817E1,-1.578856818E-2,3.734939173E-2,-3.404978290E-2
1.255442617E1,-4.166697618E-3,5.208945647E-2,-3.089482151E-2
1.256443417E1,5.467553623E-3,5.575529858E-2,-3.020879254E-2
1.257444217E1,1.456907298E-2,5.812923610E-2,-1.839492284E-2
1.258445017E1,2.285789512E-2,5.742989480E-2,-3.686817363E-3
1.259445817E1,2.444503829E-2,5.012663454E-2,1.009168196E-2
1.260446617E1,2.115470171E-2,3.325311095E-2,2.374890447E-2
1.261447317E1,1.524955966E-2,4.623004235E-3,3.513151035E-2
1.262448117E1,1.442185044E-2,-2.859913185E-2,3.637786955E-2
1.263448917E1,2.035974897E-2,-5.032293871E-2,2.781793103E-2
1.264449717E1,2.520004474E-2,-6.028715894E-2,2.736492641E-2
1.265450517E1,1.570645906E-2,-5.405655503E-2,3.296537697E-2
1.266451317E1,2.796518849E-3,-3.604719415E-2,4.269177467E-2
1.267452117E1,2.525092801E-3,-1.687869430E-2,5.869861320E-2
1.268452817E1,1.331781968E-2,-3.451037221E-3,6.754989922E-2
1.269453617E1,2.449949086E-2,-1.085947268E-3,7.197882235E-2
1.270454417E1,2.716425061E-2,-1.055242028E-2,5.969286710E-2
1.271455217E1,3.256879747E-2,-1.277835853E-2,4.422628880E-2
1.272456017E1,2.987394296E-2,-1.434323192E-2,3.515582904E-2
1.273456817E1,1.379657723E-2,-1.728496142E-2,3.017777391E-2
1.274457617E1,-9.388636798E-3,-9.417185560E-3,3.551581129E-2
1.275458317E1,-2.281299606E-2,-6.343498826E-4,4.063272476E-2
1.276459117E1,-1.533883438E-2,-2.955561038E-3,3.732774407E-2
1.277459917E1,9.216402657E-3,-3.882610705E-3,3.213171288E-2
1.278460717E1,2.393489331E-2,-3.611500841E-3,3.093142807E-2
1.279461517E1,2.571384236E-2,3.765931353E-3,3.225768730E-2
1.280462317E1,2.235480025E-2,1.206806954E-2,3.503083810E-2
1.281463117E1,2.305698395E-2,1.530201547E-2,4.017359018E-2
1.282463817E1,2.444928512E-2,1.009180583E-2,4.106707871E-2
1.283464617E1,2.710994147E-2,-2.290904988E-3,3.854691610E-2
1.284465417E1,2.219987102E-2,-1.522507891E-2,3.579267487E-2
1.285466217E1,1.703763194E-2,-1.912260428E-2,2.914250456E-2
1.286467079E1,1.268629264E-2,-2.656187862E-2,2.481433563E-2
1.287467879E1,1.408374310E-2,-2.831517719E-2,2.427967265E-2
1.288468679E1,1.442968752E-2,-4.092130810E-3,3.788842633E-2
1.289469379E1,6.169842556E-3,2.769017033E-2,5.281242356E-2
1.290470179E1,1.178058982E-2,5.777057260E-2,5.386091024E-2
1.291470979E1,1.994439773E-2,5.997001380E-2,4.110275954E-2
1.292471779E1,1.113945339E-2,4.816129059E-2,2.498344332E-2
1.293472579E1,-2.476945333E-2,4.493853077E-2,3.942155745E-3
1.294473379E1,-6.626150012E-2,6.200539693E-2,-1.200272143E-2
1.295474179E1,-1.074428335E-1,7.908585668E-2,-2.687664703E-2
1.296474879E1,-1.358374506E-1,9.035981447E-2,-3.289379179E-2
1.297475679E1,-1.576620638E-1,9.014268219E-2,-3.374610469E-2
1.298476479E1,-1.684990078E-1,8.294309676E-2,-3.175033256E-2
1.299477279E1,-1.705201119E-1,6.605673581E-2,-3.185418621E-2
1.300478079E1,-1.672281921E-1,5.350792035E-2,-2.824640088E-2
1.301478879E1,-1.594699174E-1,3.374194354E-2,-2.505636960E-2
1.302479679E1,-1.465879530E-1,1.679651439E-2,-2.769130096E-2
1.303480379E1,-1.223655567E-1,2.166137658E-2,-2.743972652E-2
1.304481179E1,-1.047924235E-1,2.692085132E-2,-1.465175953E-2
1.305481979E1,-8.987354487E-2,3.171999753E-2,-1.012306008E-2
1.306482779E1,-6.427124143E-2,1.699325070E-2,-8.878032677E-3
1.307483579E1,-4.188575968E-2,-9.035035037E-3,2.790686674E-3
1.308484379E1,-3.606355935E-2,-1.181803923E-2,2.510291524E-2
1.309485179E1,-3.251411766E-2,-2.485109493E-3,4.229061306E-2
1.310485879E1,-1.945557445E-2,8.250625804E-3,5.230409652E-2
1.311486679E1,8.675306104E-3,1.105021127E-2,4.462505877E-2
1.312487479E1,4.084975272E-2,-9.241478518E-3,3.204135597E-2
1.313488279E1,4.800575227E-2,-1.483267359E-2,4.177625477E-2
1.314489079E1,4.349462315E-2,-3.796000965E-3,4.944269732E-2
1.315489879E1,3.256767988E-2,-1.121037640E-3,5.447164550E-2
1.316490679E1,2.238002419E-2,5.011955742E-3,6.686546654E-2
1.317491379E1,1.003496535E-2,1.786801964E-3,7.814093679E-2
1.318492179E1,4.178408533E-3,-1.107413508E-2,8.957974613E-2
1.319492979E1,6.463983096E-3,-4.383461177E-2,8.882723004E-2
1.320493779E1,2.729869261E-2,-4.790072516E-2,8.831457049E-2
1.321494579E1,5.046080798E-2,-3.395607695E-2,9.730273485E-2
1.322495379E1,7.270992547E-2,-2.220754325E-2,1.108526289E-1
1.323496179E1,9.142404795E-2,-3.053744882E-2,1.150117740E-1
1.324496879E1,1.124534309E-1,-5.595172942E-2,1.123893633E-1
1.325497679E1,1.328223050E-1,-6.859921664E-2,9.535463154E-2
1.326498479E1,1.584943682E-1,-9.329976887E-2,7.048469782E-2
1.327499279E1,1.662520319E-1,-1.020115018E-1,5.570860580E-2
1.328500079E1,1.471976489E-1,-7.831335813E-2,4.962275177E-2
1.329500879E1,1.210421622E-1,-4.817289859E-2,3.831700608E-2
1.330501679E1,1.022072211E-1,-2.532457374E-2,3.492094576E-2
1.331502379E1,9.037258476E-2,-1.307736896E-2,2.896761335E-2
1.332503179E1,8.396075666E-2,-1.754136011E-2,2.573134005E-2
1.333503979E1,7.712905109E-2,-2.928855829E-2,1.746746711E-2
1.334504779E1,6.948790699E-2,-3.338529915E-2,8.826307952E-3
1.335505579E1,6.815153360E-2,-3.543912992E-2,6.097101141E-3
1.336506379E1,7.090976834E-2,-3.334881365E-2,1.064684521E-2
1.337507179E1,8.331935108E-2,-2.350270748E-2,2.020102553E-2
1.338507879E1,1.009558663E-1,-3.213947173E-3,3.231494501E-2
1.339508679E1,1.215195879E-1,2.035915107E-2,4.555378109E-2
1.340509479E1,1.423857063E-1,4.666132852E-2,5.159063637E-2
1.341510279E1,1.579715163E-1,7.450531423E-2,5.314235389E-2
1.342511079E1,1.572524607E-1,1.065380797E-1,5.248108879E-2
1.343511879E1,1.286848038E-1,1.197916046E-1,5.503615364E-2
1.344512679E1,8.936828375E-2,1.310567856E-1,5.418847129E-2
1.345513379E1,5.418762565E-2,1.315419078E-1,5.742809176E-2
1.346514179E1,2.303130552E-2,1.261077225E-1,5.735032633E-2
1.347514979E1,4.059961066E-5,1.195196062E-1,5.749698356E-2
1.348515779E1,-2.017092891E-2,1.023331583E-1,5.154055730E-2
1.349516579E1,-4.262467101E-2,6.889716536E-2,4.070690274E-2
1.350517379E1,-6.472677737E-2,3.082594648E-2,2.353191189E-2
1.351518079E1,-7.448793203E-2,-1.080356352E-2,6.271643098E-3
1.352518879E1,-7.102715224E-2,-4.242993146E-2,-8.115552366E-3
1.353519679E1,-6.007082388E-2,-3.951409459E-2,-1.690150239E-2
1.354520479E1,-4.377361014E-2,-1.475655288E-2,-1.904534735E-2
1.355521279E1,-1.651748642E-2,1.594989561E-3,-1.745357551E-2
1.356522079E1,5.822172388E-3,1.404100657E-2,-1.520906389E-2
1.357522879E1,1.240373123E-2,3.026598319E-2,1.424590242E-3
1.358523579E1,9.065989289E-4,4.604148492E-2,2.010000870E-2
1.359524379E1,-1.548624784E-2,5.738848075E-2,3.018096089E-2
1.360525179E1,-2.242724411E-2,5.765240267E-2,2.953327820E-2
1.361525979E1,-1.355071273E-2,5.531960726E-2,2.404308133E-2
1.362526779E1,-9.445982054E-3,6.086510420E-2,2.324999124E-2
1.363527579E1,-1.034727134E-2,6.232205406E-2,1.644108444E-2
1.364528379E1,-1.030279696E-2,6.019125879E-2,1.489005890E-2
1.365529079E1,-6.079344545E-3,5.200101808E-2,1.788166352E-2
1.366529879E1,6.060675252E-3,2.577207610E-2,1.080191694E-2
1.367530679E1,2.040120400E-2,-4.246453289E-3,9.853761643E-3
1.368531479E1,2.126167156E-2,-1.843684167E-2,1.065883506E-2
1.369532279E1,8.133136667E-3,-1.175670046E-2,1.529895142E-2
1.370533079E1,5.994618405E-3,-1.581668854E-2,5.702516530E-3
1.371533879E1,1.888416708E-2,-3.682756796E-2,3.360793693E-3
1.372534579E1,3.953138739E-2,-3.601370752E-2,1.870754873E-3
1.373535379E1,5.726670101E-2,-2.249034680E-2,-2.281314228E-3
1.374536179E1,6.517362595E-2,-6.178218406E-3,-3.825414926E-3
1.375536979E1,5.693582073E-2,1.034160424E-2,-5.986401811E-5
1.376537779E1,3.522945940E-2,2.681219019E-2,-1.951240934E-3
1.377538579E1,4.522197414E-3,4.006661102E-2,-5.930977874E-3
1.378539379E1,-2.389080264E-2,4.200725630E-2,-1.389303058E-2
1.379540079E1,-4.620606080E-2,3.938670456E-2,-2.686866559E-2
1.380540879E1,-6.199248135E-2,3.732275218E-2,-3.544830531E-2
1.381541679E1,-7.941245288E-2,2.956843376E-2,-3.277660906E-2
1.382542479E1,-9.340416640E-2,2.215472795E-2,-2.626917697E-2
1.383543279E1,-1.038199738E-1,1.558264531E-2,-1.641574502E-2
1.384544079E1,-1.061750129E-1,4.836257547E-3,-8.158347569E-3
1.385544779E1,-9.789346159E-2,-1.426593773E-2,-1.634503482E-3
1.386545558E1,-7.940233499E-2,-3.121775761E-2,3.517914098E-3
1.387546358E1,-5.741281435E-2,-5.136698484E-2,1.180530805E-2
1.388547158E1,-4.331803694E-2,-6.584233046E-2,2.423321456E-2
1.389547958E1,-3.801495209E-2,-7.240220904E-2,2.836786956E-2
1.390548758E1,-3.468759730E-2,-7.824438810E-2,2.202901430E-2
1.391549558E1,-2.550320700E-2,-6.861355901E-2,1.513789315E-2
1.392550258E1,-1.553446334E-2,-5.143909901E-2,1.045152824E-2
1.393551058E1,-1.338832453E-2,-3.325233608E-2,9.602279169E-4
1.394551858E1,-3.638491733E-3,-1.686617546E-2,-2.010261873E-3
1.395552658E1,5.649106111E-3,-2.686507069E-3,-7.504013833E-3
1.396553458E1,1.140419673E-2,1.450526342E-2,-1.791058294E-2
1.397554258E1,2.722862177E-3,3.704809397E-2,-2.855055220E-2
1.398555058E1,-1.982665434E-2,5.383958668E-2,-2.442771196E-2
1.399555758E1,-3.924518451E-2,5.909336731E-2,-1.825581864E-2
1.400556558E1,-4.507058114E-2,5.515961349E-2,-9.220511653E-3
1.401557358E1,-3.150954843E-2,3.691336513E-2,5.429180339E-3
1.402558158E1,-6.921380758E-3,1.603924111E-2,1.953381486E-2
1.403558958E1,1.763669401E-2,1.181465574E-3,2.825380303E-2
1.404559758E1,3.175118193E-2,-9.731104597E-3,4.003828764E-2
1.405560558E1,3.126463667E-2,-1.803099364E-2,4.500090331E-2
1.406561258E1,2.546826936E-2,-2.302415296E-2,3.643511236E-2
1.407562058E1,1.566874236E-2,-1.579545066E-2,2.805309370E-2
1.408562858E1,5.803328007E-3,-6.931978278E-4,1.912910677E-2
1.409563658E1,5.719164386E-3,2.236171067E-2,1.608687826E-2
1.410564458E1,1.601361297E-2,4.021288082E-2,1.949386112E-2
1.411565258E1,2.921453863E-2,5.260882527E-2,3.211865947E-2
1.412566058E1,3.486416489E-2,4.543879628E-2,4.888938367E-2
1.413566758E1,3.883610293E-2,3.044421412E-2,6.055107713E-2
1.414567558E1,4.830710217E-2,2.130717412E-2,6.801272184E-2
1.415568358E1,5.850325897E-2,2.688382380E-2,7.317874581E-2
1.416569158E1,6.773111224E-2,3.995355591E-2,7.782915980E-2
1.417569958E1,7.328816503E-2,4.636112228E-2,7.967092097E-2
1.418570758E1,7.227483392E-2,4.687777534E-2,7.258957624E-2
1.419571558E1,6.562520564E-2,3.504307196E-2,5.697180703E-2
1.420572258E1,6.356205046E-2,1.897222549E-2,4.155876487E-2
1.421573058E1,7.000264525E-2,6.875700783E-3,2.632611617E-2
1.422573858E1,6.627741456E-2,1.050985046E-2,1.159910113E-2
1.423574658E1,5.047903582E-2,2.230306156E-2,1.592185348E-3
1.424575458E1,2.046387829E-2,4.039870575E-2,-5.399677902E-3
1.425576258E1,-1.390874106E-2,5.953858048E-2,-9.277240373E-3
1.426576958E1,-4.745098948E-2,6.589048356E-2,-1.225092541E-2
1.427577758E1,-6.344405562E-2,5.948650092E-2,-5.997212138E-3
1.428578558E1,-5.729347840E-2,5.335989967E-2,-1.593941939E-3
1.429579358E1,-3.019685671E-2,3.753186762E-2,-1.665668562E-3
1.430580158E1,-9.388374165E-4,2.425627783E-2,-3.678752109E-3
1.431580958E1,2.776107751E-2,2.618248947E-2,-6.255692337E-3
1.432581758E1,4.425296932E-2,3.552619368E-2,-6.091908086E-3
1.433582458E1,4.396612570E-2,4.865650088E-2,-6.193305831E-3
1.434583258E1,3.201066330E-2,4.881788790E-2,-5.720328074E-3
1.435584058E1,1.203857455E-2,4.294892401E-2,-8.620166220E-3
1.436584858E1,-3.000827972E-3,3.217750043E-2,-1.242795493E-2
1.437585658E1,-9.574986063E-3,2.212667651E-2,-1.938749850E-2
1.438586458E1,-5.358668510E-3,7.221763022E-3,-2.721905708E-2
1.439587258E1,5.380800460E-3,-1.592581719E-2,-3.288030624E-2
1.440587958E1,2.261731029E-2,-3.708676249E-2,-2.669085190E-2
1.441588758E1,3.522919491E-2,-5.876636505E-2,-1.708092541E-2
1.442589558E1,3.860714659E-2,-7.482176274E-2,-1.425531134E-2
1.443590358E1,3.761010990E-2,-7.205379754E-2,-2.097623982E-2
1.444591158E1,3.070985898E-2,-5.829511210E-2,-2.567219175E-2
1.445591958E1,2.245352417E-2,-3.506682068E-2,-3.610084578E-2
1.446592758E1,2.325380594E-2,-1.774429344E-2,-4.464879632E-2
1.447593458E1,2.527812496E-2,-1.095702127E-2,-5.059236661E-2
1.448594258E1,2.075953968E-2,-9.490419179E-3,-5.556581914E-2
1.449595058E1,1.621345058E-2,-8.926964365E-3,-5.396446213E-2
1.450595858E1,2.177279815E-2,-9.326874278E-4,-5.199239030E-2
1.451596658E1,3.067789972E-2,-2.214265987E-3,-4.996315390E-2
1.452597458E1,3.865167126E-2,-1.307010930E-2,-5.078207329E-2
1.453598158E1,4.378808290E-2,-1.740034297E-2,-5.884603411E-2
1.454598958E1,3.921224177E-2,-1.011100505E-2,-6.983530521E-2
1.455599758E1,2.458402514E-2,3.780126572E-3,-8.061491698E-2
1.456600558E1,1.092680171E-2,2.242145501E-2,-8.078775555E-2
1.457601358E1,3.774331883E-3,3.222240135E-2,-7.010233402E-2
1.458602158E1,1.297448762E-2,3.340564296E-2,-6.354909390E-2
1.459602958E1,2.991792746E-2,1.707280427E-2,-5.115856230E-2
1.460603658E1,4.741383344E-2,-4.801070318E-3,-3.360113874E-2
1.461604458E1,4.969228432E-2,-3.207411617E-2,-2.608490735E-2
1.462605258E1,2.716487087E-2,-5.601033941E-2,-2.691102028E-2
1.463606058E1,-1.926533179E-3,-6.906197220E-2,-4.322279990E-2
1.464606858E1,-2.332796156E-2,-7.483144104E-2,-5.781798810E-2
1.465607658E1,-2.656002715E-2,-7.052680850E-2,-6.803597510E-2
1.466608458E1,-1.586903445E-2,-5.066175759E-2,-7.215108722E-2
1.467609158E1,1.550685614E-3,-2.470966801E-2,-7.054726779E-2
1.468609958E1,1.618289202E-2,4.967001732E-3,-6.219718978E-2
1.469610758E1,3.646734729E-2,3.232027590E-2,-5.246359482E-2
1.470611558E1,4.617509991E-2,4.448772594E-2,-3.648595884E-2
1.471612358E1,4.790000618E-2,4.070769995E-2,-2.054472081E-2
1.472613158E1,4.394920543E-2,2.701159567E-2,-5.906921811E-3
1.473613958E1,4.116985202E-2,1.895936951E-2,2.506965538E-3
1.474614658E1,4.022576287E-2,2.249471657E-2,-5.085318116E-4
1.475615458E1,4.185934737E-2,3.350937366E-2,-1.523810904E-2
1.476616258E1,3.728137538E-2,4.584620148E-2,-2.891929820E-2
1.477617058E1,2.594281919E-2,6.331852823E-2,-3.257875517E-2
1.478617858E1,9.702331387E-3,7.064247876E-2,-2.995580807E-2
1.479618658E1,-2.458994277E-3,6.736519933E-2,-3.519025072E-2
1.480619458E1,-5.844138097E-3,4.946662486E-2,-5.000861362E-2
1.481620158E1,-4.518893082E-3,3.545435145E-2,-6.529309601E-2
1.482620958E1,-8.878754452E-3,1.890946366E-2,-7.539233565E-2
1.483621758E1,-1.327617560E-2,2.778163180E-4,-7.649029791E-2
1.484622558E1,-1.332544349E-2,-1.138043776E-2,-7.148595154E-2
1.485623358E1,-8.857917972E-3,-2.189878374E-2,-6.485201418E-2
1.486624092E1,5.004298291E-4,-3.077696264E-2,-5.969640240E-2
1.487624792E1,1.492753439E-2,-5.141136795E-2,-6.478345394E-2
1.488625592E1,2.550054900E-2,-7.836176455E-2,-6.823544949E-2
1.489626392E1,3.438794985E-2,-1.079159230E-1,-7.056616247E-2
1.490627192E1,4.252097756E-2,-1.237971559E-1,-6.979038566E-2
1.491627992E1,4.615704343E-2,-1.262532473E-1,-5.109490454E-2
1.492628792E1,4.828624055E-2,-1.352331638E-1,-4.001642019E-2
1.493629592E1,5.375416204E-2,-1.343174577E-1,-3.230933473E-2
1.494630292E1,7.092516124E-2,-1.351619512E-1,-2.770393156E-2
1.495631092E1,8.960023522E-2,-1.350205243E-1,-8.958108723E-3
1.496631892E1,1.021192297E-1,-1.447075009E-1,1.764900237E-2
1.497632692E1,1.035093218E-1,-1.673753262E-1,4.647478834E-2
1.498633492E1,9.386761487E-2,-2.052406818E-1,7.389229536E-2
1.499634292E1,8.026874065E-2,-2.648843825E-1,1.050525233E-1
1.500635092E1,7.229550928E-2,-3.290798664E-1,1.279330701E-1
1.501635792E1,8.944396675E-2,-3.906281888E-1,1.373861432E-1
1.502636592E1,1.392024606E-1,-4.411906898E-1,1.385009438E-1
1.503637392E1,2.055663764E-1,-4.612581730E-1,1.201886833E-1
1.504638192E1,2.711216807E-1,-4.403672814E-1,1.027734727E-1
1.505638992E1,3.101811111E-1,-3.951752186E-1,9.574051946E-2
1.506639792E1,3.162403405E-1,-3.398379087E-1,9.523159266E-2
1.507640492E1,2.980702221E-1,-2.841482759E-1,9.811118245E-2
1.508641292E1,2.749033868E-1,-2.323138416E-1,9.594602883E-2
1.509642092E1,2.546026707E-1,-1.987549663E-1,8.968608081E-2
1.510642892E1,2.441657186E-1,-1.828236729E-1,7.580675185E-2
1.511643692E1,2.290367484E-1,-1.570770442E-1,5.548478663E-2
1.512644492E1,2.010961920E-1,-1.517600417E-1,3.818995133E-2
1.513645292E1,1.617754251E-1,-1.389011443E-1,2.349126711E-2
1.514645992E1,1.131130755E-1,-1.218191013E-1,1.315154508E-2
1.515646792E1,5.700384825E-2,-1.070398539E-1,6.482350174E-3
1.516647592E1,3.541687038E-3,-8.774685115E-2,2.562176902E-3
1.517648392E1,-4.167546704E-2,-5.991225317E-2,1.062322874E-2
1.518649192E1,-8.363809437E-2,-2.028601430E-2,1.825398207E-2
1.519649992E1,-1.332041472E-1,9.012293071E-3,1.569407061E-2
1.520650792E1,-1.798853576E-1,2.328025177E-3,6.948782597E-3
1.521651492E1,-2.339526713E-1,-6.957953330E-3,-1.784764603E-2
1.522652292E1,-2.961329520E-1,-2.668824978E-2,-4.792539030E-2
1.523653092E1,-3.569524884E-1,-5.058401823E-2,-7.747681439E-2
1.524653892E1,-4.127587378E-1,-6.201776862E-2,-9.835573286E-2
1.525654692E1,-4.422915280E-1,-4.612473398E-2,-1.167738736E-1
1.526655492E1,-4.473715127E-1,-1.519637648E-2,-1.207944453E-1
1.527656192E1,-4.407356977E-1,2.576748468E-2,-1.078033820E-1
1.528656992E1,-4.338288009E-1,6.884624809E-2,-8.739397675E-2
1.529657792E1,-4.207243323E-1,1.212679297E-1,-6.497742236E-2
1.530658592E1,-4.088652730E-1,1.798641235E-1,-2.016148530E-2
1.531659392E1,-4.043428898E-1,2.048044205E-1,2.616152912E-2
1.532660192E1,-4.198129177E-1,1.868786961E-1,4.906018823E-2
1.533660992E1,-4.479030371E-1,1.558943540E-1,5.098627880E-2
1.534661692E1,-4.812814891E-1,1.170593277E-1,3.959726915E-2
1.535662492E1,-5.141731501E-1,8.585972339E-2,2.023403719E-2
1.536663292E1,-5.341572165E-1,9.703514725E-2,1.473248005E-2
1.537664092E1,-5.330662131E-1,1.538139284E-1,3.812807798E-2
1.538664892E1,-5.126786232E-1,2.371940464E-1,7.891199738E-2
1.539665692E1,-4.780581594E-1,3.223201036E-1,1.301880628E-1
1.540666492E1,-4.573041499E-1,3.714668751E-1,1.709892750E-1
1.541667192E1,-4.589720964E-1,3.491699398E-1,1.963346750E-1
1.542667992E1,-4.756852686E-1,2.643703520E-1,1.882602274E-1
1.543668792E1,-4.929310381E-1,1.282517463E-1,1.569885910E-1
1.544669592E1,-4.889911413E-1,-2.457002178E-2,1.101457104E-1
1.545670392E1,-4.576550424E-1,-1.852037162E-1,6.432144344E-2
1.546671192E1,-3.940984309E-1,-3.086444438E-1,2.737088501E-2
1.547671992E1,-2.999459803E-1,-3.779243827E-1,1.485312358E-2
1.548672692E1,-1.755337417E-1,-3.705242574E-1,1.542144269E-2
1.549673492E1,-4.048876092E-2,-2.738905847E-1,1.756528951E-2
1.550674292E1,7.812710106E-2,-1.091692746E-1,3.312800452E-2
1.551675092E1,1.605562419E-1,7.447862625E-2,5.151339248E-2
1.552675892E1,2.284711003E-1,2.054576874E-1,6.221796572E-2
1.553676692E1,2.608678937E-1,2.509134710E-1,8.099637181E-2
1.554677392E1,2.619142532E-1,2.566272616E-1,8.558499813E-2
1.555678192E1,2.405795306E-1,2.346133590E-1,8.489166945E-2
1.556678992E1,2.096011192E-1,1.948686093E-1,7.844069600E-2
1.557679792E1,1.762212217E-1,1.637137681E-1,7.874879986E-2
1.558680592E1,1.278409064E-1,1.299225092E-1,7.730031013E-2
1.559681392E1,7.617524266E-2,9.711125493E-2,7.030102611E-2
1.560682192E1,2.125740238E-2,7.642328739E-2,6.133336574E-2
1.561682892E1,-4.215788841E-2,5.711456016E-2,3.800415993E-2
1.562683692E1,-1.152411550E-1,2.858225256E-2,1.241570804E-2
1.563684492E1,-1.884494871E-1,-1.586536877E-2,-4.437162424E-4
1.564685292E1,-2.609841228E-1,-7.979001850E-2,-3.119660541E-3
1.565686092E1,-3.215160668E-1,-1.546292454E-1,-6.228374783E-3
1.566686892E1,-3.637972176E-1,-2.318449318E-1,-2.101371251E-2
1.567687692E1,-3.746343553E-1,-3.065913618E-1,-5.434806645E-2
1.568688392E1,-3.738085032E-1,-3.843218386E-1,-9.234178811E-2
1.569689192E1,-3.560206294E-1,-4.440473616E-1,-1.358145922E-1
1.570689992E1,-3.160268962E-1,-4.759797156E-1,-1.786347628E-1
1.571690792E1,-2.563551664E-1,-4.866640866E-1,-2.241981626E-1
1.572691592E1,-1.819768101E-1,-4.557210803E-1,-2.749662697E-1
1.573692392E1,-1.079190224E-1,-3.832167387E-1,-3.052719831E-1
1.574693092E1,-4.564526677E-2,-2.838552594E-1,-3.135951459E-1
1.575693892E1,7.126985118E-3,-1.768335998E-1,-2.973903418E-1
1.576694692E1,8.340577781E-2,-1.146107167E-1,-2.713624835E-1
1.577695492E1,1.969529986E-1,-1.007086113E-1,-2.552631199E-1
1.578696292E1,3.018636703E-1,-9.343099594E-2,-2.334545106E-1
1.579697092E1,3.902555704E-1,-6.455417722E-2,-2.028421015E-1
1.580697892E1,4.530627429E-1,-1.406623609E-2,-1.792211980E-1
1.581698592E1,4.627096951E-1,5.185968801E-2,-1.591832936E-1
1.582699392E1,4.141203165E-1,1.163665056E-1,-1.349623799E-1
1.583700192E1,3.368207216E-1,1.714272201E-1,-1.191691235E-1
1.584700992E1,2.484623492E-1,1.885425597E-1,-1.191925555E-1
1.585701792E1,1.743230224E-1,1.571671218E-1,-1.435403228E-1
1.586702642E1,1.257626712E-1,1.087593809E-1,-1.714145690E-1
1.587703442E1,8.698917925E-2,2.554864436E-2,-2.051043510E-1
1.588704142E1,4.765455425E-2,-6.330505759E-2,-2.362995595E-1
1.589704942E1,8.765041828E-3,-1.490195245E-1,-2.754793763E-1
1.590705742E1,-3.755052388E-2,-2.312994748E-1,-3.187507093E-1
1.591706542E1,-8.255155385E-2,-3.060945570E-1,-3.674995005E-1
1.592707342E1,-1.183777303E-1,-3.574157953E-1,-4.282046556E-1
1.593708142E1,-1.364228278E-1,-3.792454004E-1,-4.911254942E-1
1.594708842E1,-1.261401027E-1,-3.480475545E-1,-5.418448448E-1
1.595709642E1,-8.033401519E-2,-2.590621114E-1,-5.697718859E-1
1.596710442E1,8.661374450E-3,-1.067604572E-1,-5.689034462E-1
1.597711242E1,1.365285516E-1,7.712080330E-2,-5.300433040E-1
1.598712042E1,2.680990994E-1,2.382303178E-1,-4.614778459E-1
1.599712842E1,3.866777420E-1,3.450503051E-1,-3.878566027E-1
1.600713642E1,4.754150808E-1,3.795963228E-1,-3.240883052E-1
1.601714342E1,5.318406820E-1,3.337685466E-1,-2.770480812E-1
1.602715142E1,5.665531158E-1,2.285781801E-1,-2.457101047E-1
1.603715942E1,5.902337432E-1,8.676274866E-2,-2.335213572E-1
1.604716742E1,6.075195074E-1,-8.159404248E-2,-2.426740974E-1
1.605717542E1,6.133394837E-1,-2.456880063E-1,-2.645336092E-1
1.606718342E1,5.898615718E-1,-3.872488439E-1,-2.892943621E-1
1.607719142E1,5.361692309E-1,-4.895280600E-1,-3.148472905E-1
1.608719842E1,4.456955492E-1,-5.317913294E-1,-3.374519348E-1
1.609720642E1,3.237982392E-1,-5.408108830E-1,-3.624608815E-1
1.610721442E1,1.789337248E-1,-5.157998204E-1,-3.968217969E-1
1.611722242E1,2.187523805E-2,-4.676353633E-1,-4.360179007E-1
1.612723042E1,-1.263597757E-1,-3.995947838E-1,-4.700115621E-1
1.613723842E1,-2.614693344E-1,-3.226675093E-1,-5.000289083E-1
1.614724542E1,-3.521502316E-1,-2.415462881E-1,-5.139634013E-1
1.615725342E1,-4.007333517E-1,-1.449725479E-1,-5.041559935E-1
1.616726142E1,-4.160577357E-1,-4.877703637E-2,-4.777140319E-1
1.617726942E1,-4.008907378E-1,2.518600225E-2,-4.300292730E-1
1.618727742E1,-3.683309257E-1,6.709749997E-2,-3.744448423E-1
1.619728542E1,-3.285312653E-1,7.983805239E-2,-3.246241212E-1
1.620729342E1,-2.880780995E-1,6.572835892E-2,-2.779042721E-1
1.621730042E1,-2.557399571E-1,4.234244674E-2,-2.337036133E-1
1.622730842E1,-2.307690829E-1,3.293313552E-3,-1.999808103E-1
1.623731642E1,-2.098369747E-1,-4.879721627E-2,-1.686293483E-1
1.624732442E1,-2.018600106E-1,-8.762104064E-2,-1.303131282E-1
1.625733242E1,-2.078818530E-1,-1.100985557E-1,-9.885188192E-2
1.626734042E1,-2.269287705E-1,-1.195919216E-1,-8.493606746E-2
1.627734842E1,-2.558794618E-1,-1.051589027E-1,-9.341821820E-2
1.628735542E1,-2.912267745E-1,-6.393769383E-2,-1.147093922E-1
1.629736342E1,-3.440583050E-1,-7.244051900E-3,-1.431743354E-1
1.630737142E1,-4.064908028E-1,5.282754079E-2,-1.665819287E-1
1.631737942E1,-4.773842394E-1,1.248154417E-1,-1.823392212E-1
1.632738742E1,-5.456575751E-1,1.998033971E-1,-1.875683367E-1
1.633739542E1,-6.039766669E-1,2.615137696E-1,-1.853941232E-1
1.634740342E1,-6.482234597E-1,3.162654340E-1,-1.747055203E-1
1.635741042E1,-6.759684086E-1,3.457058072E-1,-1.643529385E-1
1.636741842E1,-6.770685911E-1,3.533392251E-1,-1.493476182E-1
1.637742642E1,-6.564170122E-1,3.152883649E-1,-1.227421239E-1
1.638743442E1,-6.038931012E-1,2.388649583E-1,-9.026008099E-2
1.639744242E1,-4.849537015E-1,1.593009979E-1,-4.559654370E-2
1.640745042E1,-3.081517518E-1,6.218270212E-2,-4.735378898E-4
1.641745742E1,-9.744109213E-2,-3.468573093E-2,3.638007492E-2
1.642746542E1,1.161726564E-1,-1.144093275E-1,6.390810758E-2
1.643747342E1,3.190818429E-1,-1.644089073E-1,8.314136416E-2
1.644748142E1,4.903326929E-1,-1.819314361E-1,9.041739255E-2
1.645748942E1,6.223343015E-1,-1.575389355E-1,7.879287750E-2
1.646749742E1,7.008272409E-1,-9.566572309E-2,5.574587733E-2
1.647750542E1,7.197856307E-1,-7.031586487E-3,2.719360404E-2
1.648751242E1,6.865195632E-1,1.020003557E-1,5.365802441E-3
1.649752042E1,6.173934937E-1,2.179687023E-1,-9.344266728E-3
1.650752842E1,5.232301950E-1,3.376247883E-1,-2.221772075E-2
1.651753642E1,3.999939561E-1,4.371573031E-1,-2.447084896E-2
1.652754442E1,2.498917729E-1,5.031908751E-1,-1.822893322E-2
1.653755242E1,1.063631177E-1,5.305207968E-1,3.751999931E-3
1.654756042E1,6.610957906E-3,5.338185430E-1,3.735470027E-2
1.655756742E1,-3.742602468E-2,5.154091120E-1,7.759179175E-2
1.656757542E1,-3.011405095E-2,4.748505056E-1,1.280472428E-1
1.657758342E1,7.859256119E-3,4.061834812E-1,1.886249036E-1
1.658759142E1,6.349135935E-2,3.333880901E-1,2.453108281E-1
1.659759942E1,1.431800425E-1,2.814876139E-1,3.098767400E-1
1.660760742E1,2.506457567E-1,2.474451959E-1,3.752909005E-1
1.661761442E1,3.746160865E-1,2.339362055E-1,4.274691939E-1
1.662762242E1,4.941062629E-1,2.313252538E-1,4.693165123E-1
1.663763042E1,5.710784793E-1,2.028025389E-1,4.887659252E-1
1.664763842E1,5.870978832E-1,1.417740732E-1,4.626203477E-1
1.665764642E1,5.372916460E-1,4.303823411E-2,3.862344027E-1
1.666765442E1,4.098764360E-1,-4.750950634E-2,2.692590356E-1
1.667766242E1,2.159526795E-1,-1.033366174E-1,1.169355586E-1
1.668766942E1,-1.344002504E-2,-5.927861854E-2,-3.136150539E-2
1.669767742E1,-2.319919765E-1,8.396243304E-2,-1.286423355E-1
1.670768542E1,-3.857658505E-1,3.056282401E-1,-1.825162172E-1
1.671769342E1,-4.731150866E-1,5.559755564E-1,-1.739397943E-1
1.672770142E1,-4.953887165E-1,7.773159146E-1,-1.108417884E-1
1.673770942E1,-4.807700813E-1,8.708814383E-1,-3.142665699E-2
1.674771742E1,-4.326156080E-1,8.523948193E-1,4.787508771E-2
1.675772442E1,-3.215966225E-1,7.383341193E-1,1.197468713E-1
1.676773242E1,-1.225322559E-1,5.945413113E-1,2.025045902E-1
1.677774042E1,1.511298418E-1,4.530615509E-1,3.075790703E-1
1.678774842E1,4.363293350E-1,3.149724007E-1,4.214257598E-1
1.679775642E1,6.930646896E-1,1.877317578E-1,5.297921300E-1
1.680776442E1,8.681267500E-1,6.651984155E-2,6.035728455E-1
1.681777142E1,9.249841571E-1,-7.903093100E-2,6.286279559E-1
1.682777942E1,8.671836853E-1,-2.210618407E-1,6.151326299E-1
1.683778742E1,7.054388523E-1,-3.525454700E-1,5.666724443E-1
1.684779542E1,4.590429068E-1,-4.554380178E-1,4.914242923E-1
1.685780342E1,1.608089507E-1,-5.164130926E-1,4.118689895E-1
1.686781133E1,-1.582792848E-1,-5.659012794E-1,3.264720738E-1
1.687781933E1,-4.573902786E-1,-5.971959829E-1,2.602262199E-1
1.688782633E1,-7.100523710E-1,-6.174245477E-1,2.047504485E-1
1.689783433E1,-8.963259459E-1,-6.289840341E-1,1.704519540E-1
1.690784233E1,-1.010719657E0,-6.301230788E-1,1.488992572E-1
1.691785033E1,-1.041544318E0,-6.038837433E-1,1.581782550E-1
1.692785833E1,-9.833646417E-1,-5.601296425E-1,1.995102465E-1
1.693786633E1,-8.446174264E-1,-5.003818870E-1,2.564297020E-1
1.694787433E1,-6.441746354E-1,-4.196673036E-1,3.048603535E-1
1.695788133E1,-4.235747457E-1,-3.293316662E-1,3.487444520E-1
1.696788933E1,-2.292838097E-1,-2.651204467E-1,3.916298747E-1
1.697789733E1,-7.837621868E-2,-2.380463034E-1,4.336117506E-1
1.698790533E1,2.777045406E-2,-2.459332645E-1,4.703407586E-1
1.699791333E1,9.929135442E-2,-2.652741075E-1,4.856387675E-1
1.700792133E1,1.466410309E-1,-2.962139249E-1,4.772929549E-1
1.701792833E1,1.751292348E-1,-3.296748996E-1,4.345118105E-1
1.702793633E1,1.777266115E-1,-3.525652885E-1,3.699922264E-1
1.703794433E1,1.568499506E-1,-3.651666939E-1,3.043386340E-1
1.704795233E1,1.126310825E-1,-3.552200496E-1,2.509838045E-1
1.705796033E1,5.812579766E-2,-3.083593249E-1,2.099711299E-1
1.706796833E1,8.355309255E-3,-2.466925085E-1,1.720069647E-1
1.707797633E1,-2.781887772E-3,-1.908504963E-1,1.332453638E-1
1.708798333E1,1.895669661E-2,-1.439061612E-1,9.743651003E-2
1.709799133E1,5.769987777E-2,-8.318681270E-2,6.696952134E-2
1.710799933E1,8.582605422E-2,-2.827935666E-2,3.800098598E-2
1.711800733E1,9.518491477E-2,2.046887204E-2,2.214379609E-2
1.712801533E1,9.261815995E-2,5.101666227E-2,1.811310090E-2
1.713802333E1,9.028169513E-2,4.130278900E-2,2.153642662E-2
1.714803133E1,1.063440219E-1,-3.909963183E-3,3.898891807E-2
1.715803833E1,1.444569528E-1,-7.610630989E-2,6.515968591E-2
1.716804633E1,2.002690881E-1,-1.646055430E-1,9.842895716E-2
1.717805433E1,2.645576894E-1,-2.678249776E-1,1.293312311E-1
1.718806233E1,3.239547014E-1,-3.638719022E-1,1.536735892E-1
1.719807033E1,3.784685433E-1,-4.463289380E-1,1.732521951E-1
1.720807833E1,4.188215435E-1,-5.092123151E-1,1.888966709E-1
1.721808633E1,4.392131269E-1,-5.693656206E-1,1.928891689E-1
1.722809333E1,4.425548613E-1,-6.269370317E-1,1.859223396E-1
1.723810133E1,4.310794473E-1,-6.681630611E-1,1.732103527E-1
1.724810933E1,4.189847112E-1,-6.867071986E-1,1.593344808E-1
1.725811733E1,4.154039323E-1,-6.623253822E-1,1.325571239E-1
1.726812533E1,4.174971879E-1,-5.954473019E-1,1.058304384E-1
1.727813333E1,4.060100913E-1,-5.179509521E-1,8.364613354E-2
1.728814033E1,3.675324619E-1,-4.519431591E-1,5.571277067E-2
1.729814833E1,3.107434213E-1,-4.085409641E-1,2.385167591E-2
1.730815633E1,2.540058494E-1,-3.724535108E-1,-7.619431242E-3
1.731816433E1,2.256953865E-1,-3.247497678E-1,-2.187167294E-2
1.732817233E1,2.323258519E-1,-2.851978242E-1,-2.091080509E-2
1.733818033E1,2.526279986E-1,-2.709577084E-1,-2.372010052E-2
1.734818833E1,2.635807693E-1,-2.855385244E-1,-4.511194304E-2
1.735819533E1,2.485084385E-1,-3.293513954E-1,-8.622598648E-2
1.736820333E1,2.062448710E-1,-3.710596859E-1,-1.354417354E-1
1.737821133E1,1.236855537E-1,-3.980288506E-1,-1.932770014E-1
1.738821933E1,-3.914746922E-3,-4.172275662E-1,-2.751787901E-1
1.739822733E1,-1.679461747E-1,-4.175602794E-1,-3.717781901E-1
1.740823533E1,-3.517516851E-1,-4.103534818E-1,-4.788692296E-1
1.741824333E1,-5.252606273E-1,-3.788803518E-1,-5.816106200E-1
1.742825033E1,-6.493477225E-1,-3.003160357E-1,-6.682386994E-1
1.743825833E1,-6.814303398E-1,-1.851100475E-1,-7.386618853E-1
1.744826633E1,-5.958344936E-1,1.918716356E-2,-7.463539243E-1
1.745827433E1,-4.271478057E-1,2.904815078E-1,-6.801255345E-1
1.746828233E1,-2.258658260E-1,5.764371157E-1,-5.623120666E-1
1.747829033E1,-2.966448478E-2,8.140959144E-1,-4.216266274E-1
1.748829733E1,1.175052524E-1,9.638376832E-1,-3.004054129E-1
1.749830533E1,2.213741541E-1,1.019981384E0,-2.039215565E-1
1.750831333E1,2.747543156E-1,9.741760492E-1,-1.329288781E-1
1.751832133E1,2.877301276E-1,8.494780064E-1,-7.803410292E-2
1.752832933E1,2.616247833E-1,6.631028056E-1,-4.884399474E-2
1.753833733E1,2.080865353E-1,4.411132038E-1,-3.359661624E-2
1.754834533E1,1.303456575E-1,2.003970295E-1,-2.950307168E-2
1.755835233E1,3.795259073E-2,-3.079078346E-2,-3.731127456E-2
1.756836033E1,-7.604081929E-2,-2.384686172E-1,-5.542902276E-2
1.757836833E1,-2.224194556E-1,-4.074763656E-1,-8.794596791E-2
1.758837633E1,-3.628066480E-1,-5.059694052E-1,-1.381992847E-1
1.759838433E1,-4.846038818E-1,-5.505229831E-1,-1.781038195E-1
1.760839233E1,-5.690860152E-1,-5.353964567E-1,-2.214571536E-1
1.761840033E1,-6.175279617E-1,-4.484593868E-1,-2.576663792E-1
1.762840733E1,-6.176621914E-1,-3.045038283E-1,-2.641083002E-1
1.763841533E1,-5.800899267E-1,-1.285100132E-1,-2.305984348E-1
1.764842333E1,-5.258277655E-1,2.947589010E-2,-1.773855537E-1
1.765843133E1,-4.771478474E-1,1.296193898E-1,-1.271294951E-1
1.766843933E1,-4.289702177E-1,1.585613042E-1,-1.009873673E-1
1.767844733E1,-3.784055412E-1,1.239560470E-1,-9.905328602E-2
1.768845533E1,-3.408017159E-1,5.715651065E-2,-1.071295887E-1
1.769846233E1,-3.176213205E-1,-1.987723634E-3,-1.188402325E-1
1.770847033E1,-2.998734713E-1,-2.613966353E-2,-1.316036880E-1
1.771847833E1,-2.844614089E-1,-1.470435411E-2,-1.442572474E-1
1.772848633E1,-2.694883049E-1,1.926266775E-2,-1.519162357E-1
1.773849433E1,-2.462307215E-1,5.725811794E-2,-1.426969916E-1
1.774850233E1,-1.984687895E-1,6.394052505E-2,-1.106264070E-1
1.775851033E1,-1.251048148E-1,6.160086766E-2,-7.077574730E-2
1.776851733E1,-3.312596818E-3,4.701819643E-2,-2.683571912E-2
1.777852533E1,1.613866985E-1,-5.863125436E-3,1.580140367E-2
1.778853333E1,3.527627885E-1,-9.493601322E-2,3.498708084E-2
1.779854133E1,5.356112719E-1,-1.833186448E-1,4.052332044E-2
1.780854933E1,6.607676148E-1,-2.511152327E-1,3.618503362E-2
1.781855733E1,7.078437805E-1,-2.862643600E-1,1.672888920E-2
1.782856433E1,6.790667176E-1,-2.889019549E-1,-2.225286514E-2
1.783857233E1,5.845696926E-1,-2.499058396E-1,-6.824238598E-2
1.784858033E1,4.380419850E-1,-1.599567682E-1,-1.125110462E-1
1.785858833E1,2.643080056E-1,-2.846617438E-2,-1.464615464E-1
1.786859629E1,9.366808087E-2,1.326289773E-1,-1.730468273E-1
1.787860429E1,-7.002253085E-2,3.091551363E-1,-1.935991496E-1
1.788861229E1,-2.071305960E-1,4.772993922E-1,-1.924220324E-1
1.789861929E1,-3.054005802E-1,6.099624038E-1,-1.696963012E-1
1.790862729E1,-3.641999662E-1,6.905765533E-1,-1.332101971E-1
1.791863529E1,-3.896772861E-1,7.312141657E-1,-9.939407557E-2
1.792864329E1,-3.858497739E-1,7.217389345E-1,-7.688450068E-2
1.793865129E1,-3.671877086E-1,6.671385169E-1,-5.753771588E-2
1.794865929E1,-3.544953465E-1,5.968779325E-1,-4.389354214E-2
1.795866729E1,-3.406857848E-1,5.306047797E-1,-3.006473184E-2
1.796867429E1,-3.293281794E-1,4.672135115E-1,3.200280480E-3
1.797868229E1,-3.119896948E-1,3.887337744E-1,4.488639534E-2
1.798869029E1,-2.724010050E-1,2.857490778E-1,1.004410014E-1
1.799869829E1,-1.935456395E-1,1.715932786E-1,1.769547611E-1
1.800870629E1,-6.843219697E-2,5.433189869E-2,2.741649449E-1
1.801871429E1,9.265948087E-2,-3.202144802E-2,3.700602055E-1
1.802872129E1,2.781617045E-1,-1.044413224E-1,4.615688026E-1
1.803872929E1,4.777513742E-1,-1.836511344E-1,5.494919419E-1
1.804873729E1,6.635590792E-1,-2.807473242E-1,6.189836860E-1
1.805874529E1,7.967278361E-1,-3.903447688E-1,6.673331857E-1
1.806875329E1,8.563291430E-1,-4.919510186E-1,6.708618999E-1
1.807876129E1,8.397543430E-1,-5.588457584E-1,6.134679914E-1
1.808876929E1,7.591750622E-1,-6.259326339E-1,5.178636909E-1
1.809877629E1,6.003748178E-1,-6.682826877E-1,3.826500177E-1
1.810878429E1,3.865379095E-1,-7.250285149E-1,2.494991869E-1
1.811879229E1,1.919171512E-1,-7.369993925E-1,1.622345001E-1
1.812880029E1,7.524272799E-2,-6.360945702E-1,1.285644174E-1
1.813880829E1,5.974492431E-2,-3.778538108E-1,1.586381644E-1
1.814881629E1,1.290238649E-1,-2.649177797E-2,2.177677900E-1
1.815882429E1,2.738788426E-1,3.344840705E-1,3.077464104E-1
1.816883129E1,4.527558982E-1,6.025482416E-1,4.052173197E-1
1.817883929E1,5.994601250E-1,7.304650545E-1,4.848947525E-1
1.818884729E1,6.903356910E-1,7.339034677E-1,5.179589987E-1
1.819885529E1,7.188717127E-1,6.297080517E-1,5.177903175E-1
1.820886329E1,7.035366893E-1,4.578470588E-1,4.955672622E-1
1.821887129E1,6.666995883E-1,2.812586725E-1,4.587625861E-1
1.822887829E1,5.982204080E-1,1.482931525E-1,4.047003984E-1
1.823888629E1,4.924945831E-1,5.373282731E-2,3.369887471E-1
1.824889429E1,3.615520298E-1,1.729289070E-4,2.667252421E-1
1.825890229E1,2.044532299E-1,-2.359306812E-2,2.082174420E-1
1.826891029E1,2.619214170E-2,-4.956661537E-2,1.565622389E-1
1.827891829E1,-1.672760099E-1,-7.832234353E-2,1.101184562E-1
1.828892629E1,-3.677814007E-1,-1.255918443E-1,6.245080382E-2
1.829893329E1,-5.444114208E-1,-1.675108820E-1,2.771248110E-3
1.830894129E1,-6.764826179E-1,-1.987252682E-1,-6.460432708E-2
1.831894929E1,-7.454068661E-1,-1.912612319E-1,-1.305848509E-1
1.832895729E1,-7.548613548E-1,-1.411748976E-1,-1.839831024E-1
1.833896529E1,-7.088243961E-1,-3.152296692E-2,-2.079142630E-1
1.834897329E1,-6.225571632E-1,1.166651621E-1,-1.956701130E-1
1.835898129E1,-5.266517401E-1,2.547364533E-1,-1.614542603E-1
1.836898829E1,-4.373501539E-1,3.688896298E-1,-1.157906279E-1
1.837899629E1,-3.633244932E-1,4.203919470E-1,-6.795325875E-2
1.838900429E1,-2.961361408E-1,4.236535430E-1,-3.931096196E-2
1.839901229E1,-2.222752422E-1,4.033153355E-1,-3.537897021E-2
1.840902029E1,-1.340553612E-1,3.767473698E-1,-4.345074669E-2
1.841902829E1,-4.604629427E-2,3.423130810E-1,-5.493696406E-2
1.842903629E1,2.884578891E-2,3.065305948E-1,-6.474964321E-2
1.843904329E1,8.050067723E-2,2.751879692E-1,-6.449221075E-2
1.844905129E1,9.910445660E-2,2.498557270E-1,-6.860332936E-2
1.845905929E1,9.129510075E-2,2.277259231E-1,-7.156085968E-2
1.846906729E1,5.442550033E-2,2.052818537E-1,-7.549674064E-2
1.847907529E1,-3.543842817E-3,1.743096858E-1,-8.892103285E-2
1.848908329E1,-7.003019005E-2,1.368185133E-1,-1.058262438E-1
1.849909029E1,-1.330845952E-1,9.499296546E-2,-1.202864125E-1
1.850909829E1,-1.822963506E-1,3.799173236E-2,-1.416305751E-1
1.851910629E1,-2.085501850E-1,-2.112817019E-2,-1.574718654E-1
1.852911429E1,-2.200587690E-1,-8.083145320E-2,-1.610359699E-1
1.853912229E1,-2.275281101E-1,-1.329709589E-1,-1.565615088E-1
1.854913029E1,-2.384870201E-1,-1.728126556E-1,-1.489789486E-1
1.855913829E1,-2.550078630E-1,-2.021239549E-1,-1.335588098E-1
1.856914529E1,-2.770886719E-1,-2.522121668E-1,-1.146418601E-1
1.857915329E1,-3.065136075E-1,-3.504319787E-1,-1.054494828E-1
1.858916129E1,-3.434979916E-1,-5.027256608E-1,-1.071126312E-1
1.859916929E1,-3.518941402E-1,-6.862660646E-1,-1.044299603E-1
1.860917729E1,-3.131067753E-1,-8.613635302E-1,-7.814695686E-2
1.861918529E1,-2.217195332E-1,-1.005365849E0,-4.012703523E-2
1.862919329E1,-6.478371471E-2,-1.069003701E0,-1.358333742E-3
1.863920029E1,1.191054285E-1,-1.055836558E0,3.653046116E-2
1.864920829E1,2.947819233E-1,-1.002205014E0,6.843965501E-2
1.865921629E1,4.598479867E-1,-8.799565434E-1,1.111994535E-1
1.866922429E1,6.007838249E-1,-7.058119178E-1,1.638996750E-1
1.867923229E1,6.916233301E-1,-5.352482796E-1,2.156763226E-1
1.868924029E1,7.168431878E-1,-3.950959444E-1,2.465543449E-1
1.869924729E1,6.691038609E-1,-2.928791940E-1,2.452101558E-1
1.870925529E1,5.609835386E-1,-2.305351347E-1,1.969483495E-1
1.871926329E1,4.077351987E-1,-2.052281648E-1,1.045264676E-1
1.872927129E1,2.301505506E-1,-1.969832778E-1,1.180026028E-2
1.873927929E1,4.463053495E-2,-2.062236816E-1,-7.760163397E-2
1.874928729E1,-1.222825497E-1,-2.476470172E-1,-1.581009924E-1
1.875929529E1,-2.583317161E-1,-3.037101924E-1,-2.300176919E-1
1.876930229E1,-3.555786312E-1,-3.552375734E-1,-3.060570657E-1
1.877931029E1,-4.203991890E-1,-3.950156868E-1,-3.740322292E-1
1.878931829E1,-4.569867551E-1,-4.024246037E-1,-4.429894686E-1
1.879932629E1,-4.699483812E-1,-3.393562734E-1,-5.040222406E-1
1.880933429E1,-4.616166949E-1,-2.169651240E-1,-5.492190123E-1
1.881934229E1,-4.334519506E-1,-6.125374511E-2,-5.790736675E-1
1.882934929E1,-4.025166631E-1,8.152311295E-2,-5.939726830E-1
1.883935729E1,-3.564884961E-1,1.722512692E-1,-6.060714126E-1
1.884936529E1,-3.061880469E-1,1.896560937E-1,-6.233699322E-1
1.885937329E1,-2.379574776E-1,1.910804212E-1,-6.296626925E-1
1.886938104E1,-1.553219855E-1,1.951374859E-1,-6.258695722E-1
1.887938904E1,-8.281724900E-2,1.918935627E-1,-6.227308512E-1
1.888939704E1,-5.672838911E-2,1.789007932E-1,-6.103804708E-1
1.889940404E1,-7.466481626E-2,1.565201283E-1,-5.893268585E-1
1.890941204E1,-1.215289906E-1,1.334547549E-1,-5.612850785E-1
1.891942004E1,-1.926279664E-1,9.590016305E-2,-5.374413133E-1
1.892942804E1,-2.724919021E-1,5.091483891E-2,-5.350971818E-1
1.893943604E1,-3.600120544E-1,7.891300134E-3,-5.536087751E-1
1.894944404E1,-4.483091831E-1,-6.166462321E-3,-5.884647965E-1
1.895945204E1,-5.249073505E-1,3.966387734E-2,-6.198382974E-1
1.896945904E1,-5.805125237E-1,1.301937848E-1,-6.347370744E-1
1.897946704E1,-5.973383188E-1,2.610892355E-1,-6.217502952E-1
1.898947504E1,-5.822192430E-1,4.045854211E-1,-5.776579380E-1
1.899948304E1,-5.414311290E-1,5.145139694E-1,-4.961573482E-1
1.900949104E1,-4.948844016E-1,5.678626895E-1,-4.024028778E-1
1.901949904E1,-4.409956038E-1,5.355596542E-1,-3.116821945E-1
1.902950604E1,-3.769289851E-1,4.142662585E-1,-2.271255106E-1
1.903951404E1,-2.987876534E-1,2.593041360E-1,-1.576171815E-1
1.904952204E1,-2.218665034E-1,9.795571864E-2,-1.053726301E-1
1.905953004E1,-1.299283803E-1,-3.122108057E-2,-7.607473433E-2
1.906953804E1,-3.248411417E-2,-9.963741899E-2,-6.129684672E-2
1.907954604E1,3.921175376E-2,-1.169985235E-1,-5.377192423E-2
1.908955404E1,7.385255396E-2,-6.956682354E-2,-4.604156688E-2
1.909956104E1,6.966248155E-2,2.296751551E-2,-2.347579785E-2
1.910956904E1,3.272044286E-2,1.206565276E-1,7.882656530E-3
1.911957704E1,-9.320472367E-3,1.944615841E-1,2.665750869E-2
1.912958504E1,-5.755085126E-2,2.356564254E-1,5.145420134E-2
1.913959304E1,-9.121571481E-2,2.497763336E-1,7.208852470E-2
1.914960104E1,-1.035538688E-1,2.077077031E-1,9.350859374E-2
1.915960904E1,-7.900334895E-2,1.525927782E-1,1.117566600E-1
1.916961604E1,-3.575175302E-3,8.285896480E-2,1.344276220E-1
1.917962404E1,1.039477289E-1,-3.106719814E-3,1.354821473E-1
1.918963204E1,2.109466195E-1,-6.531283259E-2,1.194624305E-1
1.919964004E1,2.644049227E-1,-1.082797125E-1,7.909550518E-2
1.920964804E1,2.637761533E-1,-1.497789472E-1,2.579367161E-2
1.921965604E1,2.342800647E-1,-2.069220841E-1,-1.114545669E-2
1.922966304E1,1.933960170E-1,-2.051169872E-1,-3.322119638E-2
1.923967104E1,1.427171975E-1,-1.376305521E-1,-1.665127277E-2
1.924967904E1,9.108810127E-2,-3.093712963E-2,3.495386615E-2
1.925968704E1,6.936588883E-2,1.146722808E-1,1.087832749E-1
1.926969504E1,7.638518512E-2,2.571327686E-1,1.966564059E-1
1.927970304E1,1.103286147E-1,3.576026857E-1,2.883625031E-1
1.928971104E1,1.610386670E-1,3.870692253E-1,3.692587018E-1
1.929971804E1,2.313946784E-1,3.167268932E-1,4.210347235E-1
1.930972604E1,3.152294159E-1,2.039710581E-1,4.522208571E-1
1.931973404E1,4.133103490E-1,8.020696789E-2,4.732784927E-1
1.932974204E1,5.060728192E-1,-2.393701300E-2,4.779283702E-1
1.933975004E1,5.770977139E-1,-8.693820983E-2,4.771859646E-1
1.934975804E1,6.080063581E-1,-1.236536205E-1,4.776719809E-1
1.935976604E1,5.834010839E-1,-1.295166314E-1,4.715227485E-1
1.936977304E1,4.930349588E-1,-1.128471196E-1,4.513730109E-1
1.937978104E1,3.440939188E-1,-8.562910557E-2,4.214569032E-1
1.938978904E1,1.601086557E-1,-5.759746581E-2,3.734262586E-1
1.939979704E1,-4.061475396E-2,-3.648595512E-2,3.094792366E-1
1.940980504E1,-2.271390855E-1,-9.192816913E-3,2.267548144E-1
1.941981304E1,-3.598621488E-1,2.129691839E-2,1.321360767E-1
1.942982004E1,-4.007256925E-1,8.151338995E-2,6.327898800E-2
1.943982804E1,-3.395080268E-1,1.873258650E-1,4.717260972E-2
1.944983604E1,-1.928075403E-1,3.420997262E-1,9.440084547E-2
1.945984404E1,2.116970904E-2,5.262228251E-1,1.927403808E-1
1.946985204E1,2.713481188E-1,6.719640493E-1,3.134947717E-1
1.947986004E1,5.022833943E-1,7.303558588E-1,4.071466923E-1
1.948986804E1,6.767199039E-1,7.178086042E-1,4.563752115E-1
1.949987504E1,7.893232107E-1,6.444822550E-1,4.707357585E-1
1.950988304E1,8.381027579E-1,5.334159136E-1,4.605190754E-1
1.951989104E1,8.197636604E-1,4.208706021E-1,4.153264761E-1
1.952989904E1,7.348335981E-1,3.195527792E-1,3.478763402E-1
1.953990704E1,5.985799432E-1,2.503442466E-1,2.769827247E-1
1.954991504E1,4.176986217E-1,2.079421878E-1,2.082867622E-1
1.955992204E1,1.952428371E-1,1.763972789E-1,1.427740753E-1
1.956993004E1,-3.995368630E-2,1.411993355E-1,7.592685521E-2
1.957993804E1,-2.565490901E-1,9.161750227E-2,1.358393207E-2
1.958994604E1,-4.401647151E-1,2.195400745E-2,-3.266425803E-2
1.959995404E1,-5.885032415E-1,-4.458410665E-2,-7.056146860E-2
1.960996204E1,-6.904389262E-1,-8.792864531E-2,-9.105928242E-2
1.961997004E1,-7.411378026E-1,-1.047005057E-1,-1.018236056E-1
1.962997704E1,-7.469146848E-1,-9.033142030E-2,-8.804254234E-2
1.963998504E1,-6.999329925E-1,-4.790258780E-2,-5.968510360E-2
1.964999304E1,-5.897540450E-1,2.122588456E-2,-2.509143762E-2
1.966000104E1,-4.396034181E-1,1.169503853E-1,3.506490588E-2
1.967000904E1,-2.788294554E-1,2.013036013E-1,1.027217135E-1
1.968001704E1,-1.364021748E-1,2.187432349E-1,1.529948264E-1
1.969002404E1,-2.996441536E-2,1.754719317E-1,1.904388666E-1
1.970003204E1,5.465281010E-2,1.094971448E-1,2.165705115E-1
1.971004004E1,1.274314076E-1,5.705763400E-2,2.449139953E-1
1.972004804E1,1.781431437E-1,1.337365620E-2,2.757840455E-1
1.973005604E1,1.974406689E-1,-2.011425793E-3,2.850166857E-1
1.974006404E1,1.845739037E-1,-1.521646511E-3,2.851533294E-1
1.975007204E1,1.341741234E-1,-1.088425703E-2,2.789068818E-1
1.976007904E1,5.751841888E-2,-2.898184024E-2,2.675258517E-1
1.977008704E1,-3.309909627E-2,-4.648972303E-2,2.515783012E-1
1.978009504E1,-1.255899817E-1,-5.935785919E-2,2.242623568E-1
1.979010304E1,-2.173124403E-1,-8.487307280E-2,1.958957016E-1
1.980011104E1,-2.861771882E-1,-1.060366035E-1,1.545328051E-1
1.981011904E1,-3.325343132E-1,-1.145113260E-1,1.146226823E-1
1.982012604E1,-3.576600254E-1,-1.350197345E-1,8.472993225E-2
1.983013404E1,-3.580866456E-1,-1.726502031E-1,5.428494513E-2
1.984014204E1,-3.285506368E-1,-2.500192821E-1,3.419097140E-2
1.985015004E1,-2.935050428E-1,-3.687488735E-1,2.399772033E-2
1.986015804E1,-2.656803727E-1,-4.845621288E-1,2.008038759E-2
1.987016642E1,-2.429143488E-1,-5.360868573E-1,1.493809000E-2
1.988017442E1,-2.047884613E-1,-5.680402517E-1,3.951122984E-3
1.989018142E1,-1.355819553E-1,-5.951659083E-1,1.234354265E-2
1.990018942E1,-3.810414299E-2,-5.998168588E-1,3.058699332E-2
1.991019742E1,5.123559013E-2,-5.267482400E-1,2.076099440E-2
1.992020542E1,1.115482673E-1,-4.048415124E-1,-5.909954780E-4
1.993021342E1,1.674853116E-1,-2.749314308E-1,-2.590567432E-2
1.994022142E1,2.274413407E-1,-1.857398301E-1,-7.118642330E-2
1.995022842E1,2.720575631E-1,-1.233297139E-1,-1.152220592E-1
1.996023642E1,3.004426360E-1,-5.919229239E-2,-1.502736062E-1
1.997024442E1,3.032110035E-1,2.395319194E-2,-1.769451648E-1
1.998025242E1,2.957372665E-1,1.242558733E-1,-1.780147851E-1
1.999026042E1,2.798030376E-1,2.229973674E-1,-1.596730649E-1
2.000026842E1,2.476244271E-1,3.078505099E-1,-1.367542446E-1
2.001027642E1,2.002995163E-1,3.269554973E-1,-1.149024889E-1
2.002028342E1,1.563296765E-1,2.635101080E-1,-1.069080308E-1
2.003029142E1,1.031021476E-1,1.471350342E-1,-1.346717477E-1
2.004029942E1,3.585791215E-2,2.983811684E-2,-2.026104927E-1
2.005030742E1,-3.383621201E-2,-8.226072043E-2,-2.878130078E-1
2.006031542E1,-1.167180464E-1,-2.057568282E-1,-3.804984689E-1
2.007032342E1,-2.056276798E-1,-3.160171211E-1,-4.748583734E-1
2.008033042E1,-3.245218694E-1,-3.214487433E-1,-5.350517035E-1
2.009033842E1,-3.298748136E-1,-3.616108000E-1,-5.844757557E-1
2.010034642E1,-3.323192894E-1,-3.201395273E-1,-6.264969110E-1
2.011035442E1,-2.910000980E-1,-2.087024599E-1,-6.471574903E-1
2.012036242E1,-2.205472887E-1,-5.692967027E-2,-6.510235071E-1
2.013037042E1,-1.441358775E-1,9.418634325E-2,-6.337473392E-1
2.014037842E1,-6.814689934E-2,2.402179539E-1,-6.152861118E-1
2.015038542E1,8.696485311E-3,4.151873589E-1,-5.828312039E-1
2.016039342E1,8.720629662E-2,6.162864566E-1,-4.946968853E-1
2.017040142E1,1.566048115E-1,7.894744873E-1,-3.938416243E-1
2.018040942E1,2.224081308E-1,9.140103459E-1,-2.839630246E-1
2.019041742E1,2.851428688E-1,9.567594528E-1,-1.718602031E-1
2.020042542E1,3.238542676E-1,8.867135644E-1,-8.724057674E-2
2.021043242E1,3.323473334E-1,6.858584881E-1,-3.704398498E-2
2.022044042E1,3.078768253E-1,3.814102113E-1,-2.299094014E-2
2.023044842E1,2.486196458E-1,1.090855896E-2,-4.963586852E-2
2.024045642E1,1.732950062E-1,-3.596898019E-1,-9.878369421E-2
2.025046442E1,9.013275057E-2,-6.574828625E-1,-1.641483158E-1
2.026047242E1,4.773374647E-3,-8.260264397E-1,-2.344207168E-1
2.027048042E1,-5.862956867E-2,-9.019523263E-1,-2.989155650E-1
2.028048742E1,-1.008598581E-1,-8.667672276E-1,-3.494437039E-1
2.029049542E1,-1.177672073E-1,-7.097911835E-1,-3.778769374E-1
2.030050342E1,-1.234983802E-1,-4.657374620E-1,-3.666172922E-1
2.031051142E1,-1.405114532E-1,-1.917700917E-1,-3.393470347E-1
2.032051942E1,-1.778191179E-1,4.520038515E-2,-3.152272999E-1
2.033052742E1,-2.342405766E-1,2.009774595E-1,-3.055818677E-1
2.034053542E1,-3.016759753E-1,2.604941726E-1,-3.244445324E-1
2.035054242E1,-3.616279960E-1,2.613376081E-1,-3.592853248E-1
2.036055042E1,-4.065611660E-1,2.451789826E-1,-3.836578727E-1
2.037055842E1,-4.434153140E-1,2.098188549E-1,-3.872630000E-1
2.038056642E1,-4.673227668E-1,1.762600392E-1,-3.760112524E-1
2.039057442E1,-4.617650211E-1,1.565044373E-1,-3.467135429E-1
2.040058242E1,-4.323273897E-1,1.706979275E-1,-3.107855618E-1
2.041058942E1,-3.944157064E-1,1.906785667E-1,-2.760257125E-1
2.042059742E1,-3.683825135E-1,2.061436325E-1,-2.445337027E-1
2.043060542E1,-3.547806740E-1,2.139381766E-1,-2.083581239E-1
2.044061342E1,-3.583590388E-1,1.973717362E-1,-1.799819916E-1
2.045062142E1,-3.550026715E-1,1.716820747E-1,-1.603454351E-1
2.046062942E1,-3.287130296E-1,1.409880817E-1,-1.305859238E-1
2.047063642E1,-2.745414078E-1,1.141274348E-1,-9.568333626E-2
2.048064442E1,-2.018447965E-1,8.925611526E-2,-5.273782089E-2
2.049065242E1,-1.240589321E-1,7.310723513E-2,-2.345752437E-3
2.050066042E1,-4.775178805E-2,6.752190739E-2,4.478313774E-2
2.051066842E1,1.903363504E-2,6.798689812E-2,9.394162893E-2
2.052067642E1,7.142081857E-2,6.804936379E-2,1.327074170E-1
2.053068442E1,1.144606993E-1,6.900384277E-2,1.619611681E-1
2.054069142E1,1.533613503E-1,8.255784959E-2,1.731171459E-1
2.055069942E1,1.952257156E-1,1.200708747E-1,1.761052161E-1
2.056070742E1,2.422678322E-1,1.840530932E-1,1.815172732E-1
2.057071542E1,2.822346985E-1,2.542287111E-1,2.070024014E-1
2.058072342E1,2.915985882E-1,3.140371442E-1,2.507323027E-1
2.059073142E1,2.725101113E-1,3.485967219E-1,2.994409800E-1
2.060073942E1,2.317888439E-1,3.624528944E-1,3.423575759E-1
2.061074642E1,1.814969182E-1,3.440283537E-1,3.763882518E-1
2.062075442E1,1.433120966E-1,2.968280017E-1,3.990850151E-1
2.063076242E1,1.352903992E-1,2.401849627E-1,4.208744764E-1
2.064077042E1,1.561402529E-1,1.938401610E-1,4.493131042E-1
2.065077842E1,2.031596899E-1,1.805581748E-1,4.954681098E-1
2.066078642E1,2.639657557E-1,1.958547980E-1,5.451446176E-1
2.067079342E1,3.483083248E-1,2.277576029E-1,6.035477519E-1
2.068080142E1,4.456734061E-1,2.637040615E-1,6.583803296E-1
2.069080942E1,5.394430161E-1,2.748858631E-1,6.972092390E-1
2.070081742E1,5.951928496E-1,2.086198479E-1,7.192363143E-1
2.071082542E1,5.778234601E-1,8.586170524E-2,7.234297395E-1
2.072083342E1,4.834946990E-1,-6.053397804E-2,7.169388533E-1
2.073084042E1,3.221561313E-1,-2.604968846E-1,6.445754170E-1
2.074084842E1,1.082206964E-1,-4.762756824E-1,5.066338778E-1
2.075085642E1,-1.078338400E-1,-6.240574121E-1,3.306005001E-1
2.076086442E1,-2.617083490E-1,-6.689861417E-1,1.624398977E-1
2.077087242E1,-2.819172144E-1,-6.059110165E-1,5.015915260E-2
2.078088042E1,-1.470040977E-1,-3.663916588E-1,1.668580994E-2
2.079088842E1,7.564335316E-2,-8.867340162E-3,4.611720145E-2
2.080089542E1,3.040272295E-1,3.950555921E-1,1.339421123E-1
2.081090342E1,4.665929675E-1,7.275565863E-1,2.446140349E-1
2.082091142E1,5.405172706E-1,9.390752912E-1,3.549996614E-1
2.083091942E1,5.508482456E-1,1.011976600E0,4.242163002E-1
2.084092742E1,5.083443522E-1,9.812557697E-1,4.325374961E-1
2.085093542E1,4.294391274E-1,8.546290994E-1,3.712821305E-1
2.086094242E1,3.301141560E-1,6.483918428E-1,2.218135893E-1
2.087095017E1,2.296099365E-1,4.709081352E-1,4.758878425E-2
2.088095817E1,1.233471110E-1,3.749064803E-1,-7.321994007E-2
2.089096617E1,-1.688301563E-3,3.386249244E-1,-1.094884649E-1
2.090097417E1,-1.474794447E-1,3.469420969E-1,-9.268844128E-2
2.091098217E1,-3.004349172E-1,3.553326428E-1,-5.333277956E-2
2.092099017E1,-4.302355945E-1,3.274707496E-1,-1.613675244E-2
2.093099717E1,-5.295856595E-1,2.515290976E-1,1.183735672E-2
2.094100517E1,-5.976530910E-1,1.287417859E-1,1.297753397E-2
2.095101317E1,-6.133676171E-1,-1.311815158E-2,5.546515342E-3
2.096102117E1,-5.833090544E-1,-1.589956582E-1,-6.635494996E-3
2.097102917E1,-5.076286793E-1,-2.921270728E-1,-1.451232564E-2
2.098103717E1,-3.882186413E-1,-3.798479438E-1,5.847452208E-3
2.099104417E1,-2.524983585E-1,-4.201996326E-1,4.727638513E-2
2.100105217E1,-1.130047068E-1,-4.281686544E-1,9.884476662E-2
2.101106017E1,1.971792057E-2,-4.270312190E-1,1.497455090E-1
2.102106817E1,1.308571249E-1,-4.310799539E-1,1.703013033E-1
2.103107617E1,2.172793597E-1,-4.240444303E-1,1.746526361E-1
2.104108417E1,2.676787674E-1,-3.965569437E-1,1.683184057E-1
2.105109217E1,2.868985236E-1,-3.215729594E-1,1.611747444E-1
2.106109917E1,2.773786783E-1,-2.062181085E-1,1.486431211E-1
2.107110717E1,2.395141274E-1,-1.032584310E-1,1.200671196E-1
2.108111517E1,1.802645624E-1,-2.275113389E-2,8.206410706E-2
2.109112317E1,9.715581685E-2,2.117371373E-2,3.500311822E-2
2.110113117E1,4.065119661E-3,3.207240719E-3,-2.619241178E-2
2.111113917E1,-7.885160297E-2,-3.464053944E-2,-9.099937230E-2
2.112114617E1,-1.441790909E-1,-7.067645341E-2,-1.414433718E-1
2.113115417E1,-1.934374571E-1,-9.781885892E-2,-1.791508049E-1
2.114116217E1,-2.218512446E-1,-1.108532697E-1,-2.014037520E-1
2.115117017E1,-2.281749099E-1,-1.174813509E-1,-2.030466497E-1
2.116117817E1,-2.179660499E-1,-1.275661886E-1,-2.004520893E-1
2.117118617E1,-1.949843019E-1,-1.320373714E-1,-2.029940784E-1
2.118119417E1,-1.695383191E-1,-1.447512805E-1,-1.901326180E-1
2.119120117E1,-1.511332095E-1,-1.840041429E-1,-1.764849871E-1
2.120120917E1,-1.272396892E-1,-2.379450649E-1,-1.748179197E-1
2.121121717E1,-8.760945499E-2,-2.957755923E-1,-1.799562275E-1
2.122122517E1,-4.161160067E-2,-3.448538482E-1,-1.723056734E-1
2.123123317E1,6.479230709E-3,-3.682403862E-1,-1.516422033E-1
2.124124117E1,6.317032129E-2,-3.515084982E-1,-1.296746880E-1
2.125124817E1,1.219649315E-1,-3.044914603E-1,-1.072636619E-1
2.126125617E1,1.748585105E-1,-2.552586794E-1,-1.067541987E-1
2.127126417E1,2.171806544E-1,-1.909193844E-1,-1.404618174E-1
2.128127217E1,2.330853492E-1,-1.141377538E-1,-1.831285805E-1
2.129128017E1,2.021277100E-1,-6.802725047E-2,-2.310220599E-1
2.130128817E1,1.249815896E-1,-5.240649730E-2,-2.644262016E-1
2.131129617E1,1.866580173E-2,-6.164873391E-2,-2.710348368E-1
2.132130317E1,-8.218125254E-2,-7.939308882E-2,-2.523803711E-1
2.133131117E1,-1.363888234E-1,-7.713100314E-2,-2.175097167E-1
2.134131917E1,-1.269320399E-1,-3.530073911E-2,-1.903504580E-1
2.135132717E1,-5.112995952E-2,5.122989416E-2,-1.670158356E-1
2.136133517E1,6.160015240E-2,1.461665481E-1,-1.364952922E-1
2.137134317E1,1.769664288E-1,1.954725683E-1,-1.029445305E-1
2.138135017E1,2.634352446E-1,1.616049409E-1,-7.634452730E-2
2.139135817E1,2.968323529E-1,4.490176588E-2,-7.469895482E-2
2.140136617E1,2.798480988E-1,-1.298056096E-1,-9.960200638E-2
2.141137417E1,2.085765898E-1,-3.851447105E-1,-1.644521058E-1
2.142138217E1,9.392920136E-2,-6.700963378E-1,-2.665504515E-1
2.143139017E1,-3.644797578E-2,-8.793326616E-1,-3.830027580E-1
2.144139717E1,-1.372025758E-1,-9.650725126E-1,-4.814292789E-1
2.145140517E1,-1.733227521E-1,-9.365739822E-1,-5.562677979E-1
2.146141317E1,-1.215873733E-1,-7.906491160E-1,-5.991797447E-1
2.147142117E1,-1.324412040E-2,-5.545396805E-1,-6.253802180E-1
2.148142917E1,1.193006113E-1,-2.737316191E-1,-6.429591179E-1
2.149143717E1,2.335400879E-1,-2.428210340E-3,-6.465924382E-1
2.150144517E1,2.989438474E-1,2.397083193E-1,-6.459340453E-1
2.151145217E1,2.984266579E-1,4.381010532E-1,-6.505823135E-1
2.152146017E1,2.478988022E-1,6.059812307E-1,-6.480431557E-1
2.153146817E1,1.647929996E-1,7.248671651E-1,-6.341574788E-1
2.154147617E1,6.295719743E-2,7.650642991E-1,-6.088042259E-1
2.155148417E1,-3.717126697E-2,7.060790062E-1,-5.690536499E-1
2.156149217E1,-1.176073924E-1,5.583885312E-1,-5.222806931E-1
2.157149917E1,-1.594485939E-1,3.486124277E-1,-4.770094156E-1
2.158150717E1,-1.504580379E-1,1.048681587E-1,-4.353181720E-1
2.159151517E1,-9.922681749E-2,-1.265410930E-1,-3.895490766E-1
2.160152317E1,-2.416201495E-2,-3.100060821E-1,-3.547300994E-1
2.161153117E1,4.452703148E-2,-4.307777882E-1,-3.211686909E-1
2.162153917E1,8.854744583E-2,-4.984608889E-1,-2.945702374E-1
2.163154617E1,1.041921824E-1,-5.097479224E-1,-2.701219022E-1
2.164155417E1,9.026401490E-2,-4.732602239E-1,-2.480338067E-1
2.165156217E1,5.023750663E-2,-4.132336378E-1,-2.246413976E-1
2.166157017E1,4.943477921E-3,-3.223409951E-1,-1.993319690E-1
2.167157817E1,-4.550398141E-2,-2.293798923E-1,-1.865804940E-1
2.168158617E1,-8.821921796E-2,-1.590823978E-1,-1.954537183E-1
2.169159417E1,-1.313610971E-1,-9.193132818E-2,-2.054144740E-1
2.170160117E1,-1.894421279E-1,-3.614400700E-2,-2.094610482E-1
2.171160917E1,-2.447985858E-1,6.115030963E-3,-1.977780312E-1
2.172161717E1,-2.910139263E-1,3.334185854E-2,-1.753439009E-1
2.173162517E1,-3.247117102E-1,2.165137976E-2,-1.494411975E-1
2.174163317E1,-3.442829251E-1,-1.946923696E-2,-1.264444292E-1
2.175164117E1,-3.345349729E-1,-5.276753753E-2,-9.801919758E-2
2.176164817E1,-3.025115132E-1,-8.824813366E-2,-5.370403081E-2
2.177165617E1,-2.482099384E-1,-1.167407557E-1,-1.525357552E-2
2.178166417E1,-1.738197953E-1,-1.375663877E-1,6.899384782E-3
2.179167217E1,-9.611941874E-2,-1.570540667E-1,2.286450379E-2
2.180168017E1,-2.533223107E-2,-1.734442115E-1,3.480896354E-2
2.181168817E1,3.141546994E-2,-1.829277277E-1,3.983887285E-2
2.182169517E1,6.954665482E-2,-1.832679212E-1,4.142408073E-2
2.183170317E1,1.018191054E-1,-1.670910865E-1,2.648481354E-2
2.184171117E1,1.482080221E-1,-1.142452359E-1,-1.577972434E-2
2.185171917E1,1.973683834E-1,-1.399852894E-2,-7.125337422E-2
2.186172717E1,2.391292155E-1,1.115734726E-1,-1.255076379E-1
2.187173517E1,2.608999908E-1,2.661577165E-1,-1.461319476E-1
2.188174217E1,2.460293472E-1,4.396945238E-1,-1.237835139E-1
2.189175017E1,2.005223185E-1,5.667145252E-1,-9.249616414E-2
2.190175817E1,1.438564807E-1,6.257106066E-1,-5.212469399E-2
2.191176617E1,8.192972839E-2,6.327035427E-1,-2.879620157E-2
2.192177417E1,1.559597813E-2,6.022928953E-1,-4.011703655E-2
2.193178217E1,-4.887675494E-2,5.505493283E-1,-6.783627719E-2
2.194179017E1,-1.054838896E-1,5.058390498E-1,-8.833808452E-2
2.195179717E1,-1.575529575E-1,4.860075712E-1,-8.560168743E-2
2.196180517E1,-1.992719024E-1,4.833104014E-1,-5.420131609E-2
2.197181317E1,-2.413770109E-1,4.785918295E-1,-4.321639426E-3
2.198182117E1,-2.998137474E-1,4.391520619E-1,5.539129674E-2
2.199182917E1,-3.643011153E-1,3.553951085E-1,1.097304374E-1
2.200183717E1,-4.128705263E-1,2.657018304E-1,1.481954455E-1
2.201184417E1,-4.311784208E-1,1.819848418E-1,1.722682863E-1
2.202185217E1,-3.873186707E-1,1.359851658E-1,1.994151175E-1
2.203186017E1,-2.678929567E-1,1.345619708E-1,2.488396615E-1
2.204186817E1,-1.093961746E-1,1.572193801E-1,3.155403137E-1
2.205187617E1,5.076633766E-2,2.066044956E-1,3.947627246E-1
2.206188417E1,1.687766016E-1,1.881459206E-1,4.774885476E-1
2.207189117E1,2.262305617E-1,8.414255828E-2,5.563098788E-1
2.208189917E1,2.512549460E-1,-5.539662763E-2,6.239904761E-1
2.209190717E1,2.747245729E-1,-2.033903599E-1,6.696612835E-1
2.210191517E1,3.103146851E-1,-3.503659964E-1,6.683771610E-1
2.211192317E1,3.625667095E-1,-4.652952552E-1,6.260374188E-1
2.212193117E1,4.240815341E-1,-5.253971815E-1,5.564188957E-1
2.213193917E1,4.681962430E-1,-5.012726784E-1,4.798340797E-1
2.214194617E1,4.695265591E-1,-3.854146004E-1,4.356334507E-1
2.215195417E1,4.408786893E-1,-2.007235885E-1,4.325859845E-1
2.216196217E1,4.157594740E-1,4.487436265E-2,4.660996497E-1
2.217197017E1,4.211659431E-1,3.021953702E-1,5.224739909E-1
2.218197817E1,4.612503946E-1,5.221275687E-1,5.870811939E-1
2.219198617E1,5.147492886E-1,6.752579808E-1,6.383183002E-1
2.220199317E1,5.691939592E-1,7.217728496E-1,6.728973389E-1
2.221200117E1,6.197910905E-1,6.735291481E-1,6.905822754E-1
2.222200917E1,6.642856598E-1,5.594704151E-1,7.003223896E-1
2.223201717E1,6.711033583E-1,3.849805892E-1,6.881972551E-1
2.224202517E1,6.421554089E-1,1.988074183E-1,6.501543522E-1
2.225203317E1,5.903196335E-1,4.751588777E-2,6.057267189E-1
2.226204017E1,5.006693602E-1,-7.714973390E-2,5.471050143E-1
2.227204817E1,3.689241409E-1,-1.820833385E-1,4.781669676E-1
2.228205617E1,1.965779066E-1,-2.629345655E-1,4.035158753E-1
2.229206417E1,2.297388157E-3,-3.071057498E-1,3.479985595E-1
2.230207217E1,-1.950728595E-1,-3.144494593E-1,3.054499328E-1
2.231208017E1,-3.882561624E-1,-3.243433535E-1,2.522101402E-1
2.232208817E1,-5.368164182E-1,-3.286832869E-1,2.027565986E-1
2.233209517E1,-6.202431321E-1,-3.134875298E-1,1.652158797E-1
2.234210317E1,-6.512055397E-1,-2.627210915E-1,1.641052514E-1
2.235211117E1,-6.199123263E-1,-1.735536754E-1,1.777896434E-1
2.236211917E1,-5.320892334E-1,-7.326921076E-2,2.138136029E-1
2.237212717E1,-4.133364856E-1,1.005018037E-2,2.640200257E-1
2.238213517E1,-2.723534405E-1,6.591053307E-2,3.125336766E-1
2.239214217E1,-1.305691451E-1,8.212838322E-2,3.443992138E-1
2.240215017E1,-5.124408286E-3,5.018067360E-2,3.532010615E-1
2.241215817E1,8.313541114E-2,-1.131517999E-2,3.291966617E-1
2.242216617E1,1.347659230E-1,-7.297927141E-2,2.911280990E-1
2.243217417E1,1.527949870E-1,-9.204510599E-2,2.600122690E-1
2.244218217E1,1.370152235E-1,-6.458721310E-2,2.338831127E-1
2.245218917E1,8.364015818E-2,-1.145235542E-2,2.063454837E-1
2.246219717E1,8.230932988E-3,6.183158234E-2,1.664964259E-1
2.247220517E1,-8.010958135E-2,1.421378851E-1,1.311991662E-1
2.248221317E1,-1.652413309E-1,2.054554075E-1,9.864190221E-2
2.249222117E1,-2.334174514E-1,2.430150360E-1,8.169514686E-2
2.250222917E1,-2.546458542E-1,2.748853862E-1,7.794764638E-2
2.251223617E1,-2.324539870E-1,2.981781960E-1,7.603389770E-2
2.252224417E1,-1.886078864E-1,3.249083459E-1,7.679627836E-2
2.253225217E1,-1.461850554E-1,3.398979604E-1,7.354854792E-2
2.254226017E1,-1.282965988E-1,3.298413455E-1,6.199315935E-2
2.255226817E1,-1.452627927E-1,2.933935821E-1,3.710032254E-2
2.256227617E1,-1.953561604E-1,2.302271128E-1,1.897806861E-2
2.257228317E1,-2.548959255E-1,1.357330978E-1,-3.890228458E-3
2.258229117E1,-2.832959592E-1,3.636897728E-2,-2.635514364E-3
2.259229917E1,-2.754231095E-1,-5.969470739E-2,-5.307198036E-3
2.260230717E1,-2.262613028E-1,-1.235136837E-1,-1.774952631E-3
2.261231517E1,-1.487678438E-1,-1.833216250E-1,1.998280734E-2
2.262232317E1,-6.301417202E-2,-2.401737720E-1,3.478286043E-2
2.263233017E1,1.696881279E-2,-3.019855022E-1,3.366912529E-2
2.264233817E1,7.838959247E-2,-3.715001643E-1,2.233276144E-2
2.265234617E1,1.240337789E-1,-4.300380647E-1,2.719645854E-3
2.266235417E1,1.444235593E-1,-4.693424702E-1,-2.322085574E-2
2.267236217E1,1.552242786E-1,-4.772637784E-1,-4.435783252E-2
2.268237017E1,1.721987128E-1,-4.240222573E-1,-6.112628058E-2
2.269237817E1,2.036077678E-1,-3.216466308E-1,-6.786727160E-2
2.270238517E1,2.387019992E-1,-2.183321267E-1,-7.808963209E-2
2.271239317E1,2.540412843E-1,-1.633700728E-1,-8.361542225E-2
2.272240117E1,2.281531096E-1,-1.444095075E-1,-9.303122759E-2
2.273240917E1,1.605623513E-1,-1.837867498E-1,-1.150443852E-1
2.274241717E1,7.041335106E-2,-2.559866905E-1,-1.584298313E-1
2.275242517E1,-1.570129581E-2,-3.444859385E-1,-2.205187678E-1
2.276243217E1,-9.810226411E-2,-4.317432642E-1,-2.830919623E-1
2.277244017E1,-1.685380787E-1,-4.929070175E-1,-3.376356363E-1
2.278244817E1,-2.049873322E-1,-5.254959464E-1,-3.826150000E-1
2.279245617E1,-2.097471952E-1,-5.263937116E-1,-4.134272337E-1
2.280246417E1,-1.970032007E-1,-4.872190654E-1,-4.439467192E-1
2.281247217E1,-2.063474357E-1,-4.350227118E-1,-4.832922518E-1
2.282247917E1,-2.539474070E-1,-3.726913631E-1,-5.386307836E-1
2.283248717E1,-2.982243001E-1,-2.464849353E-1,-5.960682631E-1
2.284249517E1,-3.288246691E-1,-8.159962296E-2,-6.506664753E-1
2.285250317E1,-3.331416547E-1,9.670273215E-2,-6.792800426E-1
2.286251117E1,-3.139810860E-1,2.785110176E-1,-6.623098850E-1
2.287251954E1,-2.681992054E-1,4.468212128E-1,-5.999938250E-1
2.288252654E1,-2.113356143E-1,5.493996739E-1,-5.101519823E-1
2.289253454E1,-1.546430439E-1,5.564495921E-1,-4.218104184E-1
2.290254254E1,-1.067559794E-1,4.728017747E-1,-3.510217369E-1
2.291255054E1,-7.008585334E-2,3.361565769E-1,-3.035649955E-1
2.292255854E1,-4.341952503E-2,1.859504730E-1,-2.817805409E-1
2.293256654E1,-1.830911264E-2,5.374661833E-2,-2.769604623E-1
2.294257354E1,1.021571737E-2,-3.738147393E-2,-2.828263640E-1
2.295258154E1,3.044588864E-2,-7.914569974E-2,-2.876536250E-1
2.296258954E1,2.944778278E-2,-7.561767101E-2,-2.943969071E-1
2.297259754E1,7.409858517E-3,-4.515270144E-2,-2.968994677E-1
2.298260554E1,-2.506509237E-2,1.728786901E-2,-2.924092114E-1
2.299261354E1,-6.343352050E-2,9.389502555E-2,-2.804611921E-1
2.300262054E1,-1.099296734E-1,1.547747850E-1,-2.625416517E-1
2.301262854E1,-1.626093984E-1,1.855798364E-1,-2.554693818E-1
2.302263654E1,-2.213730365E-1,1.755129546E-1,-2.595532537E-1
2.303264454E1,-2.709765434E-1,1.351128072E-1,-2.663802803E-1
2.304265254E1,-3.106413484E-1,6.688515097E-2,-2.818398476E-1
2.305266054E1,-3.334156275E-1,-2.626278903E-3,-3.008542657E-1
2.306266854E1,-3.444643617E-1,-6.128370017E-2,-3.139891624E-1
2.307267554E1,-3.458630443E-1,-1.012817174E-1,-3.294208348E-1
2.308268354E1,-3.272457123E-1,-1.137495115E-1,-3.381750882E-1
2.309269154E1,-3.048692942E-1,-1.083121374E-1,-3.391349018E-1
2.310269954E1,-2.834178805E-1,-7.998907566E-2,-3.351133764E-1
2.311270754E1,-2.583386302E-1,-4.363426566E-2,-3.336816430E-1
2.312271454E1,-2.223320603E-1,3.208355047E-4,-3.219617903E-1
2.313272254E1,-1.834008992E-1,5.115525424E-2,-3.127765656E-1
2.314273054E1,-1.354603320E-1,9.817878902E-2,-3.007615805E-1
2.315273854E1,-7.190665603E-2,1.620006561E-1,-2.596503794E-1
2.316274654E1,8.102520369E-4,2.353502512E-1,-1.930796653E-1
2.317275454E1,8.063451201E-2,3.029439449E-1,-1.207793802E-1
2.318276254E1,1.520238668E-1,3.577548265E-1,-5.794876441E-2
2.319276954E1,2.072343826E-1,3.680982590E-1,2.018435393E-3
2.320277754E1,2.478018552E-1,3.496699333E-1,4.766618833E-2
2.321278554E1,2.748039365E-1,3.160198033E-1,5.975161120E-2
2.322279354E1,2.962101698E-1,2.781886458E-1,4.161236435E-2
2.323280154E1,3.123222888E-1,2.562870681E-1,1.224675495E-2
2.324280954E1,3.071538508E-1,2.570474148E-1,-5.200607702E-3
2.325281654E1,2.913082838E-1,3.037366271E-1,4.655218683E-3
2.326282454E1,2.866525054E-1,3.874642849E-1,3.715014458E-2
2.327283254E1,3.149073124E-1,4.662685692E-1,7.843260467E-2
2.328284054E1,3.894901872E-1,5.139263272E-1,1.312664449E-1
2.329284854E1,4.808459580E-1,5.248364806E-1,1.810680926E-1
2.330285654E1,5.448753238E-1,5.251002908E-1,2.504315376E-1
2.331286354E1,5.781480670E-1,5.063607097E-1,3.026902080E-1
2.332287154E1,5.920464396E-1,5.045505762E-1,3.869749010E-1
2.333287954E1,6.047686338E-1,4.969626963E-1,4.668055475E-1
2.334288754E1,6.326828003E-1,4.762457013E-1,5.275983214E-1
2.335289554E1,6.697500348E-1,4.172518849E-1,5.603701472E-1
2.336290354E1,6.850321889E-1,3.031187654E-1,5.619115829E-1
2.337291054E1,6.719560623E-1,1.648652852E-1,5.304223299E-1
2.338291854E1,5.995916724E-1,8.632645011E-3,4.754871726E-1
2.339292654E1,4.329358637E-1,-1.730024070E-1,3.877003193E-1
2.340293454E1,1.770959049E-1,-3.482323587E-1,2.778042853E-1
2.341294254E1,-9.471005201E-2,-4.525643587E-1,1.674501002E-1
2.342295054E1,-2.823072970E-1,-4.354252219E-1,6.817464530E-2
2.343295754E1,-3.403732777E-1,-2.771207988E-1,1.586536691E-2
2.344296554E1,-2.820094526E-1,-1.050814521E-3,1.700703800E-2
2.345297354E1,-1.364852786E-1,2.990413606E-1,7.139624655E-2
2.346298154E1,2.829250321E-2,5.196337700E-1,1.614705026E-1
2.347298954E1,1.579934955E-1,6.225079298E-1,2.611912191E-1
2.348299754E1,2.417149991E-1,6.056481004E-1,3.298538327E-1
2.349300454E1,2.702496946E-1,4.946545064E-1,3.653015792E-1
2.350301254E1,2.453723252E-1,3.455334902E-1,3.688401580E-1
2.351302054E1,1.978327781E-1,1.999052018E-1,3.595190942E-1
2.352302854E1,1.422022879E-1,6.819687039E-2,3.510367870E-1
2.353303654E1,8.011734486E-2,-5.041233450E-2,3.424638212E-1
2.354304454E1,8.898097090E-3,-1.593342423E-1,3.278364539E-1
2.355305154E1,-6.177021191E-2,-2.518910766E-1,3.162740767E-1
2.356305954E1,-1.399322897E-1,-3.376221359E-1,3.064258993E-1
2.357306754E1,-2.131907940E-1,-4.213114381E-1,2.994343042E-1
2.358307554E1,-2.952256501E-1,-5.094168782E-1,2.796814442E-1
2.359308354E1,-3.699164093E-1,-5.894935727E-1,2.378349304E-1
2.360309154E1,-4.198663533E-1,-6.507058144E-1,1.628153026E-1
2.361309854E1,-4.421114624E-1,-6.796876788E-1,8.866970241E-2
2.362310654E1,-4.351517558E-1,-6.585406661E-1,3.880875930E-2
2.363311454E1,-3.961955905E-1,-5.803747773E-1,3.716612235E-2
2.364312254E1,-3.373265266E-1,-4.731828570E-1,7.175879180E-2
2.365313054E1,-2.635974586E-1,-3.436363041E-1,1.340863407E-1
2.366313854E1,-1.840008348E-1,-2.229834050E-1,2.114527524E-1
2.367314554E1,-1.151748896E-1,-1.290230900E-1,2.807031870E-1
2.368315354E1,-6.453705579E-2,-6.300647557E-2,3.253338039E-1
2.369316154E1,-4.394603148E-2,-5.106645450E-2,3.257527351E-1
2.370316954E1,-4.558742046E-2,-7.086693496E-2,2.830494642E-1
2.371317754E1,-5.206103250E-2,-8.049000800E-2,2.333719134E-1
2.372318554E1,-7.216315717E-2,-8.270696551E-2,1.886682659E-1
2.373319254E1,-1.020984128E-1,-7.643495500E-2,1.514231563E-1
2.374320054E1,-1.354614049E-1,-5.671903118E-2,1.311987787E-1
2.375320854E1,-1.792728007E-1,-5.606256053E-2,1.235142276E-1
2.376321654E1,-2.331317663E-1,-8.169282973E-2,1.176427528E-1
2.377322454E1,-2.778409123E-1,-1.249923706E-1,1.061379015E-1
2.378323254E1,-3.112136722E-1,-1.843860149E-1,8.517277986E-2
2.379323954E1,-3.313096166E-1,-2.244210541E-1,5.714300647E-2
2.380324754E1,-3.339585066E-1,-2.254686356E-1,3.292120993E-2
2.381325554E1,-3.291560411E-1,-1.975925267E-1,2.611283958E-2
2.382326354E1,-3.273549080E-1,-1.539613754E-1,2.953022532E-2
2.383327154E1,-3.187507689E-1,-1.123654619E-1,3.452631459E-2
2.384327954E1,-3.006055653E-1,-6.407362968E-2,4.492187500E-2
2.385328654E1,-2.763761282E-1,-4.171000049E-2,5.168550462E-2
2.386329454E1,-2.448192835E-1,-3.073451668E-2,6.141358614E-2
2.387330304E1,-2.099329382E-1,-2.694377676E-2,6.785151362E-2
2.388331104E1,-1.739767790E-1,-2.576550096E-2,7.821740955E-2
2.389331904E1,-1.416569203E-1,-3.542265669E-2,8.831744641E-2
2.390332704E1,-1.168810278E-1,-6.190161034E-2,9.242653102E-2
2.391333404E1,-1.035015732E-1,-9.145070612E-2,8.314035088E-2
2.392334204E1,-9.737407416E-2,-1.075686738E-1,8.601754904E-2
2.393335004E1,-9.933815897E-2,-1.211057901E-1,9.500038624E-2
2.394335804E1,-8.826030791E-2,-1.041843966E-1,1.040756628E-1
2.395336604E1,-5.349566787E-2,-7.142112404E-2,1.219518706E-1
2.396337404E1,-5.628994200E-3,-2.102771774E-2,1.344175488E-1
2.397338104E1,7.058375329E-2,6.089750677E-2,1.348218173E-1
2.398338904E1,1.580360681E-1,1.552470922E-1,1.273923367E-1
2.399339704E1,2.152311802E-1,2.002878040E-1,1.163577884E-1
2.400340504E1,2.259549648E-1,1.880642474E-1,8.909720927E-2
2.401341304E1,1.896456927E-1,1.182707921E-1,5.491580442E-2
2.402342104E1,1.296495199E-1,9.570017457E-3,3.078392893E-2
2.403342804E1,6.137884781E-2,-1.361712068E-1,-2.251519356E-3
2.404343604E1,3.637224436E-3,-3.001847267E-1,-5.744853616E-2
2.405344404E1,-3.331467137E-2,-4.575232267E-1,-1.264534295E-1
2.406345204E1,-6.130260229E-2,-6.071045399E-1,-2.069488913E-1
2.407346004E1,-8.342415094E-2,-7.187786102E-1,-3.048054278E-1
2.408346804E1,-1.062538251E-1,-7.609255910E-1,-3.998436332E-1
2.409347504E1,-1.443346292E-1,-7.105044723E-1,-4.812058508E-1
2.410348304E1,-1.883959323E-1,-5.645642281E-1,-5.463785529E-1
2.411349104E1,-2.212859690E-1,-3.422150612E-1,-5.861059427E-1
2.412349904E1,-2.300607860E-1,-7.112118602E-2,-5.876113772E-1
2.413350704E1,-2.072947621E-1,2.044837624E-1,-5.534281135E-1
2.414351504E1,-1.581987590E-1,4.110313654E-1,-4.915440679E-1
2.415352204E1,-9.310604632E-2,5.115987062E-1,-4.231770039E-1
2.416353004E1,-1.852165535E-2,5.166226029E-1,-3.619132042E-1
2.417353804E1,5.810494721E-2,4.373948872E-1,-3.069908321E-1
2.418354604E1,1.232326254E-1,2.827943563E-1,-2.801595628E-1
2.419355404E1,1.741157919E-1,1.027191356E-1,-2.731589079E-1
2.420356204E1,2.061223537E-1,-6.492062658E-2,-2.813764513E-1
2.421356904E1,2.056879997E-1,-1.950408220E-1,-2.974233329E-1
2.422357704E1,1.714897007E-1,-2.656653523E-1,-3.135006428E-1
2.423358504E1,1.101994514E-1,-2.811697423E-1,-3.266875446E-1
2.424359304E1,3.788986802E-2,-2.435957789E-1,-3.377032280E-1
2.425360104E1,-4.046911746E-2,-1.739634424E-1,-3.428004980E-1
2.426360904E1,-1.093288958E-1,-8.132798225E-2,-3.396427035E-1
2.427361604E1,-1.550806761E-1,2.196511999E-2,-3.251394033E-1
2.428362404E1,-1.698728204E-1,1.173312813E-1,-3.076218367E-1
2.429363204E1,-1.667222977E-1,1.920262873E-1,-2.943044305E-1
2.430364004E1,-1.629406065E-1,2.250287235E-1,-2.882995307E-1
2.431364804E1,-1.683902293E-1,2.162890136E-1,-2.790461183E-1
2.432365604E1,-1.926710159E-1,1.697478294E-1,-2.746475339E-1
2.433366304E1,-2.321963161E-1,1.071672738E-1,-2.777642310E-1
2.434367104E1,-2.828172147E-1,3.722225875E-2,-2.858116329E-1
2.435367904E1,-3.166872859E-1,-3.715323284E-3,-2.923619449E-1
2.436368704E1,-3.348414004E-1,1.190642361E-3,-2.848556042E-1
2.437369504E1,-3.345833421E-1,4.133060575E-2,-2.593947053E-1
2.438370304E1,-3.152810037E-1,1.029764190E-1,-2.133494467E-1
2.439371004E1,-2.806188762E-1,1.661484689E-1,-1.554241031E-1
2.440371804E1,-2.440381497E-1,2.092882842E-1,-1.013584733E-1
2.441372604E1,-2.101254612E-1,2.198043019E-1,-5.714334175E-2
2.442373404E1,-1.707150787E-1,2.029356956E-1,-1.738128997E-2
2.443374204E1,-1.255902201E-1,1.669476032E-1,2.038526349E-2
2.444375004E1,-7.189512998E-2,1.400889158E-1,5.415512994E-2
2.445375704E1,-9.835488163E-3,1.262894720E-1,8.758792281E-2
2.446376504E1,4.233286902E-2,1.238308549E-1,1.211651266E-1
2.447377304E1,7.819365710E-2,1.280650049E-1,1.583654881E-1
2.448378104E1,9.058554471E-2,1.271523833E-1,1.920939833E-1
2.449378904E1,8.645045012E-2,1.375206113E-1,2.201077789E-1
2.450379604E1,7.775741071E-2,1.635306478E-1,2.400841415E-1
2.451380404E1,7.668788731E-2,2.012948096E-1,2.507239878E-1
2.452381204E1,8.237184584E-2,2.671287358E-1,2.635117769E-1
2.453382004E1,9.686397016E-2,3.453886509E-1,2.866213620E-1
2.454382804E1,1.140767559E-1,4.258522391E-1,3.231265843E-1
2.455383604E1,1.355048120E-1,4.842476845E-1,3.702727854E-1
2.456384304E1,1.590964049E-1,5.000776649E-1,4.173468053E-1
2.457385104E1,1.826438010E-1,4.653111696E-1,4.559136331E-1
2.458385904E1,1.966606081E-1,3.736150861E-1,4.711947739E-1
2.459386704E1,2.036103904E-1,2.538135946E-1,4.668143988E-1
2.460387504E1,2.105694115E-1,1.300162673E-1,4.476019144E-1
2.461388304E1,2.271851301E-1,3.681628406E-2,4.294580817E-1
2.462389004E1,2.463912964E-1,-8.143007755E-3,4.195918441E-1
2.463389804E1,2.615241706E-1,-4.873178434E-3,4.164421260E-1
2.464390604E1,2.781467140E-1,5.696473271E-2,4.146675766E-1
2.465391404E1,2.947241068E-1,1.385844946E-1,4.157410860E-1
2.466392204E1,2.967527807E-1,2.201597244E-1,4.174329042E-1
2.467393004E1,2.810185552E-1,2.805596888E-1,4.196976423E-1
2.468393704E1,2.574982047E-1,2.993597388E-1,4.171277285E-1
2.469394504E1,2.300942689E-1,2.755324543E-1,4.191064537E-1
2.470395304E1,2.012626231E-1,2.237786800E-1,4.256916344E-1
2.471396104E1,1.664942503E-1,1.563988477E-1,4.257185459E-1
2.472396904E1,1.118295789E-1,7.054210454E-2,4.054704607E-1
2.473397704E1,3.151929006E-2,-1.009095460E-2,3.574946523E-1
2.474398404E1,-5.232695118E-2,-5.399978533E-2,2.913932502E-1
2.475399204E1,-9.706725925E-2,-6.137088314E-2,2.336729765E-1
2.476400004E1,-7.672329247E-2,-4.374520108E-2,1.969311982E-1
2.477400804E1,-1.727754995E-2,-8.230086416E-3,1.857845485E-1
2.478401604E1,6.930566579E-2,5.636525899E-2,1.833232492E-1
2.479402404E1,1.756819040E-1,1.568870693E-1,1.923273951E-1
2.480403104E1,2.698298693E-1,2.478615493E-1,2.220789343E-1
2.481403904E1,3.290271461E-1,3.159497976E-1,2.683095336E-1
2.482404704E1,3.542818129E-1,3.567270339E-1,3.050858974E-1
2.483405504E1,3.434688449E-1,3.606112599E-1,3.269033134E-1
2.484406304E1,3.097671270E-1,3.491538465E-1,3.277786672E-1
2.485407004E1,2.681629658E-1,3.318755031E-1,3.073516786E-1
2.486407804E1,2.096520215E-1,3.149232268E-1,2.772915959E-1
2.487408592E1,1.306416243E-1,2.986646295E-1,2.434398979E-1
2.488409392E1,2.929224819E-2,2.850369811E-1,2.143559456E-1
2.489410192E1,-8.623487502E-2,2.693387270E-1,2.027016878E-1
2.490410992E1,-2.113613784E-1,2.486483604E-1,2.023304552E-1
2.491411692E1,-3.400013745E-1,2.118780911E-1,2.074759454E-1
2.492412492E1,-4.605694711E-1,1.599528193E-1,2.193004787E-1
2.493413292E1,-5.559881330E-1,1.023355871E-1,2.257988453E-1
2.494414092E1,-6.207908988E-1,3.716882691E-2,2.273818403E-1
2.495414892E1,-6.334220171E-1,-3.015615046E-2,2.201140821E-1
2.496415692E1,-5.921472907E-1,-9.522762150E-2,2.172891796E-1
2.497416392E1,-5.114337802E-1,-1.587874293E-1,2.144361287E-1
2.498417192E1,-4.006909728E-1,-2.204488516E-1,2.092691511E-1
2.499417992E1,-2.804303467E-1,-2.517183721E-1,2.122074068E-1
2.500418792E1,-1.789743304E-1,-2.620449066E-1,2.255798429E-1
2.501419592E1,-1.119644046E-1,-2.529970706E-1,2.319799513E-1
2.502420392E1,-8.581820130E-2,-2.276919782E-1,2.312245965E-1
2.503421092E1,-9.883147478E-2,-1.860305518E-1,2.249829471E-1
2.504421892E1,-1.288467497E-1,-1.162203997E-1,2.132163197E-1
2.505422692E1,-1.601692438E-1,-3.941536695E-2,1.946442276E-1
2.506423492E1,-1.869068593E-1,2.777889371E-2,1.677994430E-1
2.507424292E1,-2.082262635E-1,7.964635640E-2,1.353765279E-1
2.508424992E1,-2.319183350E-1,1.010499895E-1,1.062258631E-1
2.509425792E1,-2.533772588E-1,9.513617307E-2,8.480153233E-2
2.510426592E1,-2.717113495E-1,8.022324741E-2,6.568997353E-2
2.511427392E1,-2.829256654E-1,6.283520162E-2,5.656438321E-2
2.512428192E1,-2.823269963E-1,4.554941878E-2,5.264447629E-2
2.513428992E1,-2.660108507E-1,3.158167377E-2,4.892776906E-2
2.514429692E1,-2.333818078E-1,2.909487858E-2,5.203276500E-2
2.515430492E1,-1.931734085E-1,2.538562939E-2,5.527622998E-2
2.516431292E1,-1.561908126E-1,1.434012596E-2,5.289659649E-2
2.517432092E1,-1.284023225E-1,-8.161189035E-3,4.687279463E-2
2.518432892E1,-1.121065542E-1,-5.132327229E-2,4.204411805E-2
2.519433692E1,-9.774146229E-2,-1.051292419E-1,3.858120739E-2
2.520434392E1,-8.761367947E-2,-1.820134819E-1,2.369183488E-2
2.521435192E1,-6.832893193E-2,-2.583056092E-1,-2.092092531E-3
2.522435992E1,-3.281641752E-2,-3.166821003E-1,-2.615430020E-2
2.523436792E1,8.832491003E-3,-3.416372240E-1,-3.057807684E-2
2.524437592E1,4.305479303E-2,-3.495045006E-1,-3.891081363E-2
2.525438392E1,7.385105640E-2,-3.371804655E-1,-4.412155598E-2
2.526439092E1,1.017553583E-1,-3.328384757E-1,-4.621313140E-2
2.527439892E1,1.304482520E-1,-3.493101001E-1,-5.788390338E-2
2.528440692E1,1.684065610E-1,-3.622676134E-1,-7.320052385E-2
2.529441492E1,2.206332833E-1,-3.472178578E-1,-9.265065193E-2
2.530442292E1,2.800530791E-1,-3.008798957E-1,-1.042250469E-1
2.531442992E1,3.273228407E-1,-2.427377552E-1,-1.007179320E-1
2.532443792E1,3.573961258E-1,-2.041971982E-1,-8.521140367E-2
2.533444592E1,3.661536574E-1,-2.036632299E-1,-7.264687866E-2
2.534445392E1,3.718727231E-1,-2.290989757E-1,-7.086371630E-2
2.535446192E1,3.675592244E-1,-2.817994654E-1,-8.327058703E-2
2.536446992E1,3.486186564E-1,-3.483635187E-1,-1.038849950E-1
2.537447692E1,2.967192531E-1,-4.435939193E-1,-1.447416246E-1
2.538448492E1,2.117422074E-1,-5.578045845E-1,-2.175034732E-1
2.539449292E1,1.062522680E-1,-6.591082811E-1,-3.094688058E-1
2.540450092E1,-1.623666473E-2,-7.305686474E-1,-4.165637791E-1
2.541450892E1,-1.431416273E-1,-7.300930023E-1,-5.154245496E-1
2.542451692E1,-2.625809312E-1,-6.607269645E-1,-5.933232307E-1
2.543452392E1,-3.674761653E-1,-5.327463746E-1,-6.595944166E-1
2.544453192E1,-4.105788469E-1,-3.415909111E-1,-7.075424790E-1
2.545453992E1,-3.684114218E-1,-1.155417785E-1,-7.295598984E-1
2.546454792E1,-2.616256773E-1,1.309943497E-1,-7.220308781E-1
2.547455592E1,-1.424654573E-1,3.699533939E-1,-6.978003979E-1
2.548456292E1,-5.484056100E-2,5.506960750E-1,-6.305927634E-1
2.549457092E1,-1.655638218E-3,6.360735893E-1,-5.338233709E-1
2.550457892E1,2.018594369E-2,6.150528789E-1,-4.189465940E-1
2.551458692E1,1.957714558E-2,4.875236750E-1,-3.184990883E-1
2.552459492E1,2.589421719E-2,2.919791639E-1,-2.543732524E-1
2.553460292E1,4.133282974E-2,6.296143681E-2,-2.311345190E-1
2.554460992E1,6.845500320E-2,-1.643829197E-1,-2.549035847E-1
2.555461792E1,1.001245156E-1,-3.390282094E-1,-3.093647063E-1
2.556462592E1,1.112160310E-1,-4.486286938E-1,-3.639221489E-1
2.557463392E1,7.643061876E-2,-4.980782866E-1,-4.133027494E-1
2.558464192E1,1.045979839E-2,-4.701933861E-1,-4.520945847E-1
2.559464892E1,-7.946982235E-2,-3.944083452E-1,-4.834195077E-1
2.560465692E1,-1.820224375E-1,-2.944987714E-1,-5.184739232E-1
2.561466492E1,-2.739403844E-1,-1.721973717E-1,-5.500143170E-1
2.562467292E1,-3.418980241E-1,-3.585713357E-2,-5.737259388E-1
2.563468092E1,-3.858827949E-1,8.311319351E-2,-5.890047550E-1
2.564468892E1,-4.158604741E-1,1.622496843E-1,-5.953302979E-1
2.565469592E1,-4.210315347E-1,2.125296295E-1,-5.953279138E-1
2.566470392E1,-3.947455585E-1,2.392556071E-1,-5.951145887E-1
2.567471192E1,-3.389893472E-1,2.512227893E-1,-5.891821384E-1
2.568471992E1,-2.648665011E-1,2.421855479E-1,-5.749865770E-1
2.569472792E1,-1.961169988E-1,2.024458498E-1,-5.553561449E-1
2.570473492E1,-1.440103501E-1,1.572517306E-1,-5.351798534E-1
2.571474292E1,-1.002053395E-1,1.179096401E-1,-5.183860064E-1
2.572475092E1,-7.211890072E-2,9.514653683E-2,-5.053607225E-1
2.573475892E1,-5.958659202E-2,8.358015865E-2,-5.042501688E-1
2.574476692E1,-7.623482496E-2,8.462184668E-2,-5.054980516E-1
2.575477492E1,-1.065498516E-1,1.041412205E-1,-5.072189569E-1
2.576478192E1,-1.347913295E-1,1.435115337E-1,-4.970493913E-1
2.577478992E1,-1.455017626E-1,1.985510737E-1,-4.736223519E-1
2.578479792E1,-1.230630428E-1,2.517337501E-1,-4.400179684E-1
2.579480592E1,-7.302011549E-2,3.005667925E-1,-4.015533924E-1
2.580481392E1,1.258743461E-3,3.296882510E-1,-3.627758324E-1
2.581482092E1,9.238279611E-2,3.351631761E-1,-3.202014863E-1
2.582482892E1,1.988302618E-1,3.223621547E-1,-2.747076750E-1
2.583483692E1,3.137536645E-1,2.939837873E-1,-2.252178788E-1
2.584484492E1,4.333775938E-1,2.564422786E-1,-1.757738441E-1
2.585485292E1,5.523916483E-1,2.387948632E-1,-1.322980076E-1
2.586486092E1,6.494921446E-1,2.394742221E-1,-8.929129690E-2
2.587486792E1,6.961861253E-1,2.655414939E-1,-5.733256787E-2
2.588487592E1,6.669518352E-1,3.034551442E-1,-2.579539455E-2
2.589488392E1,5.523411036E-1,3.172996044E-1,-2.832819475E-3
2.590489192E1,3.751348555E-1,3.045364022E-1,1.235891692E-2
2.591489992E1,1.616297811E-1,2.501333356E-1,1.518053655E-2
2.592490692E1,-5.328647792E-2,1.598519683E-1,1.780089177E-2
2.593491492E1,-2.317797840E-1,3.910531849E-2,3.654048964E-2
2.594492292E1,-3.523491025E-1,-7.239106297E-2,6.995366514E-2
2.595493092E1,-3.934778869E-1,-1.390422434E-1,1.165944040E-1
2.596493892E1,-3.437377214E-1,-1.440026313E-1,1.846322417E-1
2.597494692E1,-1.847190708E-1,-9.468808025E-2,2.616316676E-1
2.598495392E1,4.677833617E-2,-4.356938880E-3,3.529860675E-1
2.599496192E1,2.845906019E-1,7.503721863E-2,4.456443787E-1
2.600496992E1,4.720640481E-1,8.659806103E-2,5.278757215E-1
2.601497792E1,5.749384761E-1,4.319966305E-3,5.828819871E-1
2.602498592E1,5.895574093E-1,-1.596683711E-1,5.820191503E-1
2.603499292E1,5.314972997E-1,-3.483914435E-1,5.171970129E-1
2.604500092E1,4.312508106E-1,-4.893952310E-1,4.030818939E-1
2.605500892E1,3.421576917E-1,-5.582542419E-1,2.818683982E-1
2.606501692E1,3.218485117E-1,-5.286493301E-1,1.914393604E-1
2.607502492E1,3.865233660E-1,-3.822351098E-1,1.539282054E-1
2.608503292E1,5.177325010E-1,-1.342166066E-1,1.711609811E-1
2.609503992E1,6.679710150E-1,1.187101901E-1,2.532025874E-1
2.610504792E1,7.933674455E-1,3.288753927E-1,3.515406847E-1
2.611505592E1,8.784842491E-1,4.697656631E-1,4.783068895E-1
2.612506392E1,8.996542096E-1,5.132065415E-1,6.031258106E-1
2.613507192E1,8.636117578E-1,4.944190085E-1,6.988257170E-1
2.614507892E1,7.986962795E-1,4.403721094E-1,7.631169558E-1
2.615508692E1,7.158988714E-1,3.530957997E-1,7.978270054E-1
2.616509492E1,6.243511438E-1,2.230983675E-1,7.915738821E-1
2.617510292E1,5.271196961E-1,9.672951698E-2,7.435019612E-1
2.618511092E1,4.193918407E-1,3.175546182E-3,6.865049005E-1
2.619511892E1,2.840382755E-1,-6.718649715E-2,6.346475482E-1
2.620512592E1,1.159809083E-1,-1.273480207E-1,5.815920830E-1
2.621513392E1,-7.625404745E-2,-1.896561235E-1,5.287371278E-1
2.622514192E1,-2.778609395E-1,-2.518166602E-1,4.786290526E-1
2.623514992E1,-4.633309543E-1,-2.933022976E-1,4.331790209E-1
2.624515792E1,-6.213439703E-1,-3.126779199E-1,3.884375393E-1
2.625516492E1,-7.455191612E-1,-2.956328988E-1,3.413105011E-1
2.626517292E1,-8.208244443E-1,-2.275618613E-1,2.919862866E-1
2.627518092E1,-8.430029750E-1,-9.092597663E-2,2.579396367E-1
2.628518892E1,-8.044963479E-1,9.179325402E-2,2.432449907E-1
2.629519692E1,-7.378216982E-1,2.826944888E-1,2.474866062E-1
2.630520492E1,-6.575999260E-1,4.409627914E-1,2.541840374E-1
2.631521192E1,-5.723103285E-1,5.387891531E-1,2.648129761E-1
2.632521992E1,-4.898556769E-1,5.737429261E-1,2.750268281E-1
2.633522792E1,-4.232406914E-1,5.654397607E-1,2.864975929E-1
2.634523592E1,-3.698428273E-1,5.321781635E-1,3.168135583E-1
2.635524392E1,-3.291396201E-1,4.756786525E-1,3.461442590E-1
2.636525092E1,-2.835448086E-1,4.003839195E-1,3.536595106E-1
2.637525892E1,-2.344739586E-1,3.277390301E-1,3.273964822E-1
2.638526692E1,-1.946319938E-1,2.572776675E-1,2.733265162E-1
2.639527492E1,-1.856949627E-1,1.932195723E-1,2.076042295E-1
2.640528292E1,-2.053541690E-1,1.493192464E-1,1.370433867E-1
2.641528992E1,-2.497312278E-1,1.267178059E-1,1.023234874E-1
2.642529792E1,-3.100802004E-1,1.199553162E-1,7.999739796E-2
2.643530592E1,-3.729201555E-1,1.573908478E-1,6.815831363E-2
2.644531392E1,-4.186256528E-1,2.359806448E-1,7.370673865E-2
2.645532192E1,-4.669820070E-1,3.153273761E-1,7.919204980E-2
2.646532992E1,-5.145289302E-1,3.720624447E-1,7.101422548E-2
2.647533692E1,-5.533527732E-1,3.851553500E-1,4.394798726E-2
2.648534492E1,-5.661481619E-1,3.721251488E-1,1.171498839E-2
2.649535292E1,-5.447725654E-1,3.346044123E-1,-1.421647705E-2
2.650536092E1,-4.812962711E-1,2.715530396E-1,-4.333277792E-2
2.651536892E1,-3.686440289E-1,2.119453400E-1,-7.326937467E-2
2.652537592E1,-2.552096546E-1,2.078429759E-1,-1.128345653E-1
2.653538392E1,-1.117243767E-1,1.008848324E-1,-1.162958741E-1
2.654539192E1,4.308772832E-2,-9.163937718E-2,-9.653607011E-2
2.655539992E1,1.337467879E-1,-2.227920741E-1,-1.132466048E-1
2.656540792E1,1.844226122E-1,-3.132425249E-1,-1.373953521E-1
2.657541492E1,1.852716357E-1,-3.971504569E-1,-1.714657098E-1
2.658542292E1,1.573134065E-1,-4.282762110E-1,-2.176816016E-1
2.659543092E1,1.155430600E-1,-3.876893520E-1,-2.649340630E-1
2.660543892E1,8.245373517E-2,-2.765158415E-1,-2.867969871E-1
2.661544692E1,5.424845964E-2,-1.304728985E-1,-2.789142728E-1
2.662545492E1,2.890055627E-2,3.355429508E-4,-2.474279851E-1
2.663546192E1,-5.458215252E-3,9.733133018E-2,-1.939583570E-1
2.664546992E1,-4.343280569E-2,1.289557964E-1,-1.354692876E-1
2.665547792E1,-7.339150459E-2,8.623656631E-2,-8.353791386E-2
2.666548592E1,-9.065593034E-2,-4.579551518E-2,-4.829379171E-2
2.667549392E1,-1.086831391E-1,-2.775627077E-1,-3.871094063E-2
2.668550092E1,-1.188581437E-1,-5.483212471E-1,-5.630274862E-2
2.669550892E1,-9.848283231E-2,-7.961065173E-1,-9.004740417E-2
2.670551692E1,-3.917707503E-2,-9.884835482E-1,-1.211146116E-1
2.671552492E1,6.058227643E-2,-1.103134990E0,-1.392161101E-1
2.672553292E1,1.947225928E-1,-1.123247147E0,-1.443025619E-1
2.673553992E1,3.302830756E-1,-1.052575588E0,-1.373101771E-1
2.674554792E1,4.292210639E-1,-8.945975900E-1,-1.346945018E-1
2.675555592E1,4.735158086E-1,-6.743624806E-1,-1.469980478E-1
2.676556392E1,4.574460387E-1,-4.242506027E-1,-1.618259847E-1
2.677557192E1,4.156442583E-1,-1.531339139E-1,-1.725699753E-1
2.678557992E1,3.980695009E-1,1.121597812E-1,-1.547159553E-1
2.679558692E1,4.118231237E-1,3.107112050E-1,-1.283623874E-1
2.680559492E1,4.582312405E-1,4.279548824E-1,-1.144829765E-1
2.681560292E1,5.236533284E-1,4.358660579E-1,-1.095406786E-1
2.682561092E1,5.858302712E-1,3.396225870E-1,-1.071821600E-1
2.683561892E1,6.200995445E-1,1.613281816E-1,-1.200026125E-1
2.684562592E1,6.093401909E-1,-5.913740769E-2,-1.559229046E-1
2.685563392E1,5.638387799E-1,-2.716086507E-1,-2.112002820E-1
2.686564192E1,4.803307652E-1,-4.344049394E-1,-2.793642282E-1
2.687564954E1,3.751281798E-1,-5.043810606E-1,-3.564118743E-1
2.688565754E1,2.556937039E-1,-4.856613874E-1,-4.226800501E-1
2.689566454E1,1.256731302E-1,-4.127850533E-1,-4.717762470E-1
2.690567254E1,-8.041460067E-3,-2.924606800E-1,-5.142347217E-1
2.691568054E1,-1.185634434E-1,-1.358069032E-1,-5.523900986E-1
2.692568854E1,-2.173420191E-1,1.493377239E-2,-5.848963857E-1
2.693569654E1,-2.951947451E-1,1.299993694E-1,-6.014998555E-1
2.694570354E1,-3.518001139E-1,2.066392154E-1,-5.977687836E-1
2.695571154E1,-3.864638209E-1,2.294886112E-1,-5.853800178E-1
2.696571954E1,-3.899191916E-1,2.083075196E-1,-5.677323341E-1
2.697572754E1,-3.750947118E-1,1.654636562E-1,-5.432898402E-1
2.698573554E1,-3.527034521E-1,1.074660271E-1,-5.161382556E-1
2.699574254E1,-3.295533955E-1,6.059412658E-2,-4.859494269E-1
2.700575054E1,-3.090176582E-1,3.566405177E-2,-4.525027275E-1
2.701575854E1,-2.952115536E-1,5.187657475E-2,-4.038318396E-1
2.702576654E1,-2.788070440E-1,1.037320122E-1,-3.419235647E-1
2.703577454E1,-2.741731703E-1,1.616957039E-1,-2.767490745E-1
2.704578254E1,-2.709848881E-1,2.344215065E-1,-2.238449156E-1
2.705578954E1,-2.755311728E-1,2.924802899E-1,-1.828892231E-1
2.706579754E1,-2.721991837E-1,3.346298635E-1,-1.427598000E-1
2.707580554E1,-2.546846569E-1,3.592680991E-1,-9.731190652E-2
2.708581354E1,-2.191368192E-1,3.542285562E-1,-4.461653158E-2
2.709582154E1,-1.637923419E-1,3.163189888E-1,1.090744417E-2
2.710582854E1,-8.748457581E-2,2.531875968E-1,5.902436748E-2
2.711583654E1,-4.822719377E-3,1.731431037E-1,9.121985734E-2
2.712584454E1,8.705500513E-2,9.618174285E-2,9.917471558E-2
2.713585254E1,1.626996994E-1,4.597050324E-2,9.384812415E-2
2.714586054E1,2.122464329E-1,2.511939779E-2,8.852890134E-2
2.715586754E1,2.328656912E-1,4.310798272E-2,9.238675982E-2
2.716587554E1,2.222207934E-1,9.153404832E-2,9.423331171E-2
2.717588354E1,1.893438101E-1,1.556808054E-1,8.589494973E-2
2.718589154E1,1.460790485E-1,2.201079726E-1,7.121316344E-2
2.719589954E1,1.067771837E-1,2.792077661E-1,5.099577084E-2
2.720590654E1,7.414400578E-2,3.236560225E-1,3.323433921E-2
2.721591454E1,3.947284073E-2,3.473616242E-1,2.744462527E-2
2.722592254E1,5.090529099E-3,3.479549885E-1,4.068118706E-2
2.723593054E1,-4.350044206E-2,2.961154878E-1,8.064565063E-2
2.724593854E1,-9.665481746E-2,1.961033195E-1,1.213206798E-1
2.725594554E1,-1.276596040E-1,7.963262498E-2,1.509273052E-1
2.726595354E1,-1.033492237E-1,-1.664310321E-2,1.703045219E-1
2.727596154E1,-1.651871949E-2,-6.639281660E-2,1.935621798E-1
2.728596954E1,1.151821017E-1,-5.320003256E-2,2.094671875E-1
2.729597754E1,2.600381076E-1,4.101408646E-2,2.353254110E-1
2.730598454E1,3.791075051E-1,1.943762153E-1,2.673195601E-1
2.731599254E1,4.480580688E-1,3.562889397E-1,2.972319126E-1
2.732600054E1,4.596833289E-1,4.701498151E-1,3.190677762E-1
2.733600854E1,4.207375348E-1,5.026550293E-1,3.191479445E-1
2.734601654E1,3.585196733E-1,4.917348623E-1,3.107761443E-1
2.735602354E1,2.950658500E-1,4.551251829E-1,2.932429612E-1
2.736603154E1,2.273677140E-1,4.056607485E-1,2.612538636E-1
2.737603954E1,1.545944363E-1,3.611404300E-1,2.109004259E-1
2.738604754E1,5.331615359E-2,3.300649822E-1,1.397511661E-1
2.739605554E1,-7.700537145E-2,3.097749054E-1,5.576411635E-2
2.740606354E1,-2.118071318E-1,2.818624973E-1,-2.589606307E-2
2.741607054E1,-2.914561629E-1,2.876580656E-1,-7.955209911E-2
2.742607854E1,-2.802378833E-1,3.382663131E-1,-6.813155860E-2
2.743608654E1,-1.722821295E-1,4.146468341E-1,8.627139963E-3
2.744609454E1,1.471591648E-2,5.149948001E-1,1.154558659E-1
2.745610254E1,2.349670529E-1,6.164588332E-1,2.514707148E-1
2.746610954E1,4.368730783E-1,6.489480138E-1,3.765857220E-1
2.747611754E1,5.886330009E-1,5.912149549E-1,4.667252004E-1
2.748612554E1,6.823967099E-1,4.753769934E-1,5.154514909E-1
2.749613354E1,7.301157713E-1,3.176707029E-1,5.236892104E-1
2.750614154E1,7.314462662E-1,1.497825235E-1,5.026579499E-1
2.751614854E1,6.913608909E-1,-5.507196300E-3,4.618375599E-1
2.752615654E1,6.069210768E-1,-1.467705518E-1,4.021672010E-1
2.753616454E1,4.832193851E-1,-2.499472797E-1,3.366406560E-1
2.754617254E1,3.197587430E-1,-3.134911656E-1,2.738935947E-1
2.755618054E1,1.341486722E-1,-3.224100769E-1,2.103489637E-1
2.756618754E1,-6.008424237E-2,-2.838826776E-1,1.536643207E-1
2.757619554E1,-2.441728562E-1,-2.294138670E-1,1.081077456E-1
2.758620354E1,-3.933213353E-1,-1.768939346E-1,6.829774380E-2
2.759621154E1,-5.025814772E-1,-1.292574406E-1,2.861691266E-2
2.760621954E1,-5.587236881E-1,-8.081146330E-2,4.191658460E-3
2.761622654E1,-5.544825792E-1,-3.597874567E-2,-2.820444759E-3
2.762623454E1,-5.073499680E-1,-4.477251787E-3,1.355966181E-2
2.763624254E1,-4.296527505E-1,1.982409321E-2,4.124801606E-2
2.764625054E1,-3.416981399E-1,3.688495606E-2,7.728300244E-2
2.765625854E1,-2.595635951E-1,3.530543670E-2,1.141912192E-1
2.766626554E1,-1.901784688E-1,2.042173222E-2,1.402483881E-1
2.767627354E1,-1.301481575E-1,1.045565121E-2,1.542997509E-1
2.768628154E1,-6.607014686E-2,1.380895078E-2,1.710629314E-1
2.769628954E1,-6.747429725E-3,1.942316070E-2,1.902499348E-1
2.770629754E1,4.174957424E-2,1.759452000E-2,2.007796317E-1
2.771630454E1,6.583839655E-2,-4.087338224E-3,2.054846436E-1
2.772631254E1,6.216849759E-2,-4.035356641E-2,2.012675256E-1
2.773632054E1,4.033963382E-2,-8.873760700E-2,1.837572455E-1
2.774632854E1,-3.874900751E-3,-1.455141306E-1,1.514171809E-1
2.775633654E1,-6.373690069E-2,-1.996058524E-1,1.053428873E-1
2.776634354E1,-1.291639954E-1,-2.362016439E-1,5.628354847E-2
2.777635154E1,-1.915011406E-1,-2.538168430E-1,4.375926219E-4
2.778635954E1,-2.399616241E-1,-2.416903079E-1,-5.026798695E-2
2.779636754E1,-2.832859159E-1,-2.129284441E-1,-8.501823992E-2
2.780637554E1,-3.159689605E-1,-1.791034639E-1,-1.064855009E-1
2.781638254E1,-3.263422251E-1,-1.549227536E-1,-1.081409231E-1
2.782639054E1,-3.168650270E-1,-1.460533142E-1,-1.049569324E-1
2.783639854E1,-2.949980795E-1,-1.504110545E-1,-1.109828651E-1
2.784640654E1,-2.613385022E-1,-1.587060839E-1,-1.109242663E-1
2.785641454E1,-2.173124701E-1,-1.820353717E-1,-1.086288840E-1
2.786642154E1,-1.663059592E-1,-2.216991931E-1,-9.601656348E-2
2.787642946E1,-1.040577739E-1,-2.681822479E-1,-7.805726677E-2
2.788643746E1,-2.258740552E-2,-3.204224408E-1,-5.305846781E-2
2.789644546E1,7.660602033E-2,-3.661864698E-1,-2.200361341E-2
2.790645346E1,1.770721376E-1,-4.073134959E-1,2.885605441E-3
2.791646046E1,2.655367553E-1,-4.493107498E-1,1.716334559E-2
2.792646846E1,3.306796849E-1,-5.022177100E-1,8.101066574E-3
2.793647646E1,3.704185784E-1,-5.514411926E-1,-1.848527044E-2
2.794648446E1,3.889711797E-1,-5.884771347E-1,-6.877715141E-2
2.795649246E1,4.021668732E-1,-5.962700844E-1,-1.407890320E-1
2.796649946E1,4.202943444E-1,-5.663802624E-1,-2.219567448E-1
2.797650746E1,4.305541813E-1,-5.109490156E-1,-3.024273515E-1
2.798651546E1,4.104109406E-1,-4.507844746E-1,-3.779004514E-1
2.799652346E1,3.467020094E-1,-3.911152780E-1,-4.519933164E-1
2.800653146E1,2.523315549E-1,-3.284359276E-1,-5.165736079E-1
2.801653846E1,1.438916326E-1,-2.585481703E-1,-5.657480955E-1
2.802654646E1,6.292866915E-2,-1.829801798E-1,-5.921862721E-1
2.803655446E1,2.823939547E-2,-1.139624938E-1,-5.947908759E-1
2.804656246E1,4.752314091E-2,-6.341452897E-2,-5.772672296E-1
2.805657046E1,1.165834367E-1,-2.121381275E-2,-5.508665442E-1
2.806657746E1,2.222743183E-1,9.616862983E-3,-5.182214975E-1
2.807658546E1,3.241538107E-1,4.689748399E-3,-4.880580306E-1
2.808659346E1,3.851146996E-1,-3.725058958E-2,-4.772347510E-1
2.809660146E1,3.885512352E-1,-9.133300185E-2,-4.842266142E-1
2.810660946E1,3.440603912E-1,-1.410938799E-1,-5.084865093E-1
2.811661646E1,2.741582692E-1,-1.717215776E-1,-5.415597558E-1
2.812662446E1,1.749938577E-1,-1.990882158E-1,-5.814765692E-1
2.813663246E1,5.411377549E-2,-2.429912239E-1,-6.283005476E-1
2.814664046E1,-8.010793477E-2,-3.233815432E-1,-6.647075415E-1
2.815664846E1,-2.312420607E-1,-4.601540565E-1,-6.979650855E-1
2.816665546E1,-3.806174695E-1,-6.186904311E-1,-7.344293594E-1
2.817666346E1,-5.077660680E-1,-7.392378449E-1,-7.738862038E-1
2.818667146E1,-5.876275301E-1,-7.887737751E-1,-8.130773902E-1
2.819667946E1,-6.018334031E-1,-7.291432023E-1,-8.375139832E-1
2.820668746E1,-5.564039350E-1,-5.390694141E-1,-8.274412155E-1
2.821669446E1,-4.735700488E-1,-2.082835138E-1,-7.678087950E-1
2.822670246E1,-3.898796737E-1,2.017781585E-1,-6.525687575E-1
2.823671046E1,-3.253233135E-1,5.877771974E-1,-4.949463904E-1
2.824671846E1,-2.830704749E-1,8.496646285E-1,-3.225657344E-1
2.825672646E1,-2.391890436E-1,9.665462375E-1,-1.703652740E-1
2.826673346E1,-1.919983029E-1,9.397116303E-1,-5.822917446E-2
2.827674146E1,-1.419508457E-1,8.050312996E-1,3.514152020E-2
2.828674946E1,-8.852115273E-2,6.110076904E-1,1.097059473E-1
2.829675746E1,-2.069203369E-2,3.887280822E-1,1.740228832E-1
2.830676446E1,5.631786957E-2,1.626924574E-1,2.415352911E-1
2.831677246E1,1.300453693E-1,-5.363824219E-2,3.118930757E-1
2.832678046E1,1.881504655E-1,-2.613108456E-1,3.555655181E-1
2.833678846E1,2.224075049E-1,-4.469707012E-1,3.690517843E-1
2.834679646E1,2.290545702E-1,-6.037711501E-1,3.577300608E-1
2.835680346E1,2.045114189E-1,-7.084611058E-1,3.298723400E-1
2.836681146E1,1.519407332E-1,-7.400755286E-1,2.891297042E-1
2.837681946E1,7.215588540E-2,-7.110502720E-1,2.363181561E-1
2.838682746E1,-3.807558492E-2,-6.326235533E-1,1.825432479E-1
2.839683546E1,-1.698605120E-1,-5.151395202E-1,1.349387169E-1
2.840684246E1,-3.028321862E-1,-3.666496575E-1,9.361014515E-2
2.841685046E1,-4.153603315E-1,-2.153791785E-1,6.952238828E-2
2.842685846E1,-4.999617636E-1,-1.001143306E-1,4.630666971E-2
2.843686646E1,-5.504363775E-1,-3.600272536E-2,2.505704015E-2
2.844687446E1,-5.780371428E-1,-2.743514255E-2,4.696221557E-3
2.845688146E1,-5.817684531E-1,-7.434593141E-2,-1.491156779E-2
2.846688946E1,-5.570437908E-1,-1.464190334E-1,-5.027540028E-2
2.847689746E1,-5.075923204E-1,-1.972419918E-1,-8.503498137E-2
2.848690546E1,-4.444923699E-1,-2.085667104E-1,-1.052907556E-1
2.849691346E1,-3.747186065E-1,-1.730148494E-1,-1.103555560E-1
2.850692046E1,-3.135090172E-1,-1.001150161E-1,-9.270370752E-2
2.851692846E1,-2.737698853E-1,-2.245403826E-2,-6.274554133E-2
2.852693646E1,-2.504589856E-1,5.139748380E-2,-3.338780999E-2
2.853694446E1,-2.422687113E-1,9.732716531E-2,-9.910443798E-3
2.854695246E1,-2.471192926E-1,9.550279379E-2,-2.333325567E-3
2.855695946E1,-2.529281676E-1,6.339892745E-2,-1.800426980E-3
2.856696746E1,-2.504380047E-1,1.525703818E-2,4.510498838E-4
2.857697546E1,-2.419316024E-1,-4.699594900E-2,7.568880916E-3
2.858698346E1,-2.181201428E-1,-9.766740352E-2,1.763381064E-2
2.859699046E1,-1.635652930E-1,-1.172909066E-1,2.971577458E-2
2.860699846E1,-9.156954288E-2,-1.073718518E-1,5.418017507E-2
2.861700646E1,1.109788660E-3,-5.036529899E-2,8.563556522E-2
2.862701446E1,1.057564467E-1,7.303935289E-2,1.240558475E-1
2.863702246E1,2.153604478E-1,2.611959577E-1,1.754378229E-1
2.864702946E1,3.067870140E-1,4.622302651E-1,2.229270339E-1
2.865703746E1,3.708086014E-1,6.370092034E-1,2.741537690E-1
2.866704546E1,4.118512273E-1,7.709123492E-1,3.034566343E-1
2.867705346E1,4.327074885E-1,8.562546372E-1,3.305974305E-1
2.868706146E1,4.253600538E-1,8.903352618E-1,3.533724546E-1
2.869706846E1,4.121646285E-1,8.841809630E-1,3.600047827E-1
2.870707646E1,4.009440541E-1,8.492742181E-1,3.557826877E-1
2.871708446E1,3.451974392E-1,8.474667072E-1,3.495447636E-1
2.872709246E1,3.551075459E-1,7.184293866E-1,3.781504929E-1
2.873710046E1,3.901837766E-1,5.565685630E-1,3.992725611E-1
2.874710746E1,3.795406818E-1,4.106744230E-1,4.145011902E-1
2.875711546E1,3.515050411E-1,2.585442662E-1,4.111053944E-1
2.876712346E1,2.857493758E-1,1.013267934E-1,3.927139640E-1
2.877713146E1,1.805944592E-1,-2.557202801E-2,3.633201420E-1
2.878713946E1,6.605195999E-2,-8.819438517E-2,3.193114698E-1
2.879714646E1,-3.289912269E-2,-9.085834771E-2,2.750082016E-1
2.880715446E1,-9.394872189E-2,-3.115443699E-2,2.398995757E-1
2.881716246E1,-1.091990471E-1,9.870689362E-2,2.276192009E-1
2.882717046E1,-8.381532878E-2,2.758859098E-1,2.446502000E-1
2.883717746E1,-3.592662886E-2,4.393099844E-1,2.853172123E-1
2.884718546E1,1.395505480E-2,5.485965610E-1,3.323609829E-1
2.885719346E1,5.578292906E-2,6.058180332E-1,3.767372370E-1
2.886720146E1,8.266070485E-2,6.089531183E-1,4.119444788E-1
2.887720946E1,1.097413152E-1,5.732973814E-1,4.353555143E-1
2.888721646E1,1.429777592E-1,5.119830966E-1,4.537245333E-1
2.889722446E1,1.876837015E-1,4.421307147E-1,4.812853038E-1
2.890723246E1,2.447612137E-1,3.799207211E-1,5.178596377E-1
2.891724046E1,3.090951741E-1,3.310344219E-1,5.612252355E-1
2.892724846E1,3.568051755E-1,2.859643698E-1,5.829983354E-1
2.893725546E1,3.687126935E-1,2.390029579E-1,5.843101740E-1
2.894726346E1,3.434185982E-1,1.914345324E-1,5.674213171E-1
2.895727146E1,2.867119014E-1,1.393404454E-1,5.475419164E-1
2.896727946E1,2.101485431E-1,9.252543747E-2,5.142282844E-1
2.897728746E1,1.334393770E-1,7.333443314E-2,4.749844670E-1
2.898729446E1,6.020672619E-2,7.261532545E-2,4.329650402E-1
2.899730246E1,3.251299029E-3,1.002570763E-1,4.018358588E-1
2.900731046E1,-2.804901637E-2,1.474091858E-1,3.885927200E-1
2.901731846E1,-3.529148176E-2,2.070794404E-1,3.866584599E-1
2.902732646E1,-3.372338414E-2,2.725438476E-1,3.870362341E-1
2.903733346E1,-3.889577836E-2,3.162612319E-1,3.805687428E-1
2.904734146E1,-4.161011055E-2,3.428230584E-1,3.709168136E-1
2.905734946E1,-4.591803998E-2,3.420097232E-1,3.630522192E-1
2.906735746E1,-5.697023124E-2,3.002514243E-1,3.422183394E-1
2.907736446E1,-6.868893653E-2,2.224855125E-1,3.067807257E-1
2.908737246E1,-6.501297653E-2,1.455276161E-1,2.731963992E-1
2.909738046E1,-5.608259887E-2,8.866833150E-2,2.535342872E-1
2.910738846E1,-5.808802322E-2,4.443071783E-2,2.299032658E-1
2.911739646E1,-5.370419100E-2,3.433094919E-2,2.015272826E-1
2.912740346E1,-5.385612324E-2,5.297737569E-2,1.791210026E-1
2.913741146E1,-6.958182156E-2,7.871975750E-2,1.493769586E-1
2.914741946E1,-9.644119442E-2,1.096591949E-1,1.238207221E-1
2.915742746E1,-1.368216574E-1,1.217350364E-1,1.096423194E-1
2.916743546E1,-1.871264577E-1,1.125560254E-1,8.436825871E-2
2.917744246E1,-2.359565794E-1,9.334611893E-2,3.832912445E-2
2.918745046E1,-2.872644961E-1,7.585016638E-2,-2.005304210E-2
2.919745846E1,-3.463163674E-1,7.776045054E-2,-8.660171181E-2
2.920746646E1,-4.185384810E-1,1.021876559E-1,-1.454049200E-1
2.921747346E1,-4.953866601E-1,1.251763254E-1,-1.827842444E-1
2.922748146E1,-5.409733653E-1,1.710004807E-1,-1.997042894E-1
2.923748946E1,-5.464498997E-1,2.159767449E-1,-1.993383616E-1
2.924749746E1,-5.149205923E-1,2.600882649E-1,-1.731976718E-1
2.925750546E1,-4.509996474E-1,2.900360525E-1,-1.298832297E-1
2.926751246E1,-3.669049144E-1,2.831065357E-1,-7.932354510E-2
2.927752046E1,-2.764088213E-1,2.227044255E-1,-3.241569549E-2
2.928752846E1,-1.858961135E-1,1.402711123E-1,6.760188378E-3
2.929753646E1,-1.027841866E-1,4.941738024E-2,3.720571473E-2
2.930754446E1,-2.892047726E-2,-3.263163939E-2,6.753002107E-2
2.931755146E1,2.766210958E-2,-8.606503159E-2,9.799338877E-2
2.932755946E1,7.081923634E-2,-1.282887012E-1,1.246294975E-1
2.933756746E1,1.024567932E-1,-1.587765664E-1,1.420244724E-1
2.934757546E1,1.198682263E-1,-1.791790575E-1,1.510695666E-1
2.935758246E1,1.243689656E-1,-1.934762299E-1,1.543788165E-1
2.936759046E1,1.130963862E-1,-1.982892156E-1,1.543613225E-1
2.937759846E1,9.437995404E-2,-1.957019418E-1,1.549203247E-1
2.938760646E1,7.183849066E-2,-1.817849576E-1,1.523804963E-1
2.939761446E1,4.686443135E-2,-1.553703845E-1,1.421979070E-1
2.940762146E1,1.946003921E-2,-1.121896878E-1,1.247387007E-1
2.941762946E1,-1.486091502E-2,-7.224945724E-2,1.078646481E-1
2.942763746E1,-5.619438738E-2,-4.825985804E-2,8.757649362E-2
2.943764546E1,-1.003535986E-1,-3.787512705E-2,5.998774618E-2
2.944765346E1,-1.316301823E-1,-3.242139518E-2,3.101688810E-2
2.945766046E1,-1.485068947E-1,-4.136376083E-2,1.024365891E-3
2.946766846E1,-1.535725445E-1,-4.522774369E-2,-1.957018860E-2
2.947767646E1,-1.513727754E-1,-5.347235501E-2,-3.605275974E-2
2.948768446E1,-1.392345279E-1,-5.437778309E-2,-4.465564713E-2
2.949769246E1,-1.145883128E-1,-3.653353825E-2,-3.879030049E-2
2.950769946E1,-8.519028872E-2,-1.739408448E-2,-3.738242015E-2
2.951770746E1,-4.466577247E-2,2.083505690E-2,-2.850077674E-2
2.952771546E1,-5.969509017E-3,5.753714591E-2,-1.047117636E-2
2.953772346E1,1.449768245E-2,7.380586118E-2,4.019776825E-4
2.954773046E1,1.872934215E-2,7.675291598E-2,3.600066062E-3
2.955773846E1,1.604151679E-3,5.923331156E-2,-1.392295468E-3
2.956774646E1,-2.717248350E-2,3.177265823E-2,-1.395695191E-2
2.957775446E1,-5.476310104E-2,1.191692799E-2,-2.038076147E-2
2.958776246E1,-7.603316009E-2,-1.495574787E-2,-2.958626486E-2
2.959776946E1,-8.210356534E-2,-3.835428134E-2,-3.987751901E-2
2.960777746E1,-7.325755805E-2,-4.847297072E-2,-4.584429413E-2
2.961778546E1,-5.172244087E-2,-5.009829998E-2,-4.331376031E-2
2.962779346E1,-3.722330183E-2,-4.897172004E-2,-3.417224437E-2
2.963780146E1,-3.227328509E-2,-5.408951640E-2,-2.981344797E-2
2.964780846E1,-4.382810369E-2,-6.244571507E-2,-2.568305098E-2
2.965781646E1,-5.670741573E-2,-6.893317401E-2,-3.133587539E-2
2.966782446E1,-7.607953995E-2,-7.314236462E-2,-4.161980003E-2
2.967783246E1,-9.475228935E-2,-7.534586638E-2,-5.867867544E-2
2.968783946E1,-1.101123691E-1,-6.143984199E-2,-7.247352600E-2
2.969784746E1,-1.148765013E-1,-4.264910892E-2,-7.433614135E-2
2.970785546E1,-1.043262556E-1,-1.705352589E-2,-6.505205482E-2
2.971786346E1,-8.182094991E-2,1.938275993E-3,-5.729053542E-2
2.972787146E1,-5.914155766E-2,8.879749104E-3,-4.856197163E-2
2.973787846E1,-3.406843171E-2,1.401885133E-2,-3.878657147E-2
2.974788646E1,-1.277142670E-2,1.181210950E-2,-3.064408153E-2
2.975789446E1,1.622426556E-3,-3.616115078E-3,-3.003448248E-2
2.976790246E1,1.218808908E-2,-2.241374552E-2,-3.745437041E-2
2.977791046E1,8.241283707E-3,-4.630522802E-2,-4.323289916E-2
2.978791746E1,-1.890753582E-2,-6.366593391E-2,-4.784599692E-2
2.979792546E1,-4.653463513E-2,-6.128240004E-2,-5.121755600E-2
2.980793346E1,-6.394515187E-2,-4.756913707E-2,-4.845574871E-2
2.981794146E1,-6.342237443E-2,-2.291306108E-2,-3.829579055E-2
2.982794846E1,-5.157964677E-2,-3.083218820E-3,-2.217053808E-2
2.983795646E1,-3.975707293E-2,3.431405639E-3,-1.996292500E-3
2.984796446E1,-2.940846048E-2,3.723823000E-3,3.196443617E-2
2.985797246E1,-2.789099142E-2,-1.219522208E-2,6.421665102E-2
2.986798046E1,-2.445864677E-2,-3.503172100E-2,7.871517539E-2
2.987798758E1,-1.845774613E-2,-4.829506204E-2,8.066221327E-2
2.988799558E1,-1.636130735E-2,-6.173481792E-2,7.524406165E-2
2.989800358E1,-1.329361275E-2,-6.901589781E-2,6.746789813E-2
2.990801158E1,-1.273518708E-2,-6.821113825E-2,6.783979386E-2
2.991801958E1,-1.199163217E-2,-6.170636788E-2,6.910532713E-2
2.992802658E1,-1.211859472E-2,-5.354224890E-2,7.167363167E-2
2.993803458E1,-1.839965954E-2,-3.709642962E-2,6.817796826E-2
2.994804258E1,-3.117956594E-2,-2.373775467E-2,6.160137802E-2
2.995805058E1,-4.436220974E-2,-2.094010450E-2,5.018573999E-2
2.996805758E1,-5.975696445E-2,-2.004068717E-2,4.596491903E-2
2.997806558E1,-6.669742614E-2,-1.942017302E-2,4.598223045E-2
2.998807358E1,-5.988214165E-2,-1.266635582E-2,5.119263381E-2
2.999808158E1,-5.025268719E-2,-1.262747310E-2,5.349893123E-2
3.000808958E1,-3.668048605E-2,-1.403280348E-2,5.282204971E-2
3.001809658E1,-1.673820615E-2,-1.677479409E-2,5.227796361E-2
3.002810458E1,-1.164837973E-3,-2.334374748E-2,5.058952048E-2
3.003811258E1,1.607220434E-2,-2.841254137E-2,5.115118250E-2
3.004812058E1,2.215551957E-2,-3.512014076E-2,5.449698120E-2
3.005812758E1,2.607143298E-2,-3.567461297E-2,5.799797550E-2
3.006813558E1,2.707847580E-2,-3.369668126E-2,5.854961649E-2
3.007814358E1,3.694628924E-2,-2.761694789E-2,6.548209488E-2
3.008815158E1,4.794040695E-2,-2.652612701E-2,6.989261508E-2
3.009815958E1,4.920354486E-2,-3.015734628E-2,6.412447244E-2
3.010816658E1,4.578777403E-2,-2.460145950E-2,5.864368752E-2
3.011817458E1,4.132724553E-2,-9.138881229E-3,5.536853150E-2
3.012818258E1,3.669449314E-2,-4.012584686E-4,4.843971133E-2
3.013819058E1,2.833483182E-2,7.750596851E-4,4.155197740E-2
3.014819858E1,1.422374789E-2,-6.044757552E-3,1.799944788E-2
3.015820558E1,-1.140827895E-3,7.092850283E-4,-4.282945883E-4
3.016821358E1,-1.011504699E-2,1.158792153E-2,-6.263389252E-3
3.017822158E1,-2.418266237E-2,1.281643845E-2,-6.594154052E-3
3.018822958E1,-2.095483057E-2,2.345650084E-2,-4.284269526E-4
3.019823658E1,-4.862146452E-3,2.934048884E-2,1.595374197E-2
3.020824458E1,1.092316862E-2,1.716595143E-2,2.948010899E-2
3.021825258E1,2.061813883E-2,3.823513864E-3,3.791487217E-2
3.022826058E1,2.384695597E-2,-1.406920142E-2,3.834097832E-2
3.023826858E1,1.685908623E-2,-2.344379388E-2,2.879248187E-2
3.024827558E1,1.147737168E-2,-1.972708665E-2,1.655072905E-2
3.025828358E1,6.533212960E-3,-8.554326370E-3,1.031893212E-2
3.026829158E1,-1.433961908E-3,3.597158939E-3,2.645769622E-3
3.027829958E1,-5.064915866E-3,2.241665311E-2,3.359496593E-3
3.028830658E1,-6.029266864E-3,3.009593114E-2,1.057648379E-2
3.029831458E1,-2.898987383E-3,2.470329404E-2,1.353285834E-2
3.030832258E1,1.934450003E-3,1.367589459E-2,1.428382006E-2
3.031833058E1,5.048650783E-4,-2.233828884E-3,8.768413216E-3
3.032833858E1,1.777380938E-3,-1.613819227E-2,1.071676495E-3
3.033834558E1,3.407768440E-3,-2.106504142E-2,-3.622944001E-3
3.034835358E1,5.918494891E-3,-1.047138218E-2,-5.939113908E-4
3.035836158E1,1.277054287E-2,-7.391269319E-4,1.956065418E-3
3.036836958E1,2.453564852E-2,4.528042860E-3,9.392235661E-4
3.037837658E1,3.487990052E-2,6.784272846E-3,-1.864019781E-3
3.038838458E1,3.738769889E-2,-8.089615963E-3,-1.141442917E-2
3.039839258E1,3.504118696E-2,-2.420333773E-2,-2.257547155E-2
3.040840058E1,3.396336362E-2,-3.263360634E-2,-2.844575979E-2
3.041840858E1,3.207438067E-2,-3.729626909E-2,-3.591459244E-2
3.042841558E1,3.474061564E-2,-2.686915174E-2,-3.709678724E-2
3.043842358E1,3.594862670E-2,-1.354509033E-2,-3.187619150E-2
3.044843158E1,3.830595687E-2,-7.824098691E-3,-2.758221328E-2
3.045843958E1,4.840040207E-2,-2.739058807E-3,-1.706512459E-2
3.046844658E1,6.371341646E-2,-1.185768750E-3,-7.853735238E-3
3.047845458E1,7.482545078E-2,-5.673728418E-3,2.134450246E-3
3.048846258E1,8.375906944E-2,-1.543177664E-2,7.196469698E-3
3.049847058E1,7.904554158E-2,-2.254747599E-2,1.092888974E-2
3.050847858E1,6.120743603E-2,-2.967760898E-2,8.621707559E-3
3.051848558E1,3.661474213E-2,-3.959415853E-2,5.880154204E-4
3.052849358E1,7.049968001E-3,-4.670676216E-2,-8.408048190E-3
3.053850158E1,-2.715327591E-2,-4.804393649E-2,-2.328659594E-2
3.054850958E1,-5.893076584E-2,-3.925093263E-2,-3.241699189E-2
3.055851658E1,-8.022248000E-2,-3.103961051E-2,-3.452595323E-2
3.056852458E1,-8.745031059E-2,-2.416114695E-2,-2.933509834E-2
3.057853258E1,-8.876244724E-2,-4.415405914E-3,-2.302873321E-2
3.058854058E1,-8.290089667E-2,-5.757485516E-3,-1.712344773E-2
3.059854858E1,-7.369274646E-2,1.781390980E-3,-1.996770315E-2
3.060855558E1,-6.126638129E-2,-3.735260107E-4,-2.359332331E-2
3.061856358E1,-5.691158026E-2,-1.673705317E-2,-2.563516796E-2
3.062857158E1,-5.797098577E-2,-3.645776212E-2,-3.351332992E-2
3.063857958E1,-4.869146645E-2,-4.295773804E-2,-3.589845821E-2
3.064858658E1,-3.415138274E-2,-3.931062296E-2,-3.208261356E-2
3.065859458E1,-7.511516102E-3,-2.830590867E-2,-2.965780348E-2
3.066860258E1,1.911390573E-2,-2.057350054E-2,-3.017728403E-2
3.067861058E1,4.823450372E-2,-1.289906912E-2,-2.719933726E-2
3.068861858E1,7.421722263E-2,-4.506837111E-3,-3.061834350E-2
3.069862558E1,9.005478024E-2,-7.387306541E-4,-3.031793796E-2
3.070863358E1,9.389152378E-2,-5.831550341E-3,-3.701506928E-2
3.071864158E1,8.892978728E-2,-1.610762440E-2,-3.963269293E-2
3.072864958E1,8.827429265E-2,-2.057475224E-2,-4.588001966E-2
3.073865658E1,8.614722639E-2,-2.397907153E-2,-4.932295531E-2
3.074866458E1,7.629247010E-2,-2.896848135E-2,-5.458391830E-2
3.075867258E1,6.331834197E-2,-3.096265532E-2,-5.298309028E-2
3.076868058E1,4.779467359E-2,-3.521640226E-2,-4.823137075E-2
3.077868858E1,3.742592037E-2,-3.697275743E-2,-4.222194850E-2
3.078869558E1,3.969065472E-2,-3.557987139E-2,-3.698555380E-2
3.079870358E1,4.811370000E-2,-3.129351139E-2,-3.463158384E-2
3.080871158E1,5.593118072E-2,-2.917986549E-2,-3.152064979E-2
3.081871958E1,5.790644884E-2,-3.191173822E-2,-2.862766013E-2
3.082872658E1,5.523292348E-2,-3.419613093E-2,-2.192356065E-2
3.083873458E1,5.031939223E-2,-4.113579541E-2,-1.957465149E-2
3.084874258E1,3.689786419E-2,-4.672176018E-2,-2.025471441E-2
3.085875058E1,2.361295000E-2,-4.770233855E-2,-2.718772180E-2
3.086875858E1,1.108029392E-2,-3.660474718E-2,-2.833184600E-2
3.087876546E1,3.898014780E-3,-2.566554584E-2,-3.039366566E-2
3.088877346E1,-2.984884195E-3,-2.949539758E-2,-3.509053588E-2
3.089878146E1,-9.568868554E-4,-3.141553700E-2,-4.484622553E-2
3.090878946E1,3.938278533E-4,-2.974136919E-2,-5.165815353E-2
3.091879646E1,-9.316274081E-4,-3.648609295E-2,-5.255883560E-2
3.092880446E1,-4.414245486E-3,-4.287046939E-2,-5.430514365E-2
3.093881246E1,-1.307724230E-2,-4.911505058E-2,-6.050764769E-2
3.094882046E1,-2.560212091E-2,-5.014042556E-2,-6.488052756E-2
3.095882846E1,-2.377146296E-2,-3.285491094E-2,-6.468345225E-2
3.096883546E1,-9.159564972E-3,-1.228728984E-2,-5.282498896E-2
3.097884346E1,1.236596704E-2,7.765513845E-3,-3.985326365E-2
3.098885146E1,3.506155312E-2,1.941373572E-2,-2.147258632E-2
3.099885946E1,5.183041468E-2,1.016617473E-2,-6.949570030E-3
3.100886646E1,5.220085382E-2,-1.921581104E-2,-1.761252875E-3
3.101887446E1,3.930609673E-2,-4.550520703E-2,-1.079123281E-2
3.102888246E1,2.397819608E-2,-5.894558132E-2,-2.146904729E-2
3.103889046E1,-1.826502965E-3,-6.272087991E-2,-2.481051534E-2
3.104889846E1,-2.772771940E-2,-5.423312262E-2,-2.325783297E-2
3.105890546E1,-5.418090150E-2,-4.519009218E-2,-1.579911821E-2
3.106891346E1,-6.782463938E-2,-3.910771012E-2,-1.084414311E-2
3.107892146E1,-6.079762429E-2,-2.496525645E-2,-5.714895669E-3
3.108892946E1,-4.186811298E-2,-2.080425806E-2,2.581084147E-3
3.109893646E1,-1.430333406E-2,-1.629339531E-2,1.154315379E-2
3.110894446E1,9.190617129E-3,-2.088075876E-2,1.901505515E-2
3.111895246E1,2.690995857E-2,-2.935893089E-2,2.403244935E-2
3.112896046E1,3.629637882E-2,-3.860276192E-2,2.901170403E-2
3.113896846E1,4.243603349E-2,-4.200628400E-2,2.550352179E-2
3.114897546E1,3.943897039E-2,-4.417051747E-2,1.617500931E-2
3.115898346E1,3.098103777E-2,-4.095022380E-2,1.047455706E-3
3.116899146E1,1.816201210E-2,-3.213567659E-2,-1.141843200E-2
3.117899946E1,5.885371473E-3,-2.416297235E-2,-1.893547177E-2
3.118900646E1,-4.417666350E-4,-1.041307300E-2,-1.860710233E-2
3.119901446E1,3.689861158E-3,2.010840923E-3,-2.080527693E-2
3.120902246E1,1.773343980E-2,1.088480558E-2,-2.270637825E-2
3.121903046E1,3.262530267E-2,1.050930005E-2,-2.707902156E-2
3.122903746E1,4.180197418E-2,4.081217572E-3,-3.424839675E-2
3.123904546E1,3.937663510E-2,-7.035882678E-3,-4.413271695E-2
3.124905346E1,2.280584536E-2,-1.835215837E-2,-5.422083288E-2
3.125906146E1,6.096640136E-3,-1.368257217E-2,-6.148753688E-2
3.126906946E1,-1.216717251E-2,-1.343645807E-2,-6.361462176E-2
3.127907646E1,-2.777222916E-2,-9.189249016E-3,-6.805810332E-2
3.128908446E1,-3.249234334E-2,2.449493855E-3,-7.260132581E-2
3.129909246E1,-2.935460396E-2,1.161076780E-2,-7.445035875E-2
3.130910046E1,-2.917496301E-2,1.264438406E-2,-7.282371074E-2
3.131910746E1,-2.618449926E-2,1.291123312E-2,-7.259787619E-2
3.132911546E1,-2.920573205E-2,4.772437736E-3,-6.904461980E-2
3.133912346E1,-2.936019376E-2,7.123742718E-3,-6.081598252E-2
3.134913146E1,-2.092450485E-2,1.655142009E-2,-4.895099625E-2
3.135913946E1,-1.598514058E-2,1.747313887E-2,-4.681168124E-2
3.136914646E1,-1.415735669E-2,1.277743932E-2,-4.438532144E-2
3.137915446E1,-1.946477033E-2,6.600503344E-3,-3.926725686E-2
3.138916246E1,-2.134227566E-2,1.058227569E-2,-3.757165372E-2
3.139917046E1,-2.553595416E-2,1.637784764E-2,-3.467093781E-2
3.140917746E1,-2.919878624E-2,2.827451751E-2,-3.466515988E-2
3.141918546E1,-3.448089957E-2,4.752198234E-2,-2.551240474E-2
3.142919346E1,-3.872778267E-2,6.055214256E-2,-9.524108842E-3
3.143920146E1,-4.044206068E-2,6.278866529E-2,5.113422871E-3
3.144920946E1,-3.751116246E-2,5.001420155E-2,1.056781784E-2
3.145921646E1,-2.362730727E-2,2.791183256E-2,8.678571321E-3
3.146922446E1,-4.008029588E-3,8.279307745E-3,6.673519034E-3
3.147923246E1,1.098077372E-2,-1.070024259E-2,1.685950672E-3
3.148924046E1,1.809594408E-2,-1.987256855E-2,-8.064481081E-4
3.149924746E1,1.567752846E-2,-1.502508391E-2,-3.015007591E-3
3.150925546E1,1.000050735E-2,-4.521677271E-3,-9.330066852E-3
3.151926346E1,6.311231293E-3,1.299632993E-2,-1.318312809E-2
3.152927146E1,1.371258777E-2,2.905624360E-2,-1.610099152E-2
3.153927846E1,2.629043162E-2,3.678393736E-2,-2.253811806E-2
3.154928646E1,3.578490764E-2,3.595319763E-2,-2.530051954E-2
3.155929446E1,3.729465231E-2,2.824387699E-2,-2.533860318E-2
3.156930246E1,3.616530448E-2,1.579547673E-2,-2.116798982E-2
3.157931046E1,3.180757537E-2,2.763831057E-3,-2.175441757E-2
3.158931746E1,2.246909775E-2,-7.266576402E-3,-2.553359978E-2
3.159932546E1,1.384604815E-2,-5.205289461E-3,-3.025511838E-2
3.160933346E1,1.232093759E-2,8.029349148E-3,-2.890630439E-2
3.161934146E1,1.526745968E-2,2.524215728E-2,-2.832254022E-2
3.162934846E1,1.340765599E-2,3.757968917E-2,-3.601450846E-2
3.163935646E1,8.771358989E-3,3.439081833E-2,-4.591054842E-2
3.164936446E1,-3.695072373E-4,2.400447614E-2,-5.642161518E-2
3.165937246E1,-4.396206699E-3,7.153589744E-3,-5.724985898E-2
3.166937946E1,-7.721339352E-3,-1.031192951E-3,-5.727519095E-2
3.167938746E1,-1.296803262E-2,-1.599777490E-3,-4.500733688E-2
3.168939546E1,-2.078786492E-2,6.404725835E-3,-2.635176480E-2
3.169940346E1,-3.218752518E-2,1.844327897E-2,-1.194672566E-2
3.170941146E1,-3.507423401E-2,3.549056873E-2,8.552268147E-3
3.171941846E1,-2.814761549E-2,5.168525130E-2,3.012387455E-2
3.172942646E1,-1.716410182E-2,6.029512361E-2,4.944127053E-2
3.173943446E1,1.322497847E-3,6.111723930E-2,6.502661854E-2
3.174944246E1,1.933131926E-2,4.370269924E-2,7.110735774E-2
3.175944946E1,3.390786797E-2,1.809321158E-2,7.138858736E-2
3.176945746E1,3.940058500E-2,-7.005472202E-3,7.381157577E-2
3.177946546E1,2.971572988E-2,-2.520977706E-2,7.585954666E-2
3.178947346E1,1.256575156E-2,-3.056321107E-2,7.192188501E-2
3.179948046E1,-7.957632653E-3,-2.787688188E-2,6.679902971E-2
3.180948846E1,-2.064086311E-2,-1.966162398E-2,5.947547406E-2
3.181949646E1,-1.772177219E-2,-5.074958317E-3,5.304101110E-2
3.182950446E1,3.412829246E-4,-9.293150157E-3,5.613949522E-2
3.183951246E1,2.686503530E-2,-1.013177820E-2,5.451789498E-2
3.184951946E1,4.753126949E-2,3.465799615E-3,5.274326727E-2
3.185952746E1,6.061271578E-2,1.056711841E-2,5.213287100E-2
3.186953546E1,6.377407163E-2,1.428243332E-2,5.360114947E-2
3.187954392E1,5.592760071E-2,1.770752482E-2,5.176010728E-2
3.188955092E1,4.590488970E-2,1.848253794E-2,5.270182714E-2
3.189955892E1,2.909874544E-2,6.781939883E-3,4.607082158E-2
3.190956692E1,9.050833993E-3,-5.481362808E-3,3.430081904E-2
3.191957492E1,-4.083876964E-3,-1.017145626E-2,2.273124829E-2
3.192958192E1,-8.921213448E-3,-5.507817492E-3,1.639344729E-2
3.193958992E1,-4.176526330E-3,1.271592639E-2,1.288126875E-2
3.194959792E1,-1.110426267E-3,2.278281376E-2,1.459107175E-2
3.195960592E1,-4.198894370E-3,1.674409583E-2,1.057928707E-2
3.196961392E1,3.549580928E-3,1.595858112E-2,1.038093306E-2
3.197962092E1,1.317717414E-2,1.903666370E-2,1.663856208E-2
3.198962892E1,1.700892299E-2,1.783093065E-2,2.393077873E-2
3.199963692E1,1.597641408E-2,1.702239551E-2,3.091758303E-2
3.200964492E1,1.199579611E-2,1.311459206E-2,3.360662609E-2
3.201965192E1,6.850302685E-3,1.480543241E-2,3.386575356E-2
3.202965992E1,5.438589142E-4,9.424714372E-3,3.048920631E-2
3.203966792E1,-5.562236998E-3,1.371581573E-3,2.327097580E-2
3.204967592E1,-3.616323462E-3,6.517754402E-3,2.177799866E-2
3.205968292E1,-4.318599124E-3,1.314449776E-2,2.685318515E-2
3.206969092E1,-1.374149695E-3,1.909891330E-2,4.048298672E-2
3.207969892E1,3.928576480E-4,2.081026137E-2,5.203897506E-2
3.208970692E1,-2.897586673E-3,1.417992450E-2,6.197667494E-2
3.209971392E1,-4.257130437E-3,9.469431825E-4,6.324513257E-2
3.210972192E1,-6.128080189E-3,-9.675942361E-3,6.096048653E-2
3.211972992E1,-6.339787506E-4,-5.219407845E-3,6.219379976E-2
3.212973792E1,8.679667488E-3,4.933528602E-3,6.880439073E-2
3.213974592E1,1.450107060E-2,8.352494799E-3,8.190581203E-2
3.214975292E1,1.699964888E-2,6.527635269E-4,9.372065961E-2
3.215976092E1,1.717808098E-2,-1.420021802E-2,1.012438238E-1
3.216976892E1,1.353688911E-2,-3.434593603E-2,9.905495495E-2
3.217977692E1,1.112885959E-2,-4.759143665E-2,8.959540725E-2
3.218978392E1,1.395833213E-2,-4.807738587E-2,7.569962740E-2
3.219979192E1,1.580603234E-2,-3.708225861E-2,6.818179041E-2
3.220979992E1,1.459756773E-2,-2.055514231E-2,6.848344952E-2
3.221980792E1,1.149898022E-2,-4.904543981E-3,7.662686706E-2
3.222981492E1,1.095266826E-2,-9.252708405E-4,7.888166606E-2
3.223982292E1,6.545137148E-3,-4.826801363E-3,7.338783145E-2
3.224983092E1,-8.612937294E-3,-1.588891074E-2,6.239239872E-2
3.225983892E1,-3.004312702E-2,-2.173348516E-2,4.951308668E-2
3.226984692E1,-5.065003037E-2,-2.383139171E-2,4.338131472E-2
3.227985392E1,-6.394719332E-2,-2.921923436E-2,3.460593149E-2
3.228986192E1,-5.844422057E-2,-3.455480933E-2,2.589625306E-2
3.229986992E1,-4.602803290E-2,-4.371128976E-2,1.738159359E-2
3.230987792E1,-2.840670198E-2,-4.580917209E-2,1.124926843E-2
3.231988492E1,-8.576804772E-3,-4.279926792E-2,1.282878965E-2
3.232989292E1,5.689983256E-3,-3.731587157E-2,1.783183962E-2
3.233990092E1,1.444246154E-2,-3.282258660E-2,1.476547495E-2
3.234990892E1,2.501243167E-2,-2.504160069E-2,7.988511585E-3
3.235991592E1,3.326716274E-2,-2.032354474E-2,-1.482487423E-3
3.236992392E1,3.541867435E-2,-9.714962915E-3,-1.054869499E-2
3.237993192E1,2.434285358E-2,-4.519401118E-3,-1.671657711E-2
3.238993992E1,3.089811420E-3,-7.422506809E-3,-2.799883485E-2
3.239994792E1,-8.539946750E-3,-8.106939495E-3,-3.514409810E-2
3.240995492E1,-7.401266135E-3,-6.344368216E-3,-3.671780974E-2
3.241996292E1,-3.891631495E-4,-8.617187850E-4,-3.820119053E-2
3.242997092E1,1.272975653E-2,5.164675880E-3,-4.023336992E-2
3.243997892E1,2.635475621E-2,1.081377268E-2,-4.636689648E-2
3.244998592E1,3.610156476E-2,1.468237676E-2,-4.935866594E-2
3.245999392E1,4.157596081E-2,9.471102618E-3,-5.332810804E-2
3.247000192E1,4.591373354E-2,7.483681664E-3,-5.034265295E-2
3.248000992E1,4.909700900E-2,1.014064532E-3,-4.227620736E-2
3.249001692E1,4.983666539E-2,-1.355286781E-2,-3.775804862E-2
3.250002492E1,4.915383086E-2,-2.029092982E-2,-4.070483893E-2
3.251003292E1,4.331135377E-2,-1.882464811E-2,-4.201268032E-2
3.252004092E1,3.083764203E-2,-1.256941631E-2,-4.339485988E-2
3.253004792E1,1.379050035E-2,-8.423723280E-3,-3.949315101E-2
3.254005592E1,-5.487576127E-4,-3.495809156E-3,-3.985693678E-2
3.255006392E1,-7.852957584E-3,1.380802132E-4,-3.371128067E-2
3.256007192E1,-1.415852364E-2,-2.761036623E-3,-2.878842875E-2
3.257007992E1,-2.093927562E-2,-1.274183951E-2,-2.425725013E-2
3.258008692E1,-3.131628409E-2,-2.329621278E-2,-2.511771768E-2
3.259009492E1,-3.766670078E-2,-2.936381474E-2,-2.588113211E-2
3.260010292E1,-4.029843584E-2,-2.423509955E-2,-2.636050060E-2
3.261011092E1,-3.176055104E-2,-8.105542511E-3,-2.028102800E-2
3.262011792E1,-1.622473635E-2,-8.907737210E-4,-1.688549668E-2
3.263012592E1,-1.599589130E-3,-5.393838044E-3,-2.176886797E-2
3.264013392E1,7.729730103E-3,-1.125225984E-2,-2.174569853E-2
3.265014192E1,6.780464202E-3,-2.539974824E-2,-2.510955743E-2
3.266014892E1,2.661619568E-3,-2.920700237E-2,-2.927287668E-2
3.267015692E1,2.788548358E-3,-1.315561030E-2,-2.734556980E-2
3.268016492E1,1.178071182E-2,1.054751221E-3,-2.615300752E-2
3.269017292E1,2.738685533E-2,1.207193267E-2,-2.933876589E-2
3.270017992E1,3.583999723E-2,1.163970120E-2,-2.985728346E-2
3.271018792E1,3.230281547E-2,4.713147879E-3,-3.145574778E-2
3.272019592E1,2.829954959E-2,2.598864492E-3,-3.466458991E-2
3.273020392E1,1.256909687E-2,-5.324404221E-3,-3.307245672E-2
3.274021092E1,7.546640467E-3,-4.101747181E-3,-3.003139421E-2
3.275021892E1,6.434229203E-3,-1.431776211E-3,-2.729105204E-2
3.276022692E1,8.030793630E-3,-8.298205212E-3,-3.008337691E-2
3.277023492E1,1.466802508E-2,-4.716498777E-3,-2.555038594E-2
3.278024292E1,2.078983374E-2,-5.078689195E-3,-1.968717016E-2
3.279024992E1,2.485772036E-2,-7.660795469E-3,-1.423139218E-2
3.280025792E1,3.269061074E-2,-2.579483669E-3,-3.801121376E-3
3.281026592E1,3.619492799E-2,-2.976220567E-3,4.190027714E-3
3.282027392E1,3.023237549E-2,-5.743244197E-3,2.747393446E-3
3.283028092E1,1.254628506E-2,-1.154031698E-2,-5.316220690E-3
3.284028892E1,-7.430352736E-3,-3.022931516E-2,-2.154019848E-2
3.285029692E1,-2.759940177E-2,-1.918419451E-2,-4.230972752E-2
3.286030492E1,-3.912609443E-2,-1.650691777E-2,-4.635986313E-2
3.287031192E1,-3.155731410E-2,-8.081672713E-3,-4.551198706E-2
3.288031942E1,-1.325820014E-2,-1.055455767E-3,-4.010284320E-2
3.289032742E1,5.671360530E-3,-5.140677094E-3,-3.274034336E-2
3.290033542E1,2.065403946E-2,-1.238367520E-2,-2.577298135E-2
3.291034242E1,2.649518289E-2,-1.791260764E-2,-2.051194198E-2
3.292035042E1,2.621075697E-2,-2.091771923E-2,-1.888714731E-2
3.293035842E1,1.962666959E-2,-1.721005514E-2,-2.257513627E-2
3.294036642E1,1.865541562E-2,-8.916439489E-3,-2.847030945E-2
3.295037442E1,1.265144162E-2,-5.781170912E-4,-3.316845372E-2
3.296038142E1,3.444893751E-3,3.015552415E-3,-3.672723472E-2
3.297038942E1,-8.538812399E-3,-2.201680560E-3,-4.393486306E-2
3.298039742E1,-2.051131986E-2,-3.341513220E-3,-5.106041953E-2
3.299040542E1,-2.687854134E-2,-4.075137433E-3,-5.470994487E-2
3.300041242E1,-2.000785246E-2,1.024816185E-3,-5.248114467E-2
3.301042042E1,-9.118563496E-3,8.109231479E-3,-4.400845245E-2
3.302042842E1,1.937017194E-3,1.486513764E-2,-3.848745301E-2
3.303043642E1,1.114508137E-2,1.924478263E-2,-3.497240320E-2
3.304044342E1,9.737067856E-3,1.340340450E-2,-3.556122631E-2
3.305045142E1,6.675689947E-3,7.394032087E-3,-3.496926278E-2
3.306045942E1,4.862077069E-3,6.685098633E-3,-3.302675486E-2
3.307046742E1,1.181744738E-3,6.931265816E-4,-2.883456089E-2
3.308047442E1,8.989067748E-3,-3.126378637E-3,-3.136456385E-2
3.309048242E1,1.431018207E-2,-2.330925316E-3,-3.056932613E-2
3.310049042E1,1.506199222E-2,-3.584208898E-3,-3.368176147E-2
3.311049842E1,1.195468567E-2,-6.177098956E-3,-2.912237123E-2
3.312050542E1,3.038885770E-4,-1.116919518E-2,-2.825311385E-2
3.313051342E1,-3.917202353E-3,-1.638131589E-2,-2.825772762E-2
3.314052142E1,2.578247571E-3,-7.853608578E-3,-2.615436539E-2
3.315052942E1,1.038956549E-2,-3.879905213E-3,-2.673147246E-2
3.316053742E1,2.413227409E-2,6.186842918E-3,-2.429734170E-2
3.317054442E1,3.182245046E-2,1.235237811E-2,-1.734865829E-2
3.318055242E1,2.914970554E-2,7.458553184E-3,-1.542345807E-2
3.319056042E1,2.137801424E-2,-2.854006831E-3,-1.902685873E-2
3.320056842E1,1.714731753E-2,-9.317765012E-3,-2.218963020E-2
3.321057542E1,1.466568559E-2,-1.664254628E-2,-3.279737011E-2
3.322058342E1,1.801834069E-2,-1.857759990E-2,-4.167315364E-2
3.323059142E1,2.678946033E-2,-2.912650816E-2,-3.981040418E-2
3.324059942E1,4.290051758E-2,-1.762484759E-2,-3.105925769E-2
3.325060642E1,5.871574208E-2,-2.889013849E-3,-2.367381938E-2
3.326061442E1,6.277067214E-2,-1.795520075E-3,-2.370817401E-2
3.327062242E1,5.890686437E-2,-1.704084221E-3,-2.532175556E-2
3.328063042E1,5.157358572E-2,-1.718903333E-2,-2.516116761E-2
3.329063742E1,4.082015157E-2,-9.258232079E-3,-2.667345852E-2
3.330064542E1,3.169190139E-2,-6.582819857E-3,-1.856173575E-2
3.331065342E1,2.274560183E-2,-7.910549641E-3,-7.210003212E-3
3.332066142E1,2.025581338E-2,-3.966141492E-3,-6.873707753E-5
3.333066842E1,1.591204666E-2,-1.023790985E-2,4.026157316E-3
3.334067642E1,9.034431539E-3,-1.408671029E-2,1.871926594E-3
3.335068442E1,-1.434568549E-3,-1.964404061E-2,2.916267142E-3
3.336069242E1,-8.224031888E-3,-2.128268406E-2,8.441528305E-3
3.337069942E1,-1.147348620E-2,-1.527958922E-2,1.737223752E-2
3.338070742E1,-9.738969617E-3,-8.953249082E-3,3.309074789E-2
3.339071542E1,-7.368643768E-3,-7.602107711E-3,4.767969623E-2
3.340072342E1,-2.272951650E-3,-1.271324605E-2,5.724390596E-2
3.341073042E1,3.987912089E-3,-2.188873105E-2,5.662268400E-2
3.342073842E1,9.215164930E-3,-2.440009266E-2,4.462168366E-2
3.343074642E1,5.375878885E-3,-2.175605856E-2,3.830620646E-2
3.344075442E1,-5.125232041E-3,-1.652188227E-2,3.387550265E-2
3.345076242E1,-1.967165060E-2,-5.000199191E-3,3.799830750E-2
3.346076942E1,-3.001962788E-2,6.802131422E-3,4.440587014E-2
3.347077742E1,-2.884897962E-2,1.563922316E-2,4.992774501E-2
3.348078542E1,-2.239613980E-2,1.408633403E-2,6.080782413E-2
3.349079342E1,-1.328864228E-2,9.562907740E-3,7.068487257E-2
3.350080042E1,-8.313857019E-3,-1.534750685E-3,8.004748076E-2
3.351080842E1,-6.316296291E-3,-6.881389301E-3,8.563806862E-2
3.352081642E1,-2.793733031E-3,-8.918974549E-3,8.791613579E-2
3.353082442E1,-5.062936805E-3,-9.407054633E-3,8.456420153E-2
3.354083142E1,-6.861103233E-3,-9.938089177E-3,8.069569618E-2
3.355083942E1,-1.240654569E-2,-1.387358643E-2,7.657286525E-2
3.356084742E1,-1.815977320E-2,-1.815168746E-2,7.213257998E-2
3.357085542E1,-3.327307850E-2,-2.397568896E-2,6.478577852E-2
3.358086242E1,-4.867041111E-2,-2.226913534E-2,5.687033385E-2
3.359087042E1,-6.279341877E-2,-1.490283012E-2,5.125346035E-2
3.360087842E1,-6.872800738E-2,-4.268828314E-3,4.782517254E-2
3.361088642E1,-6.125452742E-2,1.025641989E-2,4.705194011E-2
3.362089342E1,-4.611258954E-2,1.713163592E-2,4.470622540E-2
3.363090142E1,-2.288183942E-2,2.139162831E-2,3.742913902E-2
3.364090942E1,-3.354476299E-3,2.867617272E-2,3.347460926E-2
3.365091742E1,1.098966692E-2,4.466702789E-2,3.726559505E-2
3.366092442E1,1.714423299E-2,6.679496914E-2,3.947681561E-2
3.367093242E1,2.150021121E-2,8.384331316E-2,4.360406846E-2
3.368094042E1,2.454953082E-2,9.269752353E-2,4.311564565E-2
3.369094842E1,2.968926169E-2,9.317532182E-2,3.731485456E-2
3.370095542E1,3.829712793E-2,9.287890792E-2,3.111421503E-2
3.371096342E1,5.375158787E-2,8.794786781E-2,3.662729263E-2
3.372097142E1,6.407053769E-2,8.146866411E-2,4.790737852E-2
3.373097942E1,6.720560044E-2,7.288679481E-2,6.192141771E-2
3.374098742E1,6.717737019E-2,5.800105631E-2,7.699224353E-2
3.375099442E1,6.570885330E-2,4.523077235E-2,9.373198450E-2
3.376100242E1,7.394574583E-2,1.947108097E-2,9.760794789E-2
3.377101042E1,6.540396810E-2,-1.572042145E-2,9.346242994E-2
3.378101842E1,5.127615854E-2,-3.443524987E-2,9.416017681E-2
3.379102542E1,3.144194558E-2,-3.956342861E-2,9.861550480E-2
3.380103342E1,9.619470686E-3,-3.526189178E-2,1.047479659E-1
3.381104142E1,-7.592635229E-3,-3.641879559E-2,1.096781716E-1
3.382104942E1,-2.504912391E-2,-2.471047267E-2,1.092339531E-1
3.383105642E1,-4.334020987E-2,-1.596048474E-2,1.048049480E-1
3.384106442E1,-6.068697572E-2,-1.327229198E-2,9.827887267E-2
3.385107242E1,-7.026398182E-2,-1.034370344E-2,9.091651440E-2
3.386108042E1,-6.697684526E-2,-3.583535552E-3,8.745520562E-2
3.387108742E1,-5.156522617E-2,7.063359488E-3,8.558595926E-2
3.388109567E1,-3.574045748E-2,1.896294300E-3,7.887133211E-2
3.389110367E1,-2.317418158E-2,-1.057799906E-3,7.289930433E-2
3.390111167E1,-1.006716676E-2,-2.652500756E-3,7.650548965E-2
3.391111867E1,1.793847186E-3,-2.576170955E-3,8.243312687E-2
3.392112667E1,1.677679084E-2,2.453741618E-3,8.849288523E-2
3.393113467E1,3.216084838E-2,1.290122792E-2,9.221768379E-2
3.394114267E1,4.226914048E-2,1.573110186E-2,8.648602664E-2
3.395114967E1,4.708307236E-2,1.156897098E-2,8.002426475E-2
3.396115767E1,4.514881968E-2,7.618704811E-3,7.258791476E-2
3.397116567E1,4.078070074E-2,8.312067948E-3,6.864364445E-2
3.398117367E1,3.208867460E-2,9.224733338E-3,6.823538244E-2
3.399118067E1,2.183371782E-2,1.174828224E-2,6.591422856E-2
3.400118867E1,8.660657331E-3,1.731136069E-2,5.323225260E-2
3.401119667E1,-1.357702445E-2,1.296739653E-2,3.336928785E-2
3.402120467E1,-3.776491806E-2,6.554504856E-3,4.369021626E-4
3.403121167E1,-5.777507275E-2,1.030640118E-2,-3.182014078E-2
3.404121967E1,-6.198313460E-2,2.294975892E-2,-4.955838993E-2
3.405122767E1,-4.689870775E-2,4.386151955E-2,-5.695394427E-2
3.406123567E1,-2.299124189E-2,5.901969969E-2,-5.777978897E-2
3.407124267E1,3.119894769E-3,5.886080489E-2,-5.651609227E-2
3.408125067E1,2.370905876E-2,4.346693680E-2,-5.588199571E-2
3.409125867E1,3.832438961E-2,3.146178648E-2,-5.231199786E-2
3.410126667E1,4.193669930E-2,2.411252446E-2,-5.109865963E-2
3.411127367E1,3.472067788E-2,1.974661648E-2,-5.093149096E-2
3.412128167E1,2.073029056E-2,2.521435171E-2,-4.878817871E-2
3.413128967E1,2.217994537E-3,2.956708707E-2,-4.526394978E-2
3.414129767E1,-1.595301926E-2,3.242465854E-2,-4.324873537E-2
3.415130467E1,-2.766120620E-2,3.304310516E-2,-4.610783979E-2
3.416131267E1,-3.470100462E-2,3.337786347E-2,-4.613660276E-2
3.417132067E1,-3.855673224E-2,3.052309901E-2,-4.440221936E-2
3.418132867E1,-3.411564603E-2,3.224190325E-2,-4.216329753E-2
3.419133567E1,-2.785246260E-2,3.783037513E-2,-3.716836870E-2
3.420134367E1,-1.538194343E-2,4.579322785E-2,-2.981857583E-2
3.421135167E1,-1.432628254E-3,4.803321511E-2,-2.598882839E-2
3.422135967E1,5.888667889E-3,4.123390093E-2,-2.863601036E-2
3.423136667E1,1.207083371E-2,3.291042894E-2,-3.530999646E-2
3.424137467E1,1.336486358E-2,2.097893693E-2,-4.008691013E-2
3.425138267E1,1.255808026E-2,1.178611815E-2,-4.747973010E-2
3.426139067E1,1.088481583E-2,1.509749144E-2,-5.432751402E-2
3.427139867E1,4.283560906E-3,2.192483284E-2,-6.046722457E-2
3.428140567E1,3.543735016E-3,2.707325667E-2,-7.556334883E-2
3.429141367E1,7.634463720E-3,2.815155312E-2,-9.271222353E-2
3.430142167E1,2.281607874E-2,4.061141610E-2,-9.452077746E-2
3.431142967E1,3.517617285E-2,5.119683966E-2,-8.485912532E-2
3.432143667E1,4.672923312E-2,5.239606276E-2,-7.529731095E-2
3.433144467E1,5.807872862E-2,5.476931483E-2,-7.222399116E-2
3.434145267E1,6.261116266E-2,4.601603746E-2,-6.576503068E-2
3.435146067E1,5.614725500E-2,4.002084211E-2,-6.261515617E-2
3.436146767E1,4.044099525E-2,3.536723182E-2,-5.611012131E-2
3.437147567E1,1.637399010E-2,2.840111777E-2,-4.926371202E-2
3.438148367E1,-5.239427555E-3,2.861949801E-2,-4.237864166E-2
3.439149167E1,-2.451093495E-2,2.696533315E-2,-3.634544089E-2
3.440149867E1,-3.611805663E-2,1.267667487E-2,-2.973760664E-2
3.441150667E1,-3.733859956E-2,3.038866678E-3,-2.235350758E-2
3.442151467E1,-3.075659834E-2,-2.148704603E-3,-1.017647050E-2
3.443152267E1,-2.651357464E-2,-1.102547254E-2,5.246352404E-3
3.444152967E1,-2.353429608E-2,-1.657683402E-2,1.757891849E-2
3.445153767E1,-2.312004380E-2,-1.750740223E-2,2.618325874E-2
3.446154567E1,-2.231923118E-2,-1.795214973E-2,2.905707620E-2
3.447155367E1,-1.899119094E-2,-1.815533265E-2,2.964561619E-2
3.448156067E1,-1.129332464E-2,-1.596941054E-2,2.578563057E-2
3.449156867E1,1.174511621E-3,-1.330620330E-2,2.301549539E-2
3.450157667E1,1.394330338E-2,-1.126675587E-2,2.492524870E-2
3.451158467E1,2.269098908E-2,-1.230032835E-2,2.339659445E-2
3.452159167E1,2.982825972E-2,-1.225585397E-2,1.753550954E-2
3.453159967E1,2.718720399E-2,-8.625165559E-3,1.364756003E-2
3.454160767E1,2.502152137E-2,-1.735834405E-3,3.186397022E-3
3.455161567E1,1.993041113E-2,2.153605781E-2,-1.159872045E-3
3.456162267E1,2.246920392E-2,2.697982639E-2,-6.512026768E-3
3.457163067E1,3.034413233E-2,2.692639083E-2,-5.806916859E-3
3.458163867E1,4.530230910E-2,2.793812566E-2,1.476828707E-3
3.459164667E1,5.656108633E-2,2.218503505E-2,6.031233352E-3
3.460165367E1,5.528383702E-2,8.478011005E-3,4.890335258E-3
3.461166167E1,4.257220775E-2,4.428912885E-3,-3.626292106E-3
3.462166967E1,1.499943621E-2,4.404944368E-3,-1.863240637E-2
3.463167767E1,-1.560345851E-2,1.224616542E-2,-3.143284470E-2
3.464168467E1,-3.788373247E-2,2.349402755E-2,-4.259814695E-2
3.465169267E1,-5.533438176E-2,2.938140184E-2,-4.492473230E-2
3.466170067E1,-6.167403609E-2,2.894277871E-2,-4.101707414E-2
3.467170867E1,-6.109907851E-2,2.258106694E-2,-2.710330300E-2
3.468171567E1,-5.124165490E-2,1.252310537E-2,-1.571003348E-2
3.469172367E1,-2.767599002E-2,7.460320834E-3,4.717130214E-4
3.470173167E1,-6.399994716E-3,3.970514517E-3,1.034458354E-2
3.471173967E1,8.921950124E-3,3.094247775E-3,1.877317391E-2
3.472174667E1,1.199390646E-2,8.585238829E-4,2.333650179E-2
3.473175467E1,5.124873482E-3,-1.163357403E-3,2.650527284E-2
3.474176267E1,-7.556034252E-3,-6.667311769E-3,2.575372905E-2
3.475177067E1,-2.218118124E-2,-1.807450131E-2,2.378505468E-2
3.476177767E1,-3.078612126E-2,-2.925578319E-2,2.362100221E-2
3.477178567E1,-2.805200405E-2,-3.354789689E-2,2.906811796E-2
3.478179367E1,-2.210116945E-2,-3.130791336E-2,3.788957372E-2
3.479180167E1,-6.022334099E-3,-2.062490955E-2,4.624763876E-2
3.480180867E1,1.159786596E-3,-2.089481801E-2,5.006436631E-2
3.481181667E1,6.592199206E-3,-3.275238723E-2,4.853754863E-2
3.482182467E1,6.785810925E-3,-4.781043157E-2,5.262736604E-2
3.483183267E1,1.079719979E-2,-6.179250032E-2,5.479551107E-2
3.484183967E1,1.447928604E-2,-6.813615561E-2,5.765574425E-2
3.485184767E1,1.973227225E-2,-6.622361392E-2,5.101944506E-2
3.486185567E1,2.054080740E-2,-6.148479506E-2,3.272885457E-2
3.487186367E1,8.141986094E-3,-5.845905095E-2,1.277672593E-2
3.488187071E1,-9.198654443E-3,-4.443271458E-2,-3.727416042E-3
3.489187871E1,-2.427846193E-2,-3.021348640E-2,-4.500874318E-3
3.490188671E1,-2.219959907E-2,-1.916030422E-2,-2.490187529E-3
3.491189471E1,-1.191810239E-2,-1.050380431E-2,-2.281690482E-3
3.492190171E1,-7.172082551E-3,-8.192181587E-3,-2.253727289E-3
3.493190971E1,-1.468832232E-2,-1.310917549E-2,-5.844200961E-3
3.494191771E1,-3.025263548E-2,-9.857455269E-3,-9.444262832E-3
3.495192571E1,-4.792978242E-2,-7.058104035E-3,-9.024929255E-3
3.496193271E1,-6.449357420E-2,-1.027280465E-2,-8.314398117E-3
3.497194071E1,-7.110927254E-2,-9.799885564E-3,-3.777502803E-3
3.498194871E1,-8.085031807E-2,-1.773743704E-2,-4.365795292E-3
3.499195671E1,-7.888157666E-2,-2.590781264E-2,-4.056402016E-3
3.500196371E1,-7.051019371E-2,-2.878508903E-2,2.049427480E-3
3.501197171E1,-5.055212229E-2,-2.798221074E-2,1.336898375E-2
3.502197971E1,-2.966148779E-2,-2.629350312E-2,2.759745531E-2
3.503198771E1,-1.128103584E-2,-2.690284699E-2,3.462795541E-2
3.504199471E1,4.678222351E-3,-2.960648760E-2,3.648390993E-2
3.505200271E1,1.488273311E-2,-2.954222821E-2,3.702525422E-2
3.506201071E1,1.836534776E-2,-3.623501584E-2,3.786042333E-2
3.507201871E1,1.570074260E-2,-4.436083883E-2,3.904923797E-2
3.508202571E1,1.226419862E-2,-5.134977400E-2,3.047199361E-2
3.509203371E1,5.728972144E-3,-5.205886438E-2,2.467538603E-2
3.510204171E1,-1.621885225E-3,-4.477991164E-2,1.510505099E-2
3.511204971E1,-1.453060657E-2,-3.565244004E-2,7.790660020E-3
3.512205671E1,-2.880222164E-2,-3.022065945E-2,-3.369049635E-3
3.513206471E1,-3.381803632E-2,-2.522159368E-2,-1.000476256E-2
3.514207271E1,-2.684907801E-2,-2.213312499E-2,-1.298324205E-2
3.515208071E1,-9.570049122E-3,-2.270520665E-2,-1.221182942E-2
3.516208771E1,1.296881586E-2,-1.986334659E-2,-9.195266291E-3
3.517209571E1,2.830586769E-2,-1.525717787E-2,-4.867735319E-3
3.518210371E1,3.653663397E-2,-7.889542729E-3,-5.428596865E-3
3.519211171E1,4.002327845E-2,3.692330094E-3,-1.010407880E-2
3.520211871E1,3.213392943E-2,2.280854620E-3,-2.040172555E-2
3.521212671E1,1.556857489E-2,-6.354414392E-3,-2.939925157E-2
3.522213471E1,-4.642953631E-3,-1.542806998E-2,-3.202592954E-2
3.523214271E1,-2.049480565E-2,-2.444747463E-2,-2.757253498E-2
3.524214971E1,-2.670183405E-2,-2.951334044E-2,-1.984217763E-2
3.525215771E1,-2.045976184E-2,-3.280686587E-2,-1.278801635E-2
3.526216571E1,-3.168388968E-3,-2.672101185E-2,-3.892526496E-3
3.527217371E1,1.258838084E-2,-1.926712692E-2,9.663043544E-3
3.528218071E1,2.058319189E-2,-1.741809398E-2,2.037321217E-2
3.529218871E1,2.444972098E-2,-2.230897173E-2,2.366006561E-2
3.530219671E1,2.070744708E-2,-3.028168157E-2,1.697872765E-2
3.531220471E1,1.416396815E-2,-3.330999613E-2,1.736078598E-2
3.532221171E1,7.528968155E-3,-3.525570035E-2,1.315352414E-2
3.533221971E1,-8.006926626E-3,-2.429233119E-2,1.173067279E-2
3.534222771E1,-2.646636032E-2,-1.690978184E-2,5.358527880E-3
3.535223571E1,-3.888063133E-2,-8.998868987E-3,3.314428963E-3
3.536224271E1,-4.776253924E-2,-1.497542951E-3,9.210460121E-4
3.537225071E1,-4.703430459E-2,5.468704272E-3,1.790584414E-3
3.538225871E1,-4.018252343E-2,8.973957039E-3,3.385818098E-3
3.539226671E1,-3.326375782E-2,6.341471802E-3,2.004952636E-3
3.540227371E1,-2.555949800E-2,4.052484408E-3,2.502431162E-3
3.541228171E1,-2.367153391E-2,1.420285553E-4,5.948652513E-3
3.542228971E1,-2.107441984E-2,-4.341403022E-3,1.180680841E-2
3.543229771E1,-2.009944804E-2,-1.027381979E-2,1.510380488E-2
3.544230471E1,-1.752630249E-2,-1.467842050E-2,1.985914446E-2
3.545231271E1,-1.056251489E-2,-1.164279971E-2,2.182653546E-2
3.546232071E1,-3.210593248E-3,-3.084731288E-3,2.738268860E-2
3.547232871E1,-8.954088553E-4,3.611537861E-3,3.127633408E-2
3.548233571E1,-2.244033618E-3,2.848009579E-3,3.793077543E-2
3.549234371E1,-4.965102766E-3,-2.267093398E-3,4.611172155E-2
3.550235171E1,-5.260713864E-3,-1.451367512E-3,5.489642546E-2
3.551235971E1,-1.768055081E-4,5.350505002E-3,5.875195563E-2
3.552236671E1,6.139147561E-3,1.295595989E-2,6.045691296E-2
3.553237471E1,8.495669812E-3,1.844766736E-2,6.464923918E-2
3.554238271E1,4.052526783E-4,2.319475077E-2,6.837446988E-2
3.555239071E1,-2.098740265E-2,2.322862111E-2,6.688284129E-2
3.556239771E1,-4.609861597E-2,1.964587159E-2,6.193361804E-2
3.557240571E1,-7.471919060E-2,1.366655715E-2,5.143675208E-2
3.558241371E1,-9.708574414E-2,-7.424755022E-4,3.819284961E-2
3.559242171E1,-1.101005152E-1,-1.426890399E-2,3.123331629E-2
3.560242871E1,-1.066240296E-1,-1.775445044E-2,2.590140142E-2
3.561243671E1,-9.472920746E-2,-1.634875685E-2,2.117527835E-2
3.562244471E1,-7.670227438E-2,-1.148316078E-2,1.552431937E-2
3.563245271E1,-5.706009641E-2,-1.520281658E-4,1.623955369E-2
3.564245971E1,-3.710556403E-2,2.918862738E-3,1.551490836E-2
3.565246771E1,-3.339385241E-2,3.761900589E-4,1.183221675E-2
3.566247571E1,-3.309105337E-2,-3.899248317E-3,5.284568761E-3
3.567248371E1,-3.276266530E-2,-1.213232800E-2,-6.501202937E-3
3.568249071E1,-3.233442828E-2,-2.830597199E-2,-3.359620273E-2
3.569249871E1,-3.860213980E-2,-3.782340512E-2,-6.807339191E-2
3.570250671E1,-5.286975950E-2,-3.224195167E-2,-9.260323644E-2
3.571251471E1,-5.547417700E-2,-1.429462992E-2,-1.016556099E-1
3.572252171E1,-4.322043806E-2,1.041604299E-2,-8.865965158E-2
3.573252971E1,-5.318515934E-3,2.879577503E-2,-6.603231281E-2
3.574253771E1,4.758890718E-2,3.693279624E-2,-4.039645568E-2
3.575254571E1,1.036981121E-1,3.099309467E-2,-2.366441116E-2
3.576255271E1,1.490128636E-1,1.782616042E-2,-2.699123137E-2
3.577256071E1,1.660199165E-1,-8.787885308E-3,-4.731033370E-2
3.578256871E1,1.468209326E-1,-2.870220318E-2,-6.827020645E-2
3.579257671E1,1.008342505E-1,-3.482518718E-2,-8.730334044E-2
3.580258371E1,4.337681830E-2,-2.235413715E-2,-9.548856318E-2
3.581259171E1,-1.300107408E-2,2.285242081E-4,-9.844065458E-2
3.582259971E1,-5.483001471E-2,1.654997282E-2,-9.706778824E-2
3.583260771E1,-7.377414405E-2,2.629874088E-2,-9.304907918E-2
3.584261471E1,-6.912639737E-2,2.830516733E-2,-7.971623540E-2
3.585262271E1,-4.410862178E-2,1.821968332E-2,-6.854283810E-2
3.586263071E1,-1.732281409E-2,5.968343932E-3,-5.200541019E-2
3.587263871E1,6.737743504E-3,-7.315944415E-3,-3.128291667E-2
3.588264542E1,2.174332365E-2,-2.058168128E-2,-1.639451459E-2
3.589265342E1,2.579528652E-2,-3.879361972E-2,-7.776354440E-3
3.590266142E1,2.391163260E-2,-4.899352416E-2,-6.957432255E-3
3.591266842E1,2.087558620E-2,-5.999480188E-2,-9.317485616E-3
3.592267642E1,2.780326642E-2,-7.283309847E-2,-2.881957684E-3
3.593268442E1,3.818476945E-2,-8.796737343E-2,5.714762025E-3
3.594269242E1,5.024968833E-2,-9.215652943E-2,1.390771102E-2
3.595269942E1,5.595517531E-2,-9.703339636E-2,1.481086481E-2
3.596270742E1,6.209562346E-2,-9.699850529E-2,1.540155429E-2
3.597271542E1,6.267791986E-2,-1.065097675E-1,1.223206054E-2
3.598272342E1,6.341135502E-2,-1.237851679E-1,1.973830163E-3
3.599273042E1,6.740474701E-2,-1.298848242E-1,-5.364424549E-3
3.600273842E1,7.217286527E-2,-1.270725280E-1,-7.525580004E-3
3.601274642E1,8.145910501E-2,-1.115216613E-1,-8.921865374E-3
3.602275442E1,8.915084600E-2,-8.572841436E-2,-5.261616781E-3
3.603276142E1,9.029325843E-2,-5.889460072E-2,-8.062519133E-3
3.604276942E1,8.132480085E-2,-2.350092493E-2,-1.366474479E-2
3.605277742E1,5.925442278E-2,7.984053344E-3,-2.553449385E-2
3.606278542E1,2.575585246E-2,3.119483404E-2,-4.168949649E-2
3.607279242E1,-6.960299332E-3,4.546303302E-2,-4.843119904E-2
3.608280042E1,-3.299855813E-2,6.094425544E-2,-4.562502727E-2
3.609280842E1,-4.473721981E-2,8.294085413E-2,-3.372584283E-2
3.610281642E1,-4.023301601E-2,1.019449010E-1,-1.677668840E-2
3.611282342E1,-2.695109509E-2,1.003869772E-1,-9.248605929E-3
3.612283142E1,-1.011325978E-2,7.419984788E-2,-1.570544019E-2
3.613283942E1,5.646141712E-3,3.524275869E-2,-3.316865861E-2
3.614284742E1,1.311417762E-2,-2.443900332E-3,-5.311173946E-2
3.615285442E1,6.174531300E-3,-3.925256059E-2,-6.942954659E-2
3.616286242E1,-1.240687631E-2,-5.392204970E-2,-8.427959681E-2
3.617287042E1,-3.063299879E-2,-4.274161160E-2,-8.638251573E-2
3.618287842E1,-4.637574404E-2,-1.286334265E-2,-8.941372484E-2
3.619288542E1,-4.326902702E-2,3.736233339E-2,-9.080284834E-2
3.620289342E1,-1.917434111E-2,8.533412218E-2,-8.623951674E-2
3.621290142E1,7.629113272E-3,1.117548943E-1,-7.550990582E-2
3.622290942E1,2.668642625E-2,1.120065600E-1,-6.502743810E-2
3.623291642E1,3.633363917E-2,9.568107128E-2,-5.435199291E-2
3.624292442E1,4.183892533E-2,6.970486045E-2,-4.438058287E-2
3.625293242E1,4.490216449E-2,3.907087445E-2,-3.919708356E-2
3.626294042E1,4.655412212E-2,1.718022488E-2,-3.528996184E-2
3.627294742E1,4.459650815E-2,-1.577397808E-3,-3.832204267E-2
3.628295542E1,3.342747688E-2,-1.020604093E-2,-4.025389999E-2
3.629296342E1,1.924807951E-2,-1.004589815E-2,-3.946248442E-2
3.630297042E1,3.084822791E-3,-3.625815734E-3,-3.576068953E-2
3.631297842E1,-9.357149713E-3,3.646760248E-3,-3.633472323E-2
3.632298642E1,-1.055743638E-2,1.985555701E-2,-3.067337535E-2
3.633299442E1,-9.091681801E-3,2.791080624E-2,-2.409391291E-2
3.634300142E1,-4.014898092E-3,2.780853957E-2,-1.862937398E-2
3.635300942E1,-6.465774961E-3,7.883896120E-3,-1.777693257E-2
3.636301742E1,-1.856025495E-2,-2.023003064E-2,-2.871559933E-2
3.637302542E1,-3.587149456E-2,-4.873039573E-2,-4.487076774E-2
3.638303242E1,-5.361666903E-2,-6.232556328E-2,-6.623198837E-2
3.639304042E1,-7.035575062E-2,-4.469157383E-2,-8.228933066E-2
3.640304842E1,-8.040705323E-2,-1.611372456E-2,-8.706917614E-2
3.641305642E1,-8.682902157E-2,1.431932300E-2,-8.637153357E-2
3.642306342E1,-7.932662964E-2,3.714714199E-2,-8.811856806E-2
3.643307142E1,-5.429086834E-2,5.115785077E-2,-9.215064347E-2
3.644307942E1,-2.025753632E-2,6.961328536E-2,-9.504629672E-2
3.645308742E1,1.303081121E-2,7.944500446E-2,-9.382014722E-2
3.646309442E1,4.190507159E-2,7.864765823E-2,-8.623067290E-2
3.647310242E1,6.264190376E-2,7.791708410E-2,-7.567103207E-2
3.648311042E1,8.183077723E-2,7.147543132E-2,-7.073140144E-2
3.649311842E1,9.350898862E-2,5.390527472E-2,-7.809789479E-2
3.650312542E1,9.849469364E-2,4.164248332E-2,-9.053352475E-2
3.651313342E1,9.995293617E-2,4.258695617E-2,-1.065145060E-1
3.652314142E1,8.880733699E-2,4.744509608E-2,-1.224764287E-1
3.653314942E1,8.376812190E-2,6.817802787E-2,-1.255064011E-1
3.654315642E1,7.646040618E-2,8.985775709E-2,-1.225444302E-1
3.655316442E1,7.561156154E-2,9.917494655E-2,-1.177160814E-1
3.656317242E1,8.326815069E-2,9.914725274E-2,-1.186207607E-1
3.657318042E1,1.033279523E-1,8.934983611E-2,-1.182309464E-1
3.658318742E1,1.204267815E-1,7.430909574E-2,-1.183883399E-1
3.659319542E1,1.273465008E-1,5.416565388E-2,-1.136930957E-1
3.660320342E1,1.131033897E-1,3.373414651E-2,-1.095329747E-1
3.661321042E1,8.955957741E-2,1.929480955E-2,-9.791593254E-2
3.662321842E1,5.636194721E-2,2.907315269E-3,-8.920685947E-2
3.663322642E1,1.894348674E-2,-1.736338064E-2,-8.444520831E-2
3.664323442E1,-7.193307858E-3,-2.585780062E-2,-8.142571896E-2
3.665324142E1,-1.843863353E-2,-2.423029020E-2,-6.603951007E-2
3.666324942E1,-2.138142660E-2,-1.586317085E-2,-4.615235701E-2
3.667325742E1,-1.587441377E-2,7.208008319E-3,-2.227957733E-2
3.668326542E1,-1.033983193E-2,1.007516682E-2,6.282292306E-3
3.669327242E1,-5.747018382E-3,-3.010359593E-3,3.277735785E-2
3.670328042E1,-4.072422627E-3,-3.213655204E-2,5.162028968E-2
3.671328842E1,-2.711372450E-3,-6.912603229E-2,6.387445331E-2
3.672329642E1,1.699887682E-3,-8.954448998E-2,8.428944647E-2
3.673330342E1,1.704578288E-2,-1.072845161E-1,1.047647968E-1
3.674331142E1,4.768199101E-2,-1.181033403E-1,1.211032867E-1
3.675331942E1,8.297974616E-2,-1.147552207E-1,1.286097169E-1
3.676332742E1,1.171883196E-1,-9.949158132E-2,1.278744191E-1
3.677333442E1,1.311054975E-1,-8.194875717E-2,1.193089336E-1
3.678334242E1,1.239943206E-1,-6.642332673E-2,1.039118692E-1
3.679335042E1,9.961673617E-2,-4.466565326E-2,8.619952947E-2
3.680335842E1,6.323023140E-2,-3.014876321E-2,6.174904853E-2
3.681336542E1,2.540953271E-2,-1.955355704E-2,2.669353597E-2
3.682337342E1,-6.901002489E-3,-7.791973650E-3,-9.358739480E-3
3.683338142E1,-2.945740707E-2,5.811627954E-3,-4.250407964E-2
3.684338942E1,-4.337269068E-2,1.957191527E-2,-7.566229999E-2
3.685339642E1,-4.818236828E-2,4.051144049E-2,-9.279215336E-2
3.686340442E1,-4.042963684E-2,6.674277782E-2,-1.009523422E-1
3.687341242E1,-2.726179548E-2,8.170387149E-2,-9.768746793E-2
3.688342004E1,-1.303545479E-2,6.591291726E-2,-9.603258222E-2
3.689342804E1,-6.573772989E-3,3.643958271E-2,-1.007769927E-1
3.690343604E1,-1.233126130E-2,4.566337913E-3,-1.159985587E-1
3.691344404E1,-3.094123676E-2,-1.532143727E-2,-1.382981986E-1
3.692345104E1,-6.136305630E-2,-1.941551454E-2,-1.592855006E-1
3.693345904E1,-8.615262806E-2,-4.527341109E-3,-1.772891432E-1
3.694346704E1,-1.036671698E-1,2.153568529E-2,-1.887244880E-1
3.695347504E1,-1.057235226E-1,5.633072555E-2,-1.881892085E-1
3.696348204E1,-9.535743296E-2,7.949330658E-2,-1.815896332E-1
3.697349004E1,-7.696697861E-2,8.177895844E-2,-1.706522554E-1
3.698349804E1,-6.544694304E-2,5.924755707E-2,-1.580190212E-1
3.699350604E1,-6.399338692E-2,2.075010166E-2,-1.519898474E-1
3.700351304E1,-7.071893662E-2,-2.668425813E-2,-1.433449537E-1
3.701352104E1,-9.021089226E-2,-6.786040962E-2,-1.363751143E-1
3.702352904E1,-1.167482287E-1,-9.206002951E-2,-1.385732889E-1
3.703353704E1,-1.540913731E-1,-1.051487178E-1,-1.485929340E-1
3.704354404E1,-1.974420398E-1,-1.043729410E-1,-1.637535095E-1
3.705355204E1,-2.341255397E-1,-7.862909138E-2,-1.707451344E-1
3.706356004E1,-2.490357757E-1,-3.425949439E-2,-1.644933671E-1
3.707356804E1,-2.421836853E-1,2.532753348E-2,-1.455438882E-1
3.708357504E1,-2.124034166E-1,7.851432264E-2,-1.147135422E-1
3.709358304E1,-1.766300201E-1,9.596162289E-2,-8.063414693E-2
3.710359104E1,-1.407726854E-1,8.233635873E-2,-5.651709065E-2
3.711359804E1,-1.084366813E-1,4.638205096E-2,-3.855497390E-2
3.712360604E1,-8.889706433E-2,5.488145165E-3,-2.603252605E-2
3.713361404E1,-8.715686947E-2,-2.699119598E-2,-2.089438215E-2
3.714362204E1,-1.150612012E-1,-4.869648814E-2,-2.348936722E-2
3.715362904E1,-1.686598063E-1,-7.179929316E-2,-3.039571270E-2
3.716363704E1,-2.295860201E-1,-8.676279336E-2,-4.216049612E-2
3.717364504E1,-2.919696569E-1,-1.055938601E-1,-5.480387807E-2
3.718365304E1,-3.385984004E-1,-1.144001335E-1,-6.649275869E-2
3.719366004E1,-3.623944521E-1,-9.664633870E-2,-6.458738446E-2
3.720366804E1,-3.564518690E-1,-6.274882704E-2,-5.017861724E-2
3.721367604E1,-3.357456326E-1,-1.941866800E-2,-2.522375435E-2
3.722368404E1,-2.997474372E-1,1.803629659E-2,3.741584718E-3
3.723369104E1,-2.542502582E-1,5.185657740E-2,2.823094837E-2
3.724369904E1,-2.101605535E-1,7.551156729E-2,4.925101250E-2
3.725370704E1,-1.773131639E-1,9.214341640E-2,6.520280242E-2
3.726371504E1,-1.668695807E-1,9.483560175E-2,7.562161982E-2
3.727372204E1,-1.758152694E-1,8.070467412E-2,8.406303078E-2
3.728373004E1,-1.969615668E-1,6.273073703E-2,9.074730426E-2
3.729373804E1,-2.265857309E-1,3.910611570E-2,9.767254442E-2
3.730374604E1,-2.543134987E-1,1.766953245E-2,1.007199958E-1
3.731375304E1,-2.811384201E-1,-7.062976714E-3,9.320691228E-2
3.732376104E1,-3.086126447E-1,-3.695483133E-2,7.104488462E-2
3.733376904E1,-3.369821310E-1,-6.664450467E-2,5.231657624E-2
3.734377604E1,-3.716738224E-1,-7.925830036E-2,2.234243415E-2
3.735378404E1,-4.150293767E-1,-6.287979335E-2,-8.417292265E-4
3.736379204E1,-4.509114921E-1,-3.778109327E-2,-2.570659854E-2
3.737380004E1,-4.642924666E-1,-1.405050512E-3,-4.805206507E-2
3.738380704E1,-4.563194811E-1,6.238511205E-2,-6.091113761E-2
3.739381504E1,-4.345272481E-1,1.678832620E-1,-5.325754359E-2
3.740382304E1,-4.171589017E-1,2.750166357E-1,-1.615145244E-2
3.741383104E1,-4.051792324E-1,3.490763307E-1,2.909365296E-2
3.742383804E1,-3.934312165E-1,3.893672824E-1,5.863662809E-2
3.743384604E1,-3.704501092E-1,3.996517658E-1,7.153683156E-2
3.744385404E1,-3.195523024E-1,3.880630136E-1,6.819989532E-2
3.745386204E1,-2.592122257E-1,3.390758038E-1,6.350710243E-2
3.746386904E1,-1.890957206E-1,2.562962174E-1,6.039119512E-2
3.747387704E1,-1.217582673E-1,1.734208614E-1,5.498222262E-2
3.748388504E1,-7.221122086E-2,9.940150380E-2,5.085485429E-2
3.749389304E1,-4.780181125E-2,3.657491505E-2,5.143554881E-2
3.750390004E1,-4.833763838E-2,-3.400732297E-3,5.179188028E-2
3.751390804E1,-7.844066620E-2,-3.107183613E-2,4.187274352E-2
3.752391604E1,-1.272233874E-1,-5.405465141E-2,2.862591669E-2
3.753392404E1,-1.782997996E-1,-6.807226688E-2,5.304508843E-3
3.754393104E1,-2.172783464E-1,-6.364955753E-2,-2.315482870E-2
3.755393904E1,-2.511938810E-1,-5.986960605E-2,-5.262194201E-2
3.756394704E1,-2.667262256E-1,-5.166786537E-2,-7.087311149E-2
3.757395404E1,-2.573142648E-1,-2.755831182E-2,-7.603833824E-2
3.758396204E1,-2.252527475E-1,1.834100112E-2,-7.525110990E-2
3.759397004E1,-1.870175153E-1,5.148706213E-2,-6.913338602E-2
3.760397804E1,-1.506579071E-1,5.793031678E-2,-6.316364557E-2
3.761398504E1,-1.315818727E-1,5.366721004E-2,-5.492523313E-2
3.762399304E1,-1.350961924E-1,3.286179900E-2,-5.534734577E-2
3.763400104E1,-1.506931633E-1,3.067459678E-3,-5.760117620E-2
3.764400904E1,-1.646923423E-1,-2.864759415E-2,-6.387798488E-2
3.765401604E1,-1.682220101E-1,-6.537386775E-2,-6.235747784E-2
3.766402404E1,-1.570444554E-1,-8.918359131E-2,-5.644845590E-2
3.767403204E1,-1.263658702E-1,-1.026230529E-1,-4.462791979E-2
3.768404004E1,-7.745158672E-2,-1.047932580E-1,-3.307272866E-2
3.769404704E1,-1.633577235E-2,-9.695129842E-2,-2.229845710E-2
3.770405504E1,4.445194453E-2,-9.186173230E-2,-1.058187988E-2
3.771406304E1,9.223354608E-2,-9.157604724E-2,2.892153105E-3
3.772407004E1,1.255768538E-1,-1.026670486E-1,2.143734135E-2
3.773407804E1,1.536059678E-1,-1.276851445E-1,2.170526609E-2
3.774408604E1,1.821140498E-1,-1.617901176E-1,-2.118041273E-3
3.775409404E1,2.185322642E-1,-1.925367415E-1,-6.794582307E-2
3.776410104E1,2.769811749E-1,-2.132276297E-1,-1.833696216E-1
3.777410904E1,3.444187343E-1,-2.091459930E-1,-2.958653271E-1
3.778411704E1,3.963362873E-1,-1.560177952E-1,-3.629588783E-1
3.779412504E1,4.087694883E-1,-7.621283829E-2,-4.043457806E-1
3.780413204E1,3.587872684E-1,2.225967124E-2,-4.087932408E-1
3.781414004E1,2.417204231E-1,1.127261892E-1,-4.008679390E-1
3.782414804E1,8.717265725E-2,1.586132646E-1,-4.202232659E-1
3.783415604E1,-7.923448086E-2,1.419984549E-1,-4.545080066E-1
3.784416304E1,-2.076555789E-1,1.131079495E-1,-4.831220806E-1
3.785417104E1,-3.055953085E-1,6.121057644E-2,-5.209378004E-1
3.786417904E1,-3.665114045E-1,5.994190928E-3,-5.482706428E-1
3.787418704E1,-4.029205143E-1,-5.684715509E-2,-5.759466290E-1
3.788419329E1,-4.176792204E-1,-1.218676940E-1,-5.860107541E-1
3.789420129E1,-4.088998735E-1,-1.763489842E-1,-5.655124784E-1
3.790420929E1,-3.601490855E-1,-2.015736550E-1,-5.169313550E-1
3.791421629E1,-2.597560883E-1,-2.105225772E-1,-4.394800067E-1
3.792422429E1,-9.843778610E-2,-2.277601659E-1,-3.519166112E-1
3.793423229E1,1.044054702E-1,-2.637565732E-1,-2.824867368E-1
3.794424029E1,3.109967411E-1,-3.226476014E-1,-2.238314152E-1
3.795424729E1,4.985627830E-1,-3.485096395E-1,-1.668789834E-1
3.796425529E1,6.503049135E-1,-3.081837893E-1,-9.657286108E-2
3.797426329E1,7.642501593E-1,-2.143961489E-1,-1.300224103E-2
3.798427129E1,8.267675638E-1,-1.108788103E-1,5.414270610E-2
3.799427829E1,8.414011002E-1,-1.949350722E-2,9.088291973E-2
3.800428629E1,8.364361525E-1,5.585743859E-2,1.236432642E-1
3.801429429E1,8.144071102E-1,6.655101478E-2,1.434508413E-1
3.802430229E1,7.932624221E-1,2.734581940E-2,1.388571560E-1
3.803430929E1,7.773571610E-1,-5.459658429E-2,1.169443950E-1
3.804431729E1,7.585925460E-1,-1.490921974E-1,8.591137826E-2
3.805432529E1,7.470619082E-1,-2.138103843E-1,5.340604484E-2
3.806433329E1,7.365432382E-1,-2.506637573E-1,3.314737976E-2
3.807434029E1,7.356595993E-1,-2.599176168E-1,1.381246652E-2
3.808434829E1,7.316848040E-1,-2.531302869E-1,-1.044067554E-2
3.809435629E1,7.342167497E-1,-2.496348917E-1,-5.708694085E-2
3.810436329E1,7.125425935E-1,-2.562562823E-1,-1.126324981E-1
3.811437129E1,6.454510093E-1,-2.760569453E-1,-1.885534227E-1
3.812437929E1,5.320693254E-1,-3.075027466E-1,-2.796769440E-1
3.813438729E1,3.878753781E-1,-3.299168348E-1,-3.724295199E-1
3.814439429E1,2.205497622E-1,-3.164090216E-1,-4.555273354E-1
3.815440229E1,4.287429154E-2,-2.641112804E-1,-5.152193904E-1
3.816441029E1,-1.303403825E-1,-1.932994276E-1,-5.591162443E-1
3.817441829E1,-2.617884874E-1,-1.122507825E-1,-5.895343423E-1
3.818442529E1,-3.393892646E-1,-3.407342732E-2,-5.964276791E-1
3.819443329E1,-3.626310229E-1,2.508990094E-2,-5.808359385E-1
3.820444129E1,-3.197493255E-1,6.473638117E-2,-5.500341058E-1
3.821444929E1,-2.356999964E-1,8.277241141E-2,-5.120008588E-1
3.822445629E1,-1.421623230E-1,5.504544824E-2,-4.703098834E-1
3.823446429E1,-5.640712753E-2,-1.068926975E-2,-4.365490675E-1
3.824447229E1,-1.916188630E-3,-7.880760729E-2,-4.033229351E-1
3.825447929E1,1.848843694E-2,-1.291459203E-1,-3.706519008E-1
3.826448729E1,1.337037329E-2,-1.395564824E-1,-3.347977698E-1
3.827449529E1,-4.757001996E-3,-1.209871098E-1,-2.954046726E-1
3.828450329E1,-2.970682643E-2,-8.646215498E-2,-2.648832500E-1
3.829451029E1,-5.832616612E-2,-5.500982329E-2,-2.484219819E-1
3.830451829E1,-8.114253730E-2,-2.011894993E-2,-2.368276417E-1
3.831452629E1,-9.747359157E-2,-5.701277405E-5,-2.289108634E-1
3.832453429E1,-1.016989648E-1,1.125236787E-2,-2.168547213E-1
3.833454129E1,-9.538456798E-2,2.661921829E-2,-1.961703151E-1
3.834454929E1,-8.118192852E-2,4.618492723E-2,-1.557587087E-1
3.835455729E1,-6.279688329E-2,6.475710869E-2,-1.106160507E-1
3.836456529E1,-3.866145760E-2,6.596431881E-2,-7.040072232E-2
3.837457229E1,3.701023292E-3,5.116939172E-2,-3.296944126E-2
3.838458029E1,6.217152253E-2,3.538962826E-2,1.436665002E-2
3.839458829E1,1.302154809E-1,1.992336102E-2,6.210463494E-2
3.840459529E1,1.920021474E-1,6.366273388E-3,1.072167158E-1
3.841460329E1,2.349636406E-1,-4.497610498E-3,1.496263891E-1
3.842461129E1,2.621484101E-1,-1.822700538E-2,1.739586294E-1
3.843461929E1,2.778830528E-1,-3.605639189E-2,1.875515580E-1
3.844462629E1,2.801254392E-1,-5.808658898E-2,1.921809316E-1
3.845463429E1,2.615305781E-1,-6.202841550E-2,2.073813081E-1
3.846464229E1,2.350811362E-1,-4.263766855E-2,2.433046848E-1
3.847465029E1,2.152903229E-1,1.699828543E-2,2.874336541E-1
3.848465729E1,1.971403509E-1,8.383110911E-2,3.272835910E-1
3.849466529E1,1.831224114E-1,1.402628422E-1,3.601462245E-1
3.850467329E1,1.708170027E-1,1.741656810E-1,3.814986348E-1
3.851468129E1,1.472264677E-1,1.591549367E-1,3.893486261E-1
3.852468829E1,1.174611002E-1,1.073271558E-1,3.848553300E-1
3.853469629E1,7.672001421E-2,3.542300314E-2,3.799162209E-1
3.854470429E1,2.778149955E-2,-5.711279064E-2,3.553677499E-1
3.855471129E1,-3.354399651E-2,-1.677827388E-1,3.123874664E-1
3.856471929E1,-1.072653532E-1,-2.961481810E-1,2.737817764E-1
3.857472729E1,-1.942976266E-1,-4.063525796E-1,2.436176986E-1
3.858473529E1,-2.679590583E-1,-4.342313707E-1,2.372173220E-1
3.859474229E1,-3.085338771E-1,-3.622272015E-1,2.711103857E-1
3.860475029E1,-2.912430465E-1,-2.109687030E-1,3.296876848E-1
3.861475829E1,-2.050668299E-1,1.375739276E-2,4.073737264E-1
3.862476629E1,-4.970040172E-2,2.617014050E-1,4.923884869E-1
3.863477329E1,1.347925216E-1,4.427572489E-1,5.615060329E-1
3.864478129E1,3.173095882E-1,5.325494409E-1,6.026761532E-1
3.865478929E1,4.633685052E-1,5.513032675E-1,6.115213037E-1
3.866479629E1,5.409410596E-1,4.560545087E-1,5.952517986E-1
3.867480429E1,5.553351045E-1,3.099405468E-1,5.519119501E-1
3.868481229E1,5.166149139E-1,1.673559844E-1,5.009030700E-1
3.869482029E1,4.289583862E-1,5.976610631E-2,4.467106164E-1
3.870482729E1,3.115654588E-1,-5.020080134E-3,4.005814791E-1
3.871483529E1,1.912875772E-1,-2.423956431E-2,3.656262159E-1
3.872484329E1,8.243538439E-2,-9.219337255E-3,3.492687941E-1
3.873485129E1,-2.126451395E-2,-5.458490457E-3,3.425420225E-1
3.874485829E1,-1.187186316E-1,-1.603603363E-2,3.506169915E-1
3.875486629E1,-2.100115418E-1,-3.597865254E-2,3.749418855E-1
3.876487429E1,-2.926968634E-1,-5.955002084E-2,4.007950723E-1
3.877488129E1,-3.672504723E-1,-9.273757786E-2,4.107749462E-1
3.878488929E1,-4.179879427E-1,-1.320761889E-1,4.049615264E-1
3.879489729E1,-4.316600859E-1,-1.645992845E-1,3.906868994E-1
3.880490529E1,-4.005447924E-1,-1.807939708E-1,3.805402517E-1
3.881491229E1,-3.271071315E-1,-1.628662199E-1,3.886408210E-1
3.882492029E1,-2.169327140E-1,-1.209336817E-1,4.113807678E-1
3.883492829E1,-7.867461443E-2,-5.859035626E-2,4.646113217E-1
3.884493629E1,6.449718773E-2,-3.572643735E-3,5.207377672E-1
3.885494329E1,1.877309978E-1,9.180765599E-3,5.519863367E-1
3.886495129E1,2.853318453E-1,-3.253259137E-2,5.601693988E-1
3.887495929E1,3.385157883E-1,-9.644874185E-2,5.525159836E-1
3.888496717E1,3.490975797E-1,-1.459180266E-1,5.229149461E-1
3.889497417E1,3.310068250E-1,-1.706836522E-1,4.720315933E-1
3.890498217E1,2.979926765E-1,-1.533233076E-1,4.134455025E-1
3.891499017E1,2.526867688E-1,-8.989150822E-2,3.650946915E-1
3.892499717E1,1.959071159E-1,-5.190736614E-3,3.259781599E-1
3.893500517E1,1.365270466E-1,6.437873840E-2,2.923264503E-1
3.894501317E1,7.344661653E-2,9.042152762E-2,2.560113370E-1
3.895502117E1,1.489911508E-2,6.808317453E-2,2.088613361E-1
3.896502817E1,-3.137304261E-2,1.358930394E-2,1.685357541E-1
3.897503617E1,-5.474267155E-2,-5.438464880E-2,1.398410499E-1
3.898504417E1,-6.104610860E-2,-1.243538782E-1,1.276126206E-1
3.899505217E1,-4.296862334E-2,-1.916126758E-1,1.171021760E-1
3.900505917E1,-2.276108786E-2,-2.401083112E-1,1.090993732E-1
3.901506717E1,-1.678251848E-2,-2.775518000E-1,9.192176163E-2
3.902507517E1,-1.927923225E-2,-3.123009801E-1,7.698568702E-2
3.903508217E1,-3.958223388E-2,-3.350416422E-1,5.434846133E-2
3.904509017E1,-5.891412124E-2,-3.530709743E-1,2.718501911E-2
3.905509817E1,-6.717623770E-2,-3.543208539E-1,-6.378662772E-3
3.906510617E1,-6.337244809E-2,-3.515042961E-1,-3.960479423E-2
3.907511317E1,-5.532897264E-2,-3.407649398E-1,-7.172883302E-2
3.908512117E1,-2.868457884E-2,-3.075707555E-1,-1.023743600E-1
3.909512917E1,5.063244142E-3,-2.827629745E-1,-1.269794405E-1
3.910513617E1,3.321791813E-2,-2.598374188E-1,-1.528531164E-1
3.911514417E1,5.021161959E-2,-2.430095822E-1,-1.856377572E-1
3.912515217E1,6.665743887E-2,-2.140743434E-1,-2.119372636E-1
3.913516017E1,8.174829185E-2,-1.633709669E-1,-2.196921706E-1
3.914516717E1,1.107639596E-1,-9.846813977E-2,-2.084203511E-1
3.915517517E1,1.447107494E-1,-4.339342937E-2,-1.907172501E-1
3.916518317E1,1.896398813E-1,2.816331014E-2,-1.684401780E-1
3.917519117E1,2.219140083E-1,4.546698555E-2,-1.487305462E-1
3.918519817E1,2.296992391E-1,-1.641139388E-3,-1.379966736E-1
3.919520617E1,2.052974105E-1,-1.005619541E-1,-1.471466869E-1
3.920521417E1,1.587205976E-1,-1.978823692E-1,-1.690248251E-1
3.921522117E1,9.715190530E-2,-3.048210442E-1,-2.074962556E-1
3.922522917E1,1.712232456E-2,-4.146429002E-1,-2.676783800E-1
3.923523717E1,-7.680532336E-2,-5.141373277E-1,-3.463687599E-1
3.924524517E1,-1.756085902E-1,-5.860690475E-1,-4.309856296E-1
3.925525217E1,-2.585591078E-1,-5.935611129E-1,-5.048151016E-1
3.926526017E1,-3.062882721E-1,-5.203119516E-1,-5.509234667E-1
3.927526817E1,-2.898705006E-1,-3.099772632E-1,-5.727789998E-1
3.928527617E1,-2.274638414E-1,1.770365983E-2,-5.694811940E-1
3.929528317E1,-1.487201303E-1,3.748663962E-1,-5.499196053E-1
3.930529117E1,-7.855409384E-2,6.894466877E-1,-5.085607171E-1
3.931529917E1,-3.299893811E-2,9.029223323E-1,-4.468053579E-1
3.932530617E1,-9.827835485E-3,9.903842807E-1,-3.820929229E-1
3.933531417E1,1.707501942E-3,9.533441663E-1,-3.375614583E-1
3.934532217E1,8.577392437E-3,8.056151867E-1,-3.155355155E-1
3.935533017E1,2.239979990E-2,5.742315650E-1,-3.086566627E-1
3.936533717E1,3.883576393E-2,2.998175919E-1,-3.186296821E-1
3.937534517E1,6.473986804E-2,4.697797447E-2,-3.357823491E-1
3.938535317E1,8.696767688E-2,-1.493944675E-1,-3.657410443E-1
3.939536117E1,9.632322192E-2,-2.806621492E-1,-4.097027779E-1
3.940536817E1,9.185709804E-2,-3.277526796E-1,-4.452458620E-1
3.941537617E1,6.588719785E-2,-3.025736213E-1,-4.566467106E-1
3.942538417E1,1.611591503E-2,-2.261677682E-1,-4.434246421E-1
3.943539117E1,-4.290678725E-2,-1.332946420E-1,-4.092010260E-1
3.944539917E1,-1.012787521E-1,-4.356315732E-2,-3.771517575E-1
3.945540717E1,-1.434602588E-1,3.568991274E-2,-3.506044149E-1
3.946541517E1,-1.688742787E-1,8.381775767E-2,-3.224399090E-1
3.947542217E1,-1.772481501E-1,1.123052686E-1,-2.883195877E-1
3.948543017E1,-1.679885983E-1,1.137180775E-1,-2.580255866E-1
3.949543817E1,-1.450774372E-1,9.894249588E-2,-2.282364815E-1
3.950544617E1,-1.300090104E-1,5.668771639E-2,-1.997393370E-1
3.951545317E1,-1.155591458E-1,1.350502390E-2,-1.788371056E-1
3.952546117E1,-9.362854809E-2,-2.393103205E-2,-1.462059319E-1
3.953546917E1,-8.159817755E-2,-6.960345060E-2,-1.250527352E-1
3.954547617E1,-6.797504425E-2,-1.145155355E-1,-1.054209694E-1
3.955548417E1,-6.179306656E-2,-1.690803617E-1,-9.391582012E-2
3.956549217E1,-7.229124755E-2,-2.339728028E-1,-8.873463422E-2
3.957550017E1,-1.052767560E-1,-2.929264903E-1,-1.034985557E-1
3.958550717E1,-1.595525146E-1,-3.318128884E-1,-1.205877960E-1
3.959551517E1,-2.223423570E-1,-3.422057033E-1,-1.423960477E-1
3.960552317E1,-2.776575387E-1,-3.128073215E-1,-1.589244306E-1
3.961553017E1,-3.139554262E-1,-2.471367568E-1,-1.708442718E-1
3.962553817E1,-3.249460161E-1,-1.679817438E-1,-1.725010276E-1
3.963554617E1,-3.017427921E-1,-8.602204174E-2,-1.541726738E-1
3.964555417E1,-2.549654245E-1,-2.315492928E-2,-1.350304037E-1
3.965556117E1,-1.915795952E-1,1.602353342E-2,-1.216127872E-1
3.966556917E1,-1.309426129E-1,3.743534908E-2,-1.100826338E-1
3.967557717E1,-8.663668483E-2,5.224082619E-2,-1.080428064E-1
3.968558417E1,-7.237279415E-2,6.284526736E-2,-1.137345135E-1
3.969559217E1,-7.159720361E-2,9.421577305E-2,-1.146542653E-1
3.970560017E1,-8.578066528E-2,1.415907443E-1,-1.093889251E-1
3.971560817E1,-1.039999127E-1,2.020343393E-1,-9.494353086E-2
3.972561517E1,-1.111084223E-1,2.646047473E-1,-6.815346330E-2
3.973562317E1,-1.101097241E-1,3.224875927E-1,-2.837868035E-2
3.974563117E1,-8.615272492E-2,3.701640368E-1,1.026272122E-2
3.975563917E1,-3.847515956E-2,4.029403627E-1,5.443442985E-2
3.976564617E1,1.912315749E-2,4.097223580E-1,9.277089685E-2
3.977565417E1,7.193840295E-2,3.848029971E-1,1.239470914E-1
3.978566217E1,1.083456799E-1,3.210802078E-1,1.513531655E-1
3.979566917E1,1.284802258E-1,2.324071974E-1,1.813054979E-1
3.980567717E1,1.377285868E-1,1.269657314E-1,2.043703347E-1
3.981568517E1,1.682188064E-1,4.881701991E-2,2.319484502E-1
3.982569317E1,2.303633988E-1,-7.577281445E-3,2.679791451E-1
3.983570017E1,3.158884645E-1,-3.390952945E-2,2.955503464E-1
3.984570817E1,4.237355888E-1,-1.142179780E-2,3.186844289E-1
3.985571617E1,5.253063440E-1,3.889298066E-2,3.476041853E-1
3.986572317E1,5.833497047E-1,9.443186969E-2,3.667280674E-1
3.987573117E1,5.868580937E-1,1.220634505E-1,3.702027202E-1
3.988574083E1,5.522204638E-1,1.423769891E-1,3.575766683E-1
3.989574883E1,4.908331633E-1,1.657615006E-1,3.409261405E-1
3.990575583E1,3.943822384E-1,1.999237388E-1,3.128026128E-1
3.991576383E1,2.622793317E-1,2.278176099E-1,2.743367851E-1
3.992577183E1,8.616315573E-2,2.409499139E-1,2.361159027E-1
3.993577883E1,-1.177106723E-1,2.440857738E-1,2.055303007E-1
3.994578683E1,-2.908065319E-1,2.354627252E-1,1.976702362E-1
3.995579483E1,-3.859072328E-1,2.285168022E-1,2.124912441E-1
3.996580283E1,-3.768649995E-1,2.535150945E-1,2.554155290E-1
3.997580983E1,-2.668996453E-1,3.128678501E-1,3.316788375E-1
3.998581783E1,-8.588219434E-2,3.605525494E-1,4.279411733E-1
3.999582583E1,1.124915481E-1,3.415972888E-1,5.235058665E-1
4.000583383E1,2.862577736E-1,2.621655762E-1,5.910753012E-1
4.001584083E1,4.164001644E-1,1.440863907E-1,6.280326247E-1
4.002584883E1,4.870208204E-1,2.600475773E-2,6.346505880E-1
4.003585683E1,4.930240512E-1,-6.987144053E-2,6.235460043E-1
4.004586383E1,4.329942763E-1,-1.354049146E-1,6.010585427E-1
4.005587183E1,3.204720914E-1,-1.911339462E-1,5.692294836E-1
4.006587983E1,1.634904742E-1,-2.236186564E-1,5.273049474E-1
4.007588783E1,-5.512042437E-3,-2.575382590E-1,4.869166017E-1
4.008589483E1,-1.484833062E-1,-2.874032259E-1,4.382182956E-1
4.009590283E1,-2.400519550E-1,-2.893182039E-1,3.765155971E-1
4.010591083E1,-2.778667212E-1,-2.604303658E-1,3.106122315E-1
4.011591783E1,-2.695170045E-1,-2.014866769E-1,2.578096390E-1
4.012592583E1,-2.295477390E-1,-9.332239628E-2,2.400673926E-1
4.013593383E1,-1.691728681E-1,4.300143570E-2,2.493619919E-1
4.014594183E1,-1.035187468E-1,1.575075090E-1,2.762082517E-1
4.015594883E1,-4.827219993E-2,2.247020900E-1,2.986226678E-1
4.016595683E1,-6.373218261E-3,2.405819893E-1,3.064830005E-1
4.017596483E1,2.979220822E-2,2.247136235E-1,2.924203277E-1
4.018597183E1,8.349484950E-2,2.117128819E-1,2.856695056E-1
4.019597983E1,1.432536691E-1,2.144978791E-1,2.901000082E-1
4.020598783E1,1.974737644E-1,2.179815620E-1,2.981581986E-1
4.021599583E1,2.355358154E-1,2.241628021E-1,3.056581914E-1
4.022600283E1,2.629139125E-1,2.389888912E-1,3.213801682E-1
4.023601083E1,2.724451721E-1,2.471340895E-1,3.336012959E-1
4.024601883E1,2.565567791E-1,2.312323451E-1,3.321538568E-1
4.025602583E1,2.269936055E-1,1.940547228E-1,3.067128956E-1
4.026603383E1,1.844618618E-1,1.391912103E-1,2.628397048E-1
4.027604183E1,1.341954023E-1,7.930651307E-2,2.084157616E-1
4.028604983E1,8.136335760E-2,3.473877907E-2,1.585765630E-1
4.029605683E1,2.379063703E-2,-6.385303568E-3,1.084714234E-1
4.030606483E1,-3.042519651E-2,-2.683198825E-2,7.268439233E-2
4.031607283E1,-7.958142459E-2,-3.088206612E-2,4.531443492E-2
4.032607983E1,-1.266807616E-1,-2.801064588E-2,3.152645007E-2
4.033608783E1,-1.684589535E-1,-3.956376389E-2,2.958299778E-2
4.034609583E1,-2.022502124E-1,-5.589399859E-2,2.171735093E-2
4.035610383E1,-2.277826965E-1,-8.358262479E-2,1.868404821E-2
4.036611083E1,-2.433057278E-1,-1.316468269E-1,1.572101563E-2
4.037611883E1,-2.474321127E-1,-2.011637688E-1,7.322870195E-3
4.038612683E1,-2.340952754E-1,-2.824793756E-1,-4.953503609E-3
4.039613383E1,-2.050035149E-1,-3.574864268E-1,-7.070500869E-3
4.040614183E1,-1.624789685E-1,-4.076617062E-1,-1.088361442E-2
4.041614983E1,-1.040117219E-1,-4.159015417E-1,-1.008331962E-2
4.042615783E1,-3.615224361E-2,-3.920872808E-1,-1.358811278E-4
4.043616483E1,2.929787338E-2,-3.300376236E-1,1.888678595E-2
4.044617283E1,8.193179220E-2,-2.536134124E-1,4.083203524E-2
4.045618083E1,1.180165187E-1,-1.839148253E-1,5.126063526E-2
4.046618783E1,1.392272711E-1,-1.384605169E-1,5.027579889E-2
4.047619583E1,1.414711624E-1,-1.243411526E-1,4.125873372E-2
4.048620383E1,1.461623162E-1,-1.096434295E-1,3.068811260E-2
4.049621183E1,1.579654217E-1,-8.718357980E-2,3.156393021E-2
4.050621883E1,1.904423982E-1,-5.526879430E-2,4.478891939E-2
4.051622683E1,2.477435023E-1,-9.051231667E-3,5.938703939E-2
4.052623483E1,3.133680522E-1,4.883470386E-2,6.524546444E-2
4.053624183E1,3.574775457E-1,8.001490682E-2,6.800330430E-2
4.054624983E1,3.633266389E-1,2.762520127E-2,6.885817647E-2
4.055625783E1,3.191214800E-1,-8.775737882E-2,5.806130543E-2
4.056626583E1,2.396724820E-1,-2.446210384E-1,2.854256146E-2
4.057627283E1,1.371151358E-1,-4.239314795E-1,-2.227145806E-2
4.058628083E1,1.692001335E-2,-5.978958011E-1,-1.011287197E-1
4.059628883E1,-1.180749387E-1,-7.736061811E-1,-1.941350549E-1
4.060629583E1,-2.490073889E-1,-8.861979842E-1,-2.923473716E-1
4.061630383E1,-3.529638052E-1,-8.924782276E-1,-3.770909309E-1
4.062631183E1,-4.146543443E-1,-8.060181737E-1,-4.470761418E-1
4.063631983E1,-4.086439610E-1,-6.094704270E-1,-5.075351596E-1
4.064632683E1,-3.462418318E-1,-3.308950067E-1,-5.237559676E-1
4.065633483E1,-2.567853630E-1,-5.071160570E-2,-5.057306290E-1
4.066634283E1,-1.650413573E-1,1.736008674E-1,-4.680503607E-1
4.067634983E1,-1.153551713E-1,3.079658747E-1,-4.314216077E-1
4.068635783E1,-8.605241030E-2,3.513623476E-1,-4.040919840E-1
4.069636583E1,-5.787421390E-2,3.401900232E-1,-3.743139803E-1
4.070637383E1,-2.227600850E-2,2.737776935E-1,-3.470626473E-1
4.071638083E1,2.297088318E-2,1.778892726E-1,-3.192531168E-1
4.072638883E1,8.168959618E-2,7.461749017E-2,-2.835997939E-1
4.073639683E1,1.379884630E-1,-2.604074590E-2,-2.550739646E-1
4.074640383E1,1.815742999E-1,-1.125002727E-1,-2.357338369E-1
4.075641183E1,2.011424899E-1,-1.676085144E-1,-2.296218574E-1
4.076641983E1,1.857936382E-1,-2.069231570E-1,-2.416939586E-1
4.077642783E1,1.364877522E-1,-2.308060974E-1,-2.574456930E-1
4.078643483E1,7.041952759E-2,-2.379417717E-1,-2.745873928E-1
4.079644283E1,-3.534911200E-3,-2.156805545E-1,-2.880100310E-1
4.080645083E1,-7.489244640E-2,-1.770639271E-1,-3.042270839E-1
4.081645783E1,-1.353308707E-1,-9.744448960E-2,-3.211024702E-1
4.082646583E1,-1.761619151E-1,1.093977690E-2,-3.193631470E-1
4.083647383E1,-2.007404268E-1,1.094054729E-1,-3.052586019E-1
4.084648183E1,-2.144503742E-1,1.767879725E-1,-2.755632997E-1
4.085648883E1,-2.166722268E-1,1.896265447E-1,-2.335741818E-1
4.086649683E1,-2.045878619E-1,1.617887914E-1,-1.822079271E-1
4.087650483E1,-1.838972718E-1,9.086468071E-2,-1.466533989E-1
4.088651104E1,-1.589972526E-1,-8.016363718E-3,-1.472875029E-1
4.089651904E1,-1.460557729E-1,-1.083883494E-1,-1.685079187E-1
4.090652704E1,-1.521634609E-1,-1.890339255E-1,-2.074753046E-1
4.091653404E1,-1.784514636E-1,-2.267244756E-1,-2.375440598E-1
4.092654204E1,-2.248067111E-1,-2.217829823E-1,-2.506803572E-1
4.093655004E1,-2.715324759E-1,-1.794976741E-1,-2.464780957E-1
4.094655804E1,-3.026203513E-1,-1.243057996E-1,-2.283568829E-1
4.095656504E1,-3.184386492E-1,-7.678131759E-2,-2.106589079E-1
4.096657304E1,-3.105985522E-1,-3.976470977E-2,-1.904084980E-1
4.097658104E1,-2.893749774E-1,-1.795750484E-2,-1.710985899E-1
4.098658804E1,-2.651625872E-1,-1.195473876E-2,-1.500787884E-1
4.099659604E1,-2.363045514E-1,1.353875734E-3,-1.217954829E-1
4.100660404E1,-1.943083704E-1,2.663180232E-2,-8.001634479E-2
4.101661204E1,-1.324875951E-1,5.738594383E-2,-1.906972192E-2
4.102661904E1,-5.071950331E-2,9.258840978E-2,5.935584754E-2
4.103662704E1,4.544550180E-2,1.264628470E-1,1.445287466E-1
4.104663504E1,1.496248990E-1,1.481380463E-1,2.286268473E-1
4.105664204E1,2.525822222E-1,1.598512530E-1,2.975874841E-1
4.106665004E1,3.402945101E-1,1.535054743E-1,3.566321731E-1
4.107665804E1,4.063664973E-1,1.470574141E-1,4.023574889E-1
4.108666604E1,4.504918754E-1,1.477053612E-1,4.392135143E-1
4.109667304E1,4.693026245E-1,1.556462497E-1,4.706499875E-1
4.110668104E1,4.741634130E-1,1.649609208E-1,4.911054671E-1
4.111668904E1,4.625005424E-1,1.551485062E-1,4.913908839E-1
4.112669604E1,4.452603161E-1,1.226368919E-1,4.776234031E-1
4.113670404E1,4.265639484E-1,5.880678073E-2,4.573877156E-1
4.114671204E1,4.016090631E-1,-2.227262408E-2,4.245229959E-1
4.115671904E1,3.888214529E-1,-7.580231875E-2,3.991515040E-1
4.116672704E1,3.987505138E-1,-9.012906253E-2,3.863225281E-1
4.117673504E1,4.209748209E-1,-5.431083962E-2,3.761394620E-1
4.118674304E1,4.409562647E-1,1.800969988E-2,3.533052802E-1
4.119675004E1,4.355545938E-1,9.310153872E-2,3.208774030E-1
4.120675804E1,3.956156969E-1,1.557702571E-1,2.863583267E-1
4.121676604E1,3.282704949E-1,2.120188028E-1,2.482221872E-1
4.122677304E1,2.409970909E-1,2.400829345E-1,2.088524103E-1
4.123678104E1,1.278617531E-1,2.234253585E-1,1.494787484E-1
4.124678904E1,-3.013164736E-3,1.701424271E-1,7.362392545E-2
4.125679704E1,-1.452053934E-1,1.095557213E-1,-1.440691389E-2
4.126680404E1,-2.766219974E-1,7.601293921E-2,-9.232381731E-2
4.127681204E1,-3.752838969E-1,1.024721041E-1,-1.522300392E-1
4.128682004E1,-4.237007201E-1,2.047603875E-1,-1.679890305E-1
4.129682704E1,-4.027599394E-1,3.619777262E-1,-1.486127675E-1
4.130683504E1,-2.999057472E-1,5.236079097E-1,-8.372990042E-2
4.131684304E1,-1.570355892E-1,6.276905537E-1,5.632886663E-3
4.132685004E1,8.720360696E-3,6.538953185E-1,9.845762700E-2
4.133685804E1,1.810827106E-1,6.053017974E-1,1.740194559E-1
4.134686604E1,3.309824765E-1,4.706699848E-1,2.116621733E-1
4.135687404E1,4.313459396E-1,3.038468361E-1,2.095042765E-1
4.136688104E1,4.727956057E-1,1.561556309E-1,1.716551632E-1
4.137688904E1,4.567625225E-1,6.813359261E-2,1.278120279E-1
4.138689704E1,3.734402061E-1,3.565901145E-2,8.757112175E-2
4.139690404E1,2.264510840E-1,5.108214915E-2,5.350480601E-2
4.140691204E1,2.880219370E-2,8.748995513E-2,1.717955433E-2
4.141692004E1,-1.971072704E-1,1.310489178E-1,-1.283637621E-2
4.142692804E1,-4.236618578E-1,1.498835981E-1,-3.332726657E-2
4.143693504E1,-6.184564233E-1,1.324768811E-1,-5.035590753E-2
4.144694304E1,-7.532632351E-1,9.462644160E-2,-6.668668240E-2
4.145695104E1,-8.190370202E-1,4.310813919E-2,-9.287641197E-2
4.146695804E1,-8.127756715E-1,8.554688655E-3,-9.086093307E-2
4.147696604E1,-7.418164015E-1,9.141884744E-3,-6.572018564E-2
4.148697404E1,-6.223166585E-1,3.483446687E-2,-2.003099024E-2
4.149698104E1,-4.873822629E-1,6.284483522E-2,3.794611245E-2
4.150698904E1,-3.619111478E-1,6.766834855E-2,9.204929322E-2
4.151699704E1,-2.536025345E-1,6.060177088E-2,1.454810798E-1
4.152700504E1,-1.677265316E-1,5.306875333E-2,1.942763180E-1
4.153701204E1,-9.289124608E-2,5.732999742E-2,2.383211553E-1
4.154702004E1,-1.969826408E-2,8.155252039E-2,2.814539671E-1
4.155702804E1,4.662263393E-2,1.032709256E-1,3.162580729E-1
4.156703504E1,1.020241082E-1,1.022711769E-1,3.394864500E-1
4.157704304E1,1.503921002E-1,9.485420585E-2,3.536543548E-1
4.158705104E1,1.758796126E-1,6.591390073E-2,3.544615507E-1
4.159705904E1,1.898031831E-1,2.971986309E-2,3.316900134E-1
4.160706604E1,1.755097359E-1,-3.839160781E-3,2.893643975E-1
4.161707404E1,1.360696405E-1,-2.767045796E-2,2.368186414E-1
4.162708204E1,6.756860763E-2,-5.010545999E-2,1.785231084E-1
4.163708904E1,-1.268381719E-2,-6.461850554E-2,1.142809391E-1
4.164709704E1,-8.356758207E-2,-5.900430307E-2,6.098096445E-2
4.165710504E1,-1.332531273E-1,-4.392703995E-2,2.391703799E-2
4.166711204E1,-1.514571607E-1,-8.669452742E-3,-3.753471188E-3
4.167712004E1,-1.574584842E-1,3.088629432E-2,-2.872703597E-2
4.168712804E1,-1.580329239E-1,6.491829455E-2,-5.788571760E-2
4.169713604E1,-1.613263786E-1,7.163490355E-2,-8.155304193E-2
4.170714304E1,-1.779831201E-1,5.206892267E-2,-9.984203428E-2
4.171715104E1,-1.920406222E-1,6.070880219E-3,-1.093750596E-1
4.172715904E1,-2.027350664E-1,-5.251254141E-2,-1.057190746E-1
4.173716604E1,-1.996604204E-1,-1.129821539E-1,-1.032089666E-1
4.174717404E1,-1.664420217E-1,-1.660152823E-1,-9.993940592E-2
4.175718204E1,-1.017109603E-1,-1.985501647E-1,-9.132676572E-2
4.176718904E1,-2.396743186E-2,-2.099351734E-1,-7.102628797E-2
4.177719704E1,4.193701968E-2,-2.293103635E-1,-5.361478403E-2
4.178720504E1,7.658340782E-2,-2.656481266E-1,-4.260048270E-2
4.179721304E1,9.496490657E-2,-3.057045937E-1,-4.180273041E-2
4.180722004E1,1.092074960E-1,-3.280626237E-1,-4.994694516E-2
4.181722804E1,1.275675595E-1,-3.278815746E-1,-5.984159186E-2
4.182723604E1,1.431635618E-1,-3.130416572E-1,-6.404698640E-2
4.183724304E1,1.654895246E-1,-2.922978997E-1,-6.880403310E-2
4.184725104E1,1.859279573E-1,-2.802156508E-1,-6.816620380E-2
4.185725904E1,1.968061626E-1,-2.878575921E-1,-6.197541952E-2
4.186726604E1,1.939235628E-1,-3.131190240E-1,-6.082280353E-2
4.187727404E1,1.793687344E-1,-3.535333872E-1,-6.717014313E-2
4.188728142E1,1.604477763E-1,-4.082906246E-1,-8.331928402E-2
4.189728942E1,1.324474514E-1,-4.678684771E-1,-1.061782017E-1
4.190729642E1,1.068507507E-1,-5.145171881E-1,-1.372591704E-1
4.191730442E1,8.870677650E-2,-5.273804665E-1,-1.695253402E-1
4.192731242E1,8.445423841E-2,-4.749492407E-1,-1.996403635E-1
4.193731942E1,8.925031126E-2,-3.697791994E-1,-2.352505773E-1
4.194732742E1,9.494148940E-2,-2.529210448E-1,-2.885516286E-1
4.195733542E1,9.493673593E-2,-1.623236090E-1,-3.557990789E-1
4.196734242E1,9.184587002E-2,-7.157373428E-2,-4.098631144E-1
4.197735042E1,9.109620750E-2,5.341290683E-2,-4.214189351E-1
4.198735842E1,8.507719636E-2,1.841653287E-1,-4.065654278E-1
4.199736642E1,7.152457535E-2,3.094666600E-1,-3.739013970E-1
4.200737342E1,4.981714860E-2,3.871617317E-1,-3.238648772E-1
4.201738142E1,2.953219786E-2,4.018909633E-1,-2.744646966E-1
4.202738942E1,1.614581980E-2,3.495587707E-1,-2.336323261E-1
4.203739642E1,1.337710023E-2,2.470243722E-1,-2.111970931E-1
4.204740442E1,5.921314936E-3,1.081362665E-1,-2.122471780E-1
4.205741242E1,-1.108414494E-2,-2.670757286E-2,-2.410907596E-1
4.206741942E1,-5.219483003E-2,-1.356439143E-1,-2.744364738E-1
4.207742742E1,-1.263371706E-1,-1.905805469E-1,-3.088245690E-1
4.208743542E1,-2.306169569E-1,-1.906982660E-1,-3.390543759E-1
4.209744342E1,-3.315735161E-1,-1.355902404E-1,-3.630227447E-1
4.210745042E1,-3.956470191E-1,-2.364480495E-2,-3.706636131E-1
4.211745842E1,-4.094395339E-1,1.125931740E-1,-3.608504534E-1
4.212746642E1,-3.724777997E-1,2.372341752E-1,-3.422125876E-1
4.213747342E1,-3.028916717E-1,3.168034554E-1,-3.148493171E-1
4.214748142E1,-2.350005209E-1,3.126311004E-1,-2.823848426E-1
4.215748942E1,-1.900421977E-1,2.414402962E-1,-2.496037334E-1
4.216749642E1,-1.715888828E-1,1.367306560E-1,-2.229486853E-1
4.217750442E1,-1.669400632E-1,2.491753921E-2,-2.075522393E-1
4.218751242E1,-1.679523289E-1,-7.404712588E-2,-2.059982866E-1
4.219751942E1,-1.705468446E-1,-1.357806474E-1,-2.139618397E-1
4.220752742E1,-1.775336415E-1,-1.457621753E-1,-2.209116369E-1
4.221753542E1,-1.921228617E-1,-1.188064516E-1,-2.235034853E-1
4.222754342E1,-2.252744287E-1,-8.443569392E-2,-2.205343246E-1
4.223755042E1,-2.682996094E-1,-3.105670214E-2,-2.110336721E-1
4.224755842E1,-3.095583618E-1,1.736169681E-2,-1.886665821E-1
4.225756642E1,-3.318561614E-1,5.693195760E-2,-1.654261947E-1
4.226757342E1,-3.256413937E-1,9.167075902E-2,-1.499726772E-1
4.227758142E1,-2.994295359E-1,1.131243631E-1,-1.392765641E-1
4.228758942E1,-2.624984086E-1,1.193870530E-1,-1.211015508E-1
4.229759642E1,-2.214514613E-1,1.259289980E-1,-9.356252849E-2
4.230760442E1,-1.743726283E-1,1.325490773E-1,-4.787120968E-2
4.231761242E1,-1.150701046E-1,1.307687461E-1,1.075146138E-3
4.232762042E1,-4.545054585E-2,1.368346214E-1,4.589401931E-2
4.233762742E1,2.761199139E-2,1.503332704E-1,8.497671783E-2
4.234763542E1,8.013645560E-2,1.591230333E-1,1.176305339E-1
4.235764342E1,1.062232107E-1,1.598699838E-1,1.387090087E-1
4.236765042E1,1.125594079E-1,1.602383107E-1,1.500303745E-1
4.237765842E1,1.078138053E-1,1.694257557E-1,1.546319872E-1
4.238766642E1,1.047050953E-1,1.978001297E-1,1.680958569E-1
4.239767342E1,9.995003790E-2,2.296774238E-1,1.777508259E-1
4.240768142E1,8.593462408E-2,2.492652386E-1,1.817849725E-1
4.241768942E1,6.128391996E-2,2.375968546E-1,1.822040230E-1
4.242769742E1,2.178471349E-2,2.008295208E-1,1.751509160E-1
4.243770442E1,-1.310589164E-2,1.610773057E-1,1.682418734E-1
4.244771242E1,-3.513955697E-2,1.280306727E-1,1.684346795E-1
4.245772042E1,-4.204105586E-2,9.183136374E-2,1.684653014E-1
4.246772742E1,-2.135894448E-2,6.900195032E-2,1.717511117E-1
4.247773542E1,3.602551296E-2,8.190267533E-2,1.886234134E-1
4.248774342E1,1.235553622E-1,1.391523778E-1,2.173304260E-1
4.249775042E1,2.297182232E-1,2.110780180E-1,2.492659390E-1
4.250775842E1,3.330198526E-1,2.664808333E-1,2.795628607E-1
4.251776642E1,4.126190245E-1,2.754450738E-1,3.051546812E-1
4.252777342E1,4.579945207E-1,2.345221639E-1,3.042857051E-1
4.253778142E1,4.704462886E-1,1.991897523E-1,2.832065225E-1
4.254778942E1,4.447622299E-1,1.685650051E-1,2.474301308E-1
4.255779642E1,3.822982013E-1,1.529579163E-1,2.056080550E-1
4.256780442E1,2.702297270E-1,1.663384438E-1,1.639495641E-1
4.257781242E1,1.071811095E-1,1.968360990E-1,1.319983751E-1
4.258782042E1,-7.554769516E-2,2.250978351E-1,9.763932973E-2
4.259782742E1,-2.222681940E-1,2.515561581E-1,7.174398750E-2
4.260783542E1,-2.930784523E-1,2.918292582E-1,6.732047349E-2
4.261784342E1,-2.656756639E-1,3.635133505E-1,1.102149189E-1
4.262785042E1,-1.544213146E-1,4.355678260E-1,1.854659915E-1
4.263785842E1,8.892389596E-4,4.707036912E-1,2.622588873E-1
4.264786642E1,1.637095809E-1,4.410395324E-1,3.291218281E-1
4.265787342E1,3.213008046E-1,3.472147584E-1,3.818089068E-1
4.266788142E1,4.679411054E-1,2.147323489E-1,4.210601747E-1
4.267788942E1,5.809355974E-1,7.604877651E-2,4.428051412E-1
4.268789642E1,6.433105469E-1,-3.083080798E-2,4.437566996E-1
4.269790442E1,6.446192861E-1,-1.012189165E-1,4.244067073E-1
4.270791242E1,5.911107659E-1,-1.294729263E-1,3.930975199E-1
4.271792042E1,4.803863764E-1,-1.190461889E-1,3.645291626E-1
4.272792742E1,3.288381100E-1,-9.396693856E-2,3.322426081E-1
4.273793542E1,1.549716890E-1,-5.637966469E-2,2.905840874E-1
4.274794342E1,-2.856165543E-2,-1.901924238E-2,2.409683168E-1
4.275795042E1,-2.015951574E-1,7.070443593E-3,1.905936450E-1
4.276795842E1,-3.554885685E-1,4.240036011E-3,1.583044231E-1
4.277796642E1,-4.752796292E-1,-1.557267457E-2,1.309762746E-1
4.278797342E1,-5.580219626E-1,-4.453082383E-2,1.195845902E-1
4.279798142E1,-5.945357680E-1,-8.490780741E-2,1.225116700E-1
4.280798942E1,-5.900502801E-1,-1.185915321E-1,1.326708794E-1
4.281799642E1,-5.457691550E-1,-1.504514813E-1,1.647990495E-1
4.282800442E1,-4.728401303E-1,-1.687982529E-1,2.088551819E-1
4.283801242E1,-3.783102632E-1,-1.702636331E-1,2.453489751E-1
4.284802042E1,-2.736490965E-1,-1.781974435E-1,2.675501406E-1
4.285802742E1,-1.755065173E-1,-1.963109225E-1,2.817734778E-1
4.286803542E1,-9.591395408E-2,-1.958635151E-1,2.960091531E-1
4.287804342E1,-4.269033670E-2,-1.726683676E-1,3.048067391E-1
4.288805004E1,-1.973176003E-2,-1.294295490E-1,3.175502419E-1
4.289805804E1,-2.868762426E-2,-8.891763538E-2,3.183164001E-1
4.290806604E1,-6.209990755E-2,-6.423892081E-2,3.102227747E-1
4.291807304E1,-9.871590137E-2,-5.817055330E-2,2.973161340E-1
4.292808104E1,-1.377623677E-1,-7.893521339E-2,2.762300074E-1
4.293808904E1,-1.661687046E-1,-1.115773171E-1,2.518972456E-1
4.294809604E1,-1.836137474E-1,-1.405645013E-1,2.299512029E-1
4.295810404E1,-1.919837445E-1,-1.676492244E-1,1.998316646E-1
4.296811204E1,-1.941776574E-1,-1.820116490E-1,1.644949764E-1
4.297812004E1,-1.900849640E-1,-1.706442982E-1,1.255937368E-1
4.298812704E1,-1.852960587E-1,-1.496833563E-1,8.641704172E-2
4.299813504E1,-1.887624860E-1,-1.270067245E-1,4.958070070E-2
4.300814304E1,-1.974398643E-1,-1.150214374E-1,2.244655229E-2
4.301815004E1,-1.980365366E-1,-1.063873023E-1,6.657957099E-3
4.302815804E1,-1.794812232E-1,-1.093226373E-1,-7.481830195E-3
4.303816604E1,-1.512638479E-1,-1.331708878E-1,-2.642405219E-2
4.304817304E1,-1.223776117E-1,-1.744125932E-1,-5.241916701E-2
4.305818104E1,-9.754770994E-2,-2.192856967E-1,-7.388818264E-2
4.306818904E1,-7.565946132E-2,-2.717182934E-1,-9.599588066E-2
4.307819604E1,-3.196313977E-2,-3.078730106E-1,-1.166573167E-1
4.308820404E1,3.116629273E-2,-3.570125997E-1,-1.422641575E-1
4.309821204E1,1.005591452E-1,-3.984054029E-1,-1.653253734E-1
4.310821904E1,1.736751646E-1,-4.052041769E-1,-1.767346263E-1
4.311822704E1,2.473710775E-1,-3.617929816E-1,-1.867350936E-1
4.312823504E1,3.186942637E-1,-2.676595747E-1,-1.980061233E-1
4.313824204E1,3.773325384E-1,-1.555343568E-1,-2.135890871E-1
4.314825004E1,4.009963274E-1,-7.653675973E-2,-2.364315540E-1
4.315825804E1,3.725765347E-1,-5.121094733E-2,-2.650415897E-1
4.316826604E1,2.961808443E-1,-8.272946626E-2,-3.024187684E-1
4.317827304E1,1.906602681E-1,-1.603526175E-1,-3.575470150E-1
4.318828104E1,6.556174159E-2,-2.570043206E-1,-4.278041422E-1
4.319828904E1,-5.837826431E-2,-3.403565288E-1,-5.029235482E-1
4.320829604E1,-1.705610007E-1,-3.900497556E-1,-5.664609671E-1
4.321830404E1,-2.507925034E-1,-3.839969337E-1,-6.098986268E-1
4.322831204E1,-2.766733766E-1,-3.124662936E-1,-6.293303967E-1
4.323831904E1,-2.310597301E-1,-1.666630656E-1,-6.249180436E-1
4.324832704E1,-1.225801185E-1,2.909949794E-2,-5.889861584E-1
4.325833504E1,7.974845357E-3,2.179865092E-1,-5.465950370E-1
4.326834204E1,1.184880361E-1,3.475500643E-1,-5.134424567E-1
4.327835004E1,2.020232528E-1,4.170610905E-1,-4.898251891E-1
4.328835804E1,2.533392012E-1,4.279078841E-1,-4.636487365E-1
4.329836504E1,2.851740718E-1,4.306312799E-1,-4.291242659E-1
4.330837304E1,3.008734286E-1,4.151465893E-1,-3.763388097E-1
4.331838104E1,2.960435450E-1,3.590831757E-1,-3.192635775E-1
4.332838904E1,2.807519436E-1,2.785843313E-1,-2.676107585E-1
4.333839604E1,2.563954890E-1,1.623891890E-1,-2.250600159E-1
4.334840404E1,2.221296579E-1,3.497505188E-2,-2.023818642E-1
4.335841204E1,1.706940085E-1,-7.250262052E-2,-2.055289000E-1
4.336841904E1,8.110553026E-2,-1.653321683E-1,-2.295074612E-1
4.337842704E1,-4.128913954E-2,-2.352461666E-1,-2.657325864E-1
4.338843504E1,-1.781529784E-1,-2.715197504E-1,-3.051654696E-1
4.339844204E1,-2.994232178E-1,-2.699237466E-1,-3.318448365E-1
4.340845004E1,-3.885959685E-1,-2.363822907E-1,-3.487825394E-1
4.341845804E1,-4.301278591E-1,-1.718574762E-1,-3.542143703E-1
4.342846504E1,-4.350515306E-1,-8.220081776E-2,-3.446895778E-1
4.343847304E1,-4.121770263E-1,1.573541015E-2,-3.234277964E-1
4.344848104E1,-3.640382886E-1,1.084621474E-1,-2.807607651E-1
4.345848804E1,-3.064206541E-1,1.537512243E-1,-2.354291081E-1
4.346849604E1,-2.654700279E-1,1.244130507E-1,-1.992636472E-1
4.347850404E1,-2.440906465E-1,4.305939749E-2,-1.801620871E-1
4.348851104E1,-2.366825193E-1,-8.322557062E-2,-1.686638892E-1
4.349851904E1,-2.411963046E-1,-2.055790275E-1,-1.773555577E-1
4.350852704E1,-2.460278124E-1,-2.838160396E-1,-1.986227632E-1
4.351853404E1,-2.561424077E-1,-2.965391576E-1,-2.171958089E-1
4.352854204E1,-2.763445973E-1,-2.446069717E-1,-2.196563035E-1
4.353855004E1,-2.940539420E-1,-1.554172784E-1,-2.151036561E-1
4.354855804E1,-3.091474175E-1,-4.555842653E-2,-2.046925575E-1
4.355856504E1,-3.138013482E-1,5.263703316E-2,-1.897661984E-1
4.356857304E1,-2.992855310E-1,1.243173480E-1,-1.697405577E-1
4.357858104E1,-2.707322538E-1,1.628473401E-1,-1.407193989E-1
4.358858804E1,-2.186773270E-1,1.824506074E-1,-1.126507446E-1
4.359859604E1,-1.509201974E-1,1.837080866E-1,-8.630119264E-2
4.360860404E1,-7.781828940E-2,1.814726293E-1,-6.224938482E-2
4.361861104E1,-1.355971955E-2,1.702842563E-1,-4.516921192E-2
4.362861904E1,2.792300843E-2,1.522685140E-1,-2.508605085E-2
4.363862704E1,4.951979965E-2,1.273180693E-1,-8.902063593E-3
4.364863404E1,5.866775662E-2,1.155956313E-1,-3.533130512E-3
4.365864204E1,6.150496751E-2,1.147346497E-1,-6.399349775E-3
4.366865004E1,5.358446017E-2,1.182028875E-1,-2.081077918E-2
4.367865704E1,4.607081786E-2,1.430819482E-1,-4.016213492E-2
4.368866504E1,4.593126848E-2,1.992141902E-1,-5.449366942E-2
4.369867304E1,4.798099399E-2,2.638975382E-1,-5.398894474E-2
4.370868004E1,5.041326210E-2,3.347418904E-1,-4.735953733E-2
4.371868804E1,5.113688484E-2,3.970469832E-1,-3.339737281E-2
4.372869604E1,4.257215932E-2,4.272070229E-1,-1.980699226E-2
4.373870404E1,2.894581296E-2,4.177852571E-1,-6.623831112E-3
4.374871104E1,9.229100309E-3,3.488511741E-1,7.131778402E-4
4.375871904E1,3.696210450E-3,2.641470730E-1,4.819901194E-3
4.376872704E1,1.489187405E-2,1.915130913E-1,2.230568416E-2
4.377873404E1,4.726314917E-2,1.322252899E-1,4.259366170E-2
4.378874204E1,1.068852022E-1,1.219612062E-1,8.030615747E-2
4.379875004E1,1.787649244E-1,1.655295342E-1,1.573875844E-1
4.380875704E1,2.602957189E-1,2.456485927E-1,2.488525361E-1
4.381876504E1,3.469634354E-1,3.182909787E-1,3.249582648E-1
4.382877304E1,4.204357862E-1,3.400018811E-1,3.667110503E-1
4.383878004E1,4.684831798E-1,3.007962108E-1,3.897132277E-1
4.384878804E1,4.951076210E-1,2.200414538E-1,3.943537772E-1
4.385879604E1,5.061267018E-1,1.156148762E-1,3.880654275E-1
4.386880304E1,5.025367737E-1,5.860277452E-4,3.724976480E-1
4.387881104E1,4.900925159E-1,-9.018730372E-2,3.549964726E-1
4.388881904E1,4.540980458E-1,-1.354519874E-1,3.269920051E-1
4.389882642E1,3.745183349E-1,-1.220242456E-1,2.874974608E-1
4.390883442E1,2.521346509E-1,-5.181052908E-2,2.402915955E-1
4.391884242E1,1.051054224E-1,4.580721259E-2,2.045597434E-1
4.392884942E1,-2.008179203E-2,1.403534263E-1,2.001767009E-1
4.393885742E1,-8.532971889E-2,2.269074619E-1,2.230496407E-1
4.394886542E1,-6.106459349E-2,3.136314154E-1,2.589805126E-1
4.395887242E1,4.625600204E-2,3.710145652E-1,3.086479306E-1
4.396888042E1,2.075375617E-1,3.855239749E-1,3.616341650E-1
4.397888842E1,3.872801363E-1,3.881271183E-1,4.288415015E-1
4.398889542E1,5.286145806E-1,3.576259315E-1,5.002597570E-1
4.399890342E1,6.241320968E-1,3.097672462E-1,5.607025027E-1
4.400891142E1,6.753137708E-1,2.427788973E-1,6.126282811E-1
4.401891942E1,6.794813275E-1,1.541847587E-1,6.409382820E-1
4.402892642E1,6.503971815E-1,6.585622579E-2,6.463620663E-1
4.403893442E1,5.863288045E-1,-2.071512491E-2,6.147729158E-1
4.404894242E1,4.855359197E-1,-9.519840777E-2,5.542163849E-1
4.405894942E1,3.389345407E-1,-1.539265215E-1,4.710110128E-1
4.406895742E1,1.537718773E-1,-1.900392622E-1,3.860167563E-1
4.407896542E1,-4.777354375E-2,-1.907694489E-1,3.100206852E-1
4.408897242E1,-2.327854782E-1,-1.613729447E-1,2.541632950E-1
4.409898042E1,-3.786443174E-1,-1.258297712E-1,2.283475101E-1
4.410898842E1,-4.691595733E-1,-1.022799686E-1,2.099197656E-1
4.411899542E1,-5.120837092E-1,-9.400291741E-2,1.799588948E-1
4.412900342E1,-5.231518149E-1,-1.048742086E-1,1.497940719E-1
4.413901142E1,-5.013785362E-1,-1.316683739E-1,1.217789724E-1
4.414901842E1,-4.637467563E-1,-1.869145930E-1,1.007165611E-1
4.415902642E1,-4.320236742E-1,-2.481334060E-1,8.024946600E-2
4.416903442E1,-4.060160518E-1,-2.986248434E-1,8.668313175E-2
4.417904142E1,-3.758827448E-1,-3.063526750E-1,1.113203615E-1
4.418904942E1,-3.224272430E-1,-2.654196024E-1,1.430737674E-1
4.419905742E1,-2.367272824E-1,-1.750006527E-1,1.747358143E-1
4.420906442E1,-1.270982623E-1,-5.835952237E-2,1.892460436E-1
4.421907242E1,-1.873328164E-2,5.162762851E-2,1.941808462E-1
4.422908042E1,5.343598872E-2,1.175267473E-1,1.878816783E-1
4.423908742E1,8.622552454E-2,1.495559514E-1,1.808965951E-1
4.424909542E1,8.573950082E-2,1.571526080E-1,1.809812933E-1
4.425910342E1,6.361836195E-2,1.392093003E-1,1.652850211E-1
4.426911042E1,3.396859020E-2,1.148624197E-1,1.416585147E-1
4.427911842E1,1.599317184E-3,8.387448639E-2,1.110029221E-1
4.428912642E1,-3.296931088E-2,5.243986472E-2,7.620552927E-2
4.429913342E1,-7.202485949E-2,3.395200148E-2,4.356626049E-2
4.430914142E1,-1.150000244E-1,1.147838403E-2,1.624489017E-2
4.431914942E1,-1.627517194E-1,-1.118591800E-2,-8.418517187E-3
4.432915642E1,-2.085016370E-1,-4.380511492E-2,-2.869369462E-2
4.433916442E1,-2.451442778E-1,-7.932595909E-2,-4.647409171E-2
4.434917242E1,-2.799568474E-1,-1.319388449E-1,-6.464403868E-2
4.435918042E1,-3.060992062E-1,-1.945671439E-1,-8.303759992E-2
4.436918742E1,-3.238419592E-1,-2.526642680E-1,-9.397040308E-2
4.437919542E1,-3.184005022E-1,-2.962989509E-1,-9.962116182E-2
4.438920342E1,-2.891310453E-1,-3.324742615E-1,-9.879557788E-2
4.439921042E1,-2.387204021E-1,-3.537121117E-1,-1.039973721E-1
4.440921842E1,-1.661101133E-1,-3.574778140E-1,-1.033001617E-1
4.441922642E1,-8.280002326E-2,-3.522023261E-1,-9.090491384E-2
4.442923342E1,-4.542904207E-4,-3.394263387E-1,-7.288969308E-2
4.443924142E1,7.175225019E-2,-3.171263933E-1,-5.814599618E-2
4.444924942E1,1.202841029E-1,-3.042840958E-1,-6.021740288E-2
4.445925642E1,1.523336917E-1,-2.937991321E-1,-7.699192315E-2
4.446926442E1,1.796113998E-1,-2.567540407E-1,-9.485161304E-2
4.447927242E1,2.188261896E-1,-1.836792231E-1,-1.130219996E-1
4.448927942E1,2.596604228E-1,-1.045047790E-1,-1.236070022E-1
4.449928742E1,2.936908305E-1,-3.257888928E-2,-1.219682768E-1
4.450929542E1,3.124179244E-1,2.849458531E-2,-1.129159257E-1
4.451930242E1,3.294934332E-1,4.999131337E-2,-1.143982038E-1
4.452931042E1,3.263759315E-1,1.543733291E-2,-1.294000596E-1
4.453931842E1,2.915576696E-1,-7.972581685E-2,-1.632423848E-1
4.454932542E1,2.254191339E-1,-2.238776684E-1,-2.065014392E-1
4.455933342E1,1.477898508E-1,-3.596279323E-1,-2.602861822E-1
4.456934142E1,3.404571861E-2,-5.217342973E-1,-3.396702111E-1
4.457934842E1,-9.265551716E-2,-6.601588726E-1,-4.364292622E-1
4.458935642E1,-2.116926759E-1,-7.035902739E-1,-5.376706719E-1
4.459936442E1,-3.081033528E-1,-6.599933505E-1,-6.371223927E-1
4.460937142E1,-3.742908835E-1,-5.534256101E-1,-7.384697795E-1
4.461937942E1,-3.934638798E-1,-3.609899879E-1,-8.194079399E-1
4.462938742E1,-3.939171433E-1,-5.592914671E-2,-8.449204564E-1
4.463939442E1,-3.870286345E-1,2.815426290E-1,-8.189179301E-1
4.464940242E1,-3.504466414E-1,5.629585981E-1,-7.567322850E-1
4.465941042E1,-2.834511697E-1,7.434200644E-1,-6.535291076E-1
4.466941742E1,-2.111154646E-1,7.940305471E-1,-5.356216431E-1
4.467942542E1,-1.196520403E-1,7.262549400E-1,-4.227495492E-1
4.468943342E1,-2.091614529E-2,5.391542912E-1,-3.305804729E-1
4.469944042E1,7.961371541E-2,2.751508951E-1,-2.658907175E-1
4.470944842E1,1.805680245E-1,1.666099299E-3,-2.268216163E-1
4.471945642E1,2.746392787E-1,-2.283977270E-1,-2.065729648E-1
4.472946342E1,3.441094160E-1,-3.670080602E-1,-1.971509606E-1
4.473947142E1,3.668774366E-1,-4.101605713E-1,-1.980636716E-1
4.474947942E1,3.424261510E-1,-3.714816272E-1,-1.962833405E-1
4.475948642E1,2.673515081E-1,-2.854127586E-1,-1.914484203E-1
4.476949442E1,1.474522352E-1,-1.816253662E-1,-1.989649236E-1
4.477950242E1,1.742849685E-2,-6.314133108E-2,-2.232359052E-1
4.478950942E1,-9.379709512E-2,5.151041970E-2,-2.418410182E-1
4.479951742E1,-1.766165495E-1,1.363148391E-1,-2.582708299E-1
4.480952542E1,-2.234525084E-1,1.877759099E-1,-2.615103126E-1
4.481953342E1,-2.455494106E-1,1.999945343E-1,-2.516539991E-1
4.482954042E1,-2.464639395E-1,1.809965968E-1,-2.319314182E-1
4.483954842E1,-2.384222746E-1,1.394742280E-1,-1.992106736E-1
4.484955542E1,-2.225109637E-1,8.085645735E-2,-1.657003760E-1
4.485956342E1,-2.034144998E-1,2.037846670E-2,-1.365291774E-1
4.486957142E1,-1.893183887E-1,-4.021617025E-2,-1.217209399E-1
4.487957842E1,-1.865662485E-1,-9.926880896E-2,-1.216966063E-1
4.488958642E1,-2.143267691E-1,-1.548143625E-1,-1.344922930E-1
4.489959442E1,-2.621560097E-1,-1.691441834E-1,-1.515505314E-1
4.490960142E1,-3.186349869E-1,-1.459400654E-1,-1.615277976E-1
4.491960942E1,-3.763552606E-1,-8.548424393E-2,-1.683658957E-1
4.492961742E1,-4.103148282E-1,-7.540447637E-3,-1.667935699E-1
4.493962542E1,-4.231227040E-1,6.133906916E-2,-1.561518312E-1
4.494963242E1,-3.990711570E-1,1.204918697E-1,-1.331628859E-1
4.495964042E1,-3.425078094E-1,1.679651439E-1,-9.443788230E-2
4.496964842E1,-2.603895068E-1,1.880062371E-1,-5.039772019E-2
4.497965542E1,-1.572013944E-1,1.890570968E-1,-8.941995911E-3
4.498966342E1,-4.444395378E-2,1.752699167E-1,2.452328615E-2
4.499967142E1,6.404336542E-2,1.660551131E-1,4.080745205E-2
4.500967842E1,1.527487338E-1,1.800321788E-1,5.139351636E-2
4.501968642E1,2.061318159E-1,2.050928175E-1,6.628654152E-2
4.502969442E1,2.183016539E-1,2.446026802E-1,8.588687330E-2
4.503970142E1,2.065435946E-1,2.902185023E-1,1.040114835E-1
4.504970942E1,1.837546676E-1,3.258841038E-1,1.156657413E-1
4.505971742E1,1.687925160E-1,3.704301715E-1,1.144282669E-1
4.506972442E1,1.624496728E-1,4.258295298E-1,1.156578511E-1
4.507973242E1,1.642230302E-1,4.866549075E-1,1.282932013E-1
4.508974042E1,1.861046255E-1,5.490913391E-1,1.576936990E-1
4.509974742E1,2.291735858E-1,5.907060504E-1,2.061280161E-1
4.510975542E1,2.959246635E-1,5.937713385E-1,2.682345212E-1
4.511976342E1,3.798507154E-1,5.520045161E-1,3.328371346E-1
4.512977042E1,4.527140260E-1,4.713895917E-1,3.901872337E-1
4.513977842E1,5.039483309E-1,3.458302319E-1,4.322003424E-1
4.514978642E1,5.398317575E-1,2.033433914E-1,4.566292465E-1
4.515979342E1,5.669256449E-1,7.573653013E-2,4.707988501E-1
4.516980142E1,5.993144512E-1,-1.710259728E-2,4.714382589E-1
4.517980942E1,6.253378391E-1,-7.409051806E-2,4.663282037E-1
4.518981642E1,6.233481765E-1,-1.122517511E-1,4.629859328E-1
4.519982442E1,5.559201241E-1,-1.640782505E-1,4.503730237E-1
4.520983242E1,4.030981362E-1,-2.353633493E-1,4.149212837E-1
4.521983942E1,1.811233759E-1,-3.195388913E-1,3.450087011E-1
4.522984742E1,-7.330838591E-2,-3.691567779E-1,2.560423315E-1
4.523985542E1,-2.967012525E-1,-3.588644862E-1,1.738712341E-1
4.524986242E1,-4.179286063E-1,-2.758875787E-1,1.183246076E-1
4.525987042E1,-4.104142189E-1,-1.209108904E-1,1.075665057E-1
4.526987842E1,-2.913501263E-1,9.925476462E-2,1.312555969E-1
4.527988542E1,-8.410945535E-2,3.639958799E-1,1.872622669E-1
4.528989342E1,1.809882522E-1,5.900325179E-1,2.634936869E-1
4.529990142E1,4.211381376E-1,7.098553181E-1,3.435263932E-1
4.530990842E1,5.812532306E-1,7.359066010E-1,3.896022737E-1
4.531991642E1,6.525158882E-1,6.928269267E-1,4.059751928E-1
4.532992442E1,6.452121735E-1,6.084281802E-1,4.112650156E-1
4.533993142E1,5.804471374E-1,4.839715362E-1,3.996068239E-1
4.534993942E1,4.863182306E-1,3.673841953E-1,3.850286901E-1
4.535994742E1,3.731994927E-1,2.631871700E-1,3.672145307E-1
4.536995442E1,2.575509250E-1,1.522936672E-1,3.478994370E-1
4.537996242E1,1.371713132E-1,5.056336150E-2,3.230527937E-1
4.538997042E1,-9.293057956E-4,-5.658279732E-2,2.798256874E-1
4.539997742E1,-1.565158367E-1,-1.830611825E-1,2.241839617E-1
4.540998542E1,-3.144551218E-1,-3.143976033E-1,1.756124347E-1
4.541999342E1,-4.689790905E-1,-4.343435764E-1,1.258877814E-1
4.543000042E1,-6.154399514E-1,-5.441089272E-1,7.653860748E-2
4.544000842E1,-7.337068915E-1,-6.290658116E-1,3.604783118E-2
4.545001642E1,-7.928564548E-1,-6.389615536E-1,2.750041522E-2
4.546002342E1,-7.670482397E-1,-5.650436878E-1,4.435920715E-2
4.547003142E1,-6.552221179E-1,-4.405294657E-1,8.210711926E-2
4.548003942E1,-4.862927794E-1,-2.850796580E-1,1.303615570E-1
4.549004642E1,-2.960179150E-1,-1.219043061E-1,1.953144521E-1
4.550005442E1,-1.366404146E-1,-1.167892106E-2,2.563907206E-1
4.551006242E1,-3.652020171E-2,3.825401887E-2,2.989629507E-1
4.552006942E1,6.550148129E-3,4.110248759E-2,3.144542277E-1
4.553007742E1,2.097542584E-2,3.645526990E-2,3.092895746E-1
4.554008542E1,1.524739154E-2,2.487509511E-2,3.045670390E-1
4.555009242E1,-4.577978514E-3,1.378862187E-2,2.937135994E-1
4.556010042E1,-3.348267823E-2,1.130347699E-2,2.799391448E-1
4.557010842E1,-6.146531180E-2,1.241801027E-2,2.753385305E-1
4.558011542E1,-8.739060909E-2,1.348450873E-2,2.751100361E-1
4.559012342E1,-1.115324274E-1,4.770379514E-3,2.767947614E-1
4.560013042E1,-1.347756833E-1,-2.926534042E-2,2.744328976E-1
4.561013842E1,-1.581153572E-1,-9.206108004E-2,2.562901080E-1
4.562014642E1,-1.786670089E-1,-1.633194983E-1,2.329414785E-1
4.563015342E1,-1.869763434E-1,-2.311142534E-1,2.127888054E-1
4.564016142E1,-1.762313098E-1,-2.782934308E-1,1.982118934E-1
4.565016942E1,-1.534511745E-1,-3.112308681E-1,1.816723198E-1
4.566017642E1,-1.273481846E-1,-3.396821916E-1,1.637562662E-1
4.567018442E1,-9.485521168E-2,-3.515268862E-1,1.434459388E-1
4.568019242E1,-6.110522896E-2,-3.551514745E-1,1.269683391E-1
4.569019942E1,-2.596161887E-2,-3.536126912E-1,1.041599661E-1
4.570020742E1,1.365176681E-2,-3.454052806E-1,8.509029448E-2
4.571021542E1,4.886781424E-2,-3.306699991E-1,6.395651400E-2
4.572022242E1,8.823258430E-2,-3.119174838E-1,3.582227603E-2
4.573023042E1,1.352216750E-1,-2.832291126E-1,-1.719428692E-4
4.574023842E1,1.841958910E-1,-2.345326692E-1,-4.047639668E-2
4.575024542E1,2.160401046E-1,-1.827040911E-1,-7.048356533E-2
4.576025342E1,2.227285355E-1,-1.421056241E-1,-9.052956849E-2
4.577026142E1,2.124756277E-1,-1.125647798E-1,-1.050677598E-1
4.578026842E1,2.068584561E-1,-7.996185124E-2,-1.164350286E-1
4.579027642E1,2.196506858E-1,-3.374988213E-2,-1.276200414E-1
4.580028442E1,2.498313189E-1,2.025946043E-2,-1.387804300E-1
4.581029142E1,2.810060084E-1,7.989482582E-2,-1.492945850E-1
4.582029942E1,2.989977598E-1,1.196502894E-1,-1.565963626E-1
4.583030742E1,2.921291888E-1,1.027842239E-1,-1.634947509E-1
4.584031442E1,2.710034549E-1,3.806688264E-2,-1.677177846E-1
4.585032242E1,2.422232181E-1,-6.072947383E-2,-1.640532762E-1
4.586033042E1,2.082821131E-1,-1.885429174E-1,-1.640898287E-1
4.587033742E1,1.732405126E-1,-3.315871358E-1,-1.728897244E-1
4.588034542E1,1.334730387E-1,-4.793533683E-1,-1.991240084E-1
4.589035342E1,9.378529340E-2,-6.092514396E-1,-2.464441210E-1
4.590036042E1,3.904775903E-2,-7.315055132E-1,-3.048987389E-1
4.591036842E1,-3.365201131E-2,-8.162177205E-1,-3.812752664E-1
4.592037642E1,-1.167498454E-1,-8.413693905E-1,-4.549174309E-1
4.593038342E1,-1.855544746E-1,-7.803643346E-1,-5.218858123E-1
4.594039142E1,-2.167259455E-1,-6.238056421E-1,-5.883439183E-1
4.595039942E1,-2.035278380E-1,-3.927439451E-1,-6.468610168E-1
4.596040642E1,-1.353682429E-1,-6.498255581E-2,-6.877406836E-1
4.597041442E1,1.130212797E-3,2.495410144E-1,-6.801522970E-1
4.598042242E1,1.237937436E-1,4.942677617E-1,-6.238486767E-1
4.599042942E1,2.116021663E-1,6.560021043E-1,-5.522162914E-1
4.600043742E1,2.629296780E-1,7.096226811E-1,-4.740113020E-1
4.601044542E1,2.913298905E-1,6.705429554E-1,-4.075124264E-1
4.602045242E1,2.898539305E-1,5.267248154E-1,-3.593952358E-1
4.603046042E1,2.687846124E-1,2.958412766E-1,-3.430982828E-1
4.604046842E1,2.311042398E-1,2.121017128E-2,-3.555001318E-1
4.605047542E1,1.833766699E-1,-2.298233807E-1,-3.949705660E-1
4.606048342E1,1.261335760E-1,-4.371173382E-1,-4.560118318E-1
4.607049142E1,5.318213254E-2,-5.639954209E-1,-5.266306400E-1
4.608049842E1,-3.131431714E-2,-5.974205732E-1,-5.739308000E-1
4.609050642E1,-1.287814826E-1,-5.405985713E-1,-6.134366393E-1
4.610051442E1,-2.229414582E-1,-4.220430255E-1,-6.524460912E-1
4.611052142E1,-3.109639883E-1,-2.448317856E-1,-6.750432849E-1
4.612052942E1,-3.830082417E-1,-4.225841910E-2,-6.889858842E-1
4.613053742E1,-4.375362098E-1,1.573481560E-1,-6.786264777E-1
4.614054442E1,-4.728919566E-1,3.151893616E-1,-6.554811597E-1
4.615055242E1,-5.009406209E-1,4.121302664E-1,-6.458019018E-1
4.616056042E1,-5.328714252E-1,4.383083582E-1,-6.335728765E-1
4.617056742E1,-5.637028217E-1,4.078913331E-1,-6.172748804E-1
4.618057542E1,-5.841791630E-1,3.441675901E-1,-5.940194726E-1
4.619058242E1,-5.904245377E-1,2.724723518E-1,-5.620734692E-1
4.620059042E1,-5.779318810E-1,2.105580717E-1,-5.145941973E-1
4.621059842E1,-5.449473262E-1,1.429539919E-1,-4.585396945E-1
4.622060542E1,-5.006349683E-1,7.832648605E-2,-4.005530179E-1
4.623061342E1,-4.446830153E-1,3.000103123E-2,-3.427381814E-1
4.624062142E1,-3.789654374E-1,-2.847940847E-2,-2.814254463E-1
4.625062842E1,-3.106537759E-1,-7.102287561E-2,-2.180001289E-1
4.626063642E1,-2.499418706E-1,-1.013833731E-1,-1.584723294E-1
4.627064442E1,-1.894407123E-1,-1.103518307E-1,-9.995229542E-2
4.628065142E1,-1.239180118E-1,-1.075773612E-1,-4.461779445E-2
4.629065942E1,-4.088757560E-2,-7.715260983E-2,1.128754951E-2
4.630066742E1,5.801858380E-2,-2.057953365E-2,7.317145169E-2
4.631067442E1,1.562303752E-1,3.992908448E-2,1.312808394E-1
4.632068242E1,2.444019616E-1,1.033848673E-1,1.810070872E-1
4.633069042E1,3.096635342E-1,1.611416489E-1,2.240496278E-1
4.634069742E1,3.535991609E-1,2.031266987E-1,2.555577755E-1
4.635070542E1,3.783830702E-1,2.238719314E-1,2.788689733E-1
4.636071342E1,3.884542286E-1,2.421635985E-1,2.959701419E-1
4.637072042E1,3.784431219E-1,2.711665034E-1,3.087642491E-1
4.638072842E1,3.543302715E-1,3.093062341E-1,3.213082552E-1
4.639073642E1,3.149514496E-1,3.611097932E-1,3.341060877E-1
4.640074342E1,2.614933848E-1,4.242853820E-1,3.433977664E-1
4.641075142E1,1.978022903E-1,4.870377183E-1,3.563220799E-1
4.642075942E1,1.293998510E-1,5.403020978E-1,3.839747012E-1
4.643076642E1,5.560206249E-2,5.440223217E-1,4.119413495E-1
4.644077442E1,-2.414634917E-3,4.952931106E-1,4.374371171E-1
4.645078242E1,-2.640838549E-2,4.240903258E-1,4.706166685E-1
4.646078942E1,-7.417244837E-3,3.686853647E-1,5.080038905E-1
4.647079742E1,4.475727677E-2,3.519018590E-1,5.594719052E-1
4.648080542E1,1.236027181E-1,3.679483831E-1,6.302250624E-1
4.649081242E1,2.116910219E-1,4.275195599E-1,7.199149728E-1
4.650082042E1,3.028445244E-1,5.006479621E-1,8.094395995E-1
4.651082742E1,3.916987777E-1,5.679470897E-1,8.796927333E-1
4.652083542E1,4.587454796E-1,5.886748433E-1,9.255556464E-1
4.653084342E1,4.955224097E-1,5.317372084E-1,9.673137665E-1
4.654085042E1,4.761403203E-1,4.220468998E-1,9.787747860E-1
4.655085842E1,3.978276849E-1,2.906260192E-1,9.559482932E-1
4.656086642E1,2.495766282E-1,1.199274734E-1,8.911799788E-1
4.657087342E1,2.843813505E-3,-1.202046946E-1,7.744248509E-1
4.658088142E1,-2.894876301E-1,-3.485576212E-1,6.422938108E-1
4.659088942E1,-5.273555517E-1,-4.743442833E-1,5.145821571E-1
4.660089642E1,-6.357555985E-1,-4.238176942E-1,4.260365069E-1
4.661090442E1,-5.822526813E-1,-1.689092517E-1,4.297430813E-1
4.662091242E1,-4.068371356E-1,2.103742212E-1,5.190333724E-1
4.663091942E1,-1.686735749E-1,6.135656238E-1,6.667208672E-1
4.664092742E1,5.990714952E-2,8.858856559E-1,8.341743350E-1
4.665093542E1,2.470450848E-1,9.864445329E-1,9.550680518E-1
4.666094242E1,3.852626085E-1,9.379147887E-1,1.022565961E0
4.667095042E1,4.712986946E-1,8.085054159E-1,1.047217488E0
4.668095842E1,5.107194781E-1,6.016993523E-1,1.033268452E0
4.669096542E1,5.019571185E-1,3.482212424E-1,9.851736426E-1
4.670097342E1,4.645000696E-1,1.270018965E-1,9.092044830E-1
4.671098142E1,3.825260997E-1,-5.430131033E-2,8.323137164E-1
4.672098842E1,2.513888776E-1,-2.150700539E-1,7.437372208E-1
4.673099642E1,9.012491256E-2,-3.551384509E-1,6.500730515E-1
4.674100442E1,-9.649508446E-2,-4.866238534E-1,5.574625134E-1
4.675101142E1,-2.858056128E-1,-5.988041759E-1,4.532878697E-1
4.676101942E1,-4.541673958E-1,-6.688959002E-1,3.432032168E-1
4.677102642E1,-5.984737277E-1,-7.011827230E-1,2.302388549E-1
4.678103442E1,-7.108783722E-1,-6.749548316E-1,1.208888963E-1
4.679104242E1,-7.946286798E-1,-5.861024857E-1,2.528460696E-2
4.680104942E1,-8.463430405E-1,-4.234698415E-1,-3.760630637E-2
4.681105742E1,-8.634741306E-1,-2.084555328E-1,-6.634421647E-2
4.682106542E1,-8.529928923E-1,8.196269162E-3,-5.970476568E-2
4.683107242E1,-8.304715753E-1,1.825278550E-1,-2.638568729E-2
4.684108042E1,-7.874150872E-1,2.817192674E-1,5.131777842E-3
4.685108842E1,-7.152064443E-1,2.988657653E-1,1.245706808E-2
4.686109542E1,-6.061880589E-1,2.556784749E-1,-9.908480570E-3
4.687110342E1,-4.772534966E-1,1.753071845E-1,-5.045484006E-2
4.688111142E1,-3.602707386E-1,9.933242202E-2,-8.936250210E-2
4.689111842E1,-2.838681042E-1,4.537864029E-2,-1.223313734E-1
4.690112617E1,-2.636257410E-1,4.168092739E-3,-1.526306868E-1
4.691113417E1,-2.854460776E-1,-2.244381048E-2,-1.859865040E-1
4.692114117E1,-3.228589892E-1,-2.877269499E-2,-2.195831835E-1
4.693114917E1,-3.386254311E-1,-1.272555254E-2,-2.510135472E-1
4.694115717E1,-3.144069314E-1,2.110975329E-3,-2.776942551E-1
4.695116417E1,-2.462507933E-1,8.106017485E-3,-2.980980873E-1
4.696117217E1,-1.462248564E-1,3.010542830E-3,-3.100761473E-1
4.697117917E1,-3.263997287E-2,-7.871249691E-4,-3.118095994E-1
4.698118717E1,7.596670091E-2,-2.301408444E-3,-3.200488091E-1
4.699119517E1,1.839552075E-1,-1.227840781E-2,-3.296359479E-1
4.700120217E1,2.946383357E-1,-1.746225171E-2,-3.329326510E-1
4.701121017E1,4.083153605E-1,-1.383635774E-2,-3.408590257E-1
4.702121817E1,5.133845806E-1,5.108358338E-3,-3.530875146E-1
4.703122517E1,5.954722762E-1,3.907111660E-2,-3.712880909E-1
4.704123317E1,6.389155388E-1,8.691979200E-2,-3.957605064E-1
4.705124117E1,6.450511813E-1,1.388469040E-1,-4.277802408E-1
4.706124817E1,6.180287600E-1,1.911137998E-1,-4.663745463E-1
4.707125617E1,5.608224869E-1,2.292268276E-1,-5.012736917E-1
4.708126417E1,4.943960607E-1,2.470375299E-1,-5.180915594E-1
4.709127117E1,4.277257025E-1,2.398395240E-1,-5.176300406E-1
4.710127917E1,3.758491576E-1,2.013654113E-1,-4.924418628E-1
4.711128717E1,3.467828631E-1,1.136004180E-1,-4.509373009E-1
4.712129417E1,3.419940472E-1,-2.686284110E-2,-4.070618451E-1
4.713130217E1,3.700698912E-1,-2.033595741E-1,-3.937407136E-1
4.714131017E1,4.378454387E-1,-3.759524822E-1,-4.208684266E-1
4.715131717E1,5.217959881E-1,-5.137423277E-1,-4.856508672E-1
4.716132517E1,6.023876667E-1,-5.712681413E-1,-5.599598289E-1
4.717133217E1,6.528289914E-1,-5.243672132E-1,-6.091274023E-1
4.718134017E1,6.559876800E-1,-3.665037751E-1,-6.069445610E-1
4.719134817E1,6.282542944E-1,-1.340476125E-1,-5.628436804E-1
4.720135517E1,5.617902279E-1,1.198606044E-1,-4.915235341E-1
4.721136317E1,4.754728675E-1,3.389239609E-1,-4.129813313E-1
4.722137117E1,3.898825943E-1,4.792267680E-1,-3.444588780E-1
4.723137817E1,3.059328198E-1,5.143167973E-1,-3.050350547E-1
4.724138617E1,2.271406204E-1,4.774092734E-1,-2.891805172E-1
4.725139417E1,1.622084826E-1,3.842593729E-1,-2.901829481E-1
4.726140117E1,9.860237688E-2,2.539844513E-1,-3.056688607E-1
4.727140917E1,2.601259574E-2,9.540784359E-2,-3.289915025E-1
4.728141717E1,-5.786302313E-2,-7.543609291E-2,-3.590115607E-1
4.729142417E1,-1.407797486E-1,-2.118464112E-1,-3.715771437E-1
4.730143217E1,-2.106151134E-1,-3.139105141E-1,-3.762627542E-1
4.731143917E1,-2.654716969E-1,-3.964043260E-1,-3.790872991E-1
4.732144717E1,-3.069303334E-1,-4.545431733E-1,-3.667380214E-1
4.733145517E1,-3.192200363E-1,-4.596327245E-1,-3.413549066E-1
4.734146217E1,-2.877456844E-1,-3.983137906E-1,-3.028622568E-1
4.735147017E1,-2.091662139E-1,-2.800239027E-1,-2.457901984E-1
4.736147817E1,-1.059788615E-1,-1.354802698E-1,-1.744395047E-1
4.737148517E1,-1.729683485E-3,1.516201999E-3,-8.684307337E-2
4.738149317E1,9.520712495E-2,1.160510406E-1,1.568138972E-2
4.739150117E1,1.733858138E-1,1.837704331E-1,1.222949177E-1
4.740150817E1,2.289193869E-1,1.846499890E-1,2.095320225E-1
4.741151617E1,2.650664747E-1,1.416162401E-1,2.686259747E-1
4.742152417E1,2.733306885E-1,5.444380268E-2,3.217958212E-1
4.743153117E1,2.494493425E-1,-5.346588418E-2,3.604145944E-1
4.744153917E1,2.002336085E-1,-1.765225977E-1,3.852442205E-1
4.745154717E1,1.413210183E-1,-3.130578101E-1,4.024857879E-1
4.746155417E1,8.902076632E-2,-4.606667161E-1,4.022089243E-1
4.747156217E1,5.243053287E-2,-5.870989561E-1,3.704768419E-1
4.748156917E1,3.244791180E-2,-6.705658436E-1,3.374567926E-1
4.749157717E1,1.915660873E-2,-7.096288204E-1,2.966305315E-1
4.750158517E1,6.141794380E-3,-7.070076466E-1,2.472125590E-1
4.751159217E1,-3.878082847E-3,-6.632385850E-1,1.877564192E-1
4.752160017E1,-3.052313812E-2,-6.017520428E-1,1.141436920E-1
4.753160817E1,-7.597211748E-2,-5.341447592E-1,3.201926127E-2
4.754161517E1,-1.351890862E-1,-4.626820385E-1,-4.486381263E-2
4.755162317E1,-1.889242232E-1,-3.882336318E-1,-1.040355191E-1
4.756163117E1,-2.154010981E-1,-2.933401763E-1,-1.421731412E-1
4.757163817E1,-2.180237770E-1,-1.953715384E-1,-1.623108983E-1
4.758164617E1,-1.995083094E-1,-1.055151150E-1,-1.638705879E-1
4.759165417E1,-1.650139838E-1,-3.975581005E-2,-1.501790136E-1
4.760166117E1,-1.172683164E-1,1.092340611E-2,-1.322789341E-1
4.761166917E1,-6.398405880E-2,4.643745720E-2,-1.207703426E-1
4.762167717E1,-2.161898278E-2,7.252276689E-2,-1.123281121E-1
4.763168417E1,1.017942652E-2,1.089593321E-1,-1.084036753E-1
4.764169217E1,2.542112209E-2,1.405097693E-1,-1.132214665E-1
4.765169917E1,5.967262201E-3,1.676889360E-1,-1.269447356E-1
4.766170717E1,-3.475133702E-2,1.989244670E-1,-1.426503360E-1
4.767171517E1,-9.378270060E-2,2.188952416E-1,-1.514097452E-1
4.768172217E1,-1.610297561E-1,2.198286653E-1,-1.535627693E-1
4.769173017E1,-2.235434651E-1,2.014880031E-1,-1.454084367E-1
4.770173817E1,-2.866263688E-1,1.835237592E-1,-1.332120746E-1
4.771174517E1,-3.352208138E-1,1.694414914E-1,-1.179889068E-1
4.772175317E1,-3.481703699E-1,1.640384197E-1,-8.938069642E-2
4.773176117E1,-3.262991607E-1,1.637001932E-1,-4.171810299E-2
4.774176817E1,-2.709621191E-1,1.487537324E-1,2.934568748E-2
4.775177617E1,-2.008711994E-1,1.090510637E-1,1.054665521E-1
4.776178417E1,-1.238861755E-1,5.016886815E-2,1.773302704E-1
4.777179117E1,-4.728380963E-2,-1.204307657E-3,2.373238355E-1
4.778179917E1,2.795377374E-2,-3.362444416E-2,2.795858085E-1
4.779180617E1,9.780076146E-2,-4.566140100E-2,2.993070483E-1
4.780181417E1,1.558362395E-1,-2.657290362E-2,3.055644631E-1
4.781182217E1,1.872370392E-1,4.400704056E-4,3.098734617E-1
4.782182917E1,1.770138144E-1,4.046073183E-2,3.167050481E-1
4.783183717E1,1.281453371E-1,7.345969230E-2,3.173599243E-1
4.784184517E1,6.574767083E-2,7.854223996E-2,3.201127946E-1
4.785185217E1,1.314171124E-2,7.214799523E-2,3.243975341E-1
4.786186017E1,-1.712447219E-2,5.476241559E-2,3.312812150E-1
4.787186817E1,-1.777375117E-2,2.343325689E-2,3.285229802E-1
4.788187517E1,-4.995061317E-5,-2.556157298E-3,3.198187947E-1
4.789188317E1,2.935614064E-2,-8.516311646E-3,3.140693009E-1
4.790189179E1,5.199400708E-2,6.065970287E-3,3.121197522E-1
4.791189879E1,6.311617047E-2,2.419996634E-2,3.149509728E-1
4.792190679E1,6.633757800E-2,4.182465002E-2,3.187730312E-1
4.793191379E1,6.020458788E-2,6.069048494E-2,3.257127106E-1
4.794192179E1,4.179006815E-2,6.450752914E-2,3.268730938E-1
4.795192979E1,1.043437282E-3,4.400544986E-2,3.240693212E-1
4.796193679E1,-7.079384476E-2,-6.437830627E-3,3.137459159E-1
4.797194479E1,-1.526647359E-1,-6.676402688E-2,3.035936952E-1
4.798195279E1,-2.156920582E-1,-1.010652706E-1,2.979214489E-1
4.799195979E1,-2.399499863E-1,-1.053857207E-1,2.928627729E-1
4.800196779E1,-2.223848403E-1,-8.350918442E-2,2.896869779E-1
4.801197579E1,-1.811734885E-1,-3.960191086E-2,2.869758606E-1
4.802198279E1,-1.441424340E-1,1.613076963E-2,2.798832655E-1
4.803199079E1,-1.352743804E-1,5.146106333E-2,2.598733306E-1
4.804199779E1,-1.509345323E-1,5.867124721E-2,2.376869023E-1
4.805200579E1,-1.800580621E-1,4.217562824E-2,2.088129073E-1
4.806201379E1,-1.933916956E-1,2.283942327E-2,1.816061735E-1
4.807202079E1,-1.871476471E-1,5.223993212E-4,1.543031782E-1
4.808202879E1,-1.610295027E-1,-1.144792046E-2,1.243046820E-1
4.809203679E1,-1.313730776E-1,-7.304307073E-3,1.021157652E-1
4.810204379E1,-1.095438451E-1,8.959691040E-3,8.315266669E-2
4.811205179E1,-9.839452058E-2,2.572269365E-2,6.243699417E-2
4.812205979E1,-9.516085684E-2,2.332679927E-2,3.749216720E-2
4.813206679E1,-8.414016664E-2,4.185596481E-3,1.003790461E-2
4.814207479E1,-5.305091664E-2,-1.748303138E-2,-1.335954759E-2
4.815208179E1,-3.807470901E-3,-2.837509289E-2,-2.718588151E-2
4.816208979E1,5.343098566E-2,-1.416778751E-2,-3.262124211E-2
4.817209779E1,1.019532457E-1,1.476293057E-2,-2.656201832E-2
4.818210479E1,1.241659671E-1,4.523568600E-2,-1.915635169E-2
4.819211279E1,1.242834181E-1,5.900236219E-2,-2.070258185E-2
4.820212079E1,1.065525785E-1,5.834358186E-2,-2.412476018E-2
4.821212779E1,8.846358955E-2,4.125381261E-2,-3.189533204E-2
4.822213579E1,7.571828365E-2,1.951671205E-2,-4.069528356E-2
4.823214379E1,7.674279809E-2,-3.539314494E-4,-4.832816869E-2
4.824215079E1,8.013182878E-2,-1.618963107E-2,-4.647225887E-2
4.825215879E1,7.462574542E-2,-4.292723909E-2,-5.154531449E-2
4.826216679E1,6.112773716E-2,-5.413133651E-2,-6.441958994E-2
4.827217379E1,3.501224518E-2,-5.073447526E-2,-7.848533988E-2
4.828218179E1,-6.523017655E-4,-4.217794910E-2,-9.829615802E-2
4.829218879E1,-3.892512247E-2,-2.400160953E-2,-1.190312654E-1
4.830219679E1,-7.267589867E-2,-1.542653143E-2,-1.326928139E-1
4.831220479E1,-9.890191257E-2,-1.879489794E-2,-1.441020668E-1
4.832221179E1,-1.171838045E-1,-3.773269802E-2,-1.492698789E-1
4.833221979E1,-1.193657294E-1,-5.283389241E-2,-1.461883336E-1
4.834222779E1,-1.063468829E-1,-6.143880263E-2,-1.348727494E-1
4.835223479E1,-8.345328271E-2,-5.865073577E-2,-1.228387207E-1
4.836224279E1,-5.235674605E-2,-5.291267484E-2,-1.064868793E-1
4.837225079E1,-1.868107729E-2,-5.710155889E-2,-8.814329654E-2
4.838225779E1,6.109464448E-3,-7.343600690E-2,-7.565955818E-2
4.839226579E1,2.052382380E-2,-9.807397425E-2,-5.752689019E-2
4.840227279E1,3.613119572E-2,-1.149433628E-1,-4.152485728E-2
4.841228079E1,5.450674146E-2,-1.196579561E-1,-2.449607104E-2
4.842228879E1,7.861903310E-2,-1.121758297E-1,-8.851430379E-3
4.843229579E1,1.024460718E-1,-9.797692299E-2,7.300109137E-3
4.844230379E1,1.203731745E-1,-8.509875834E-2,1.722492836E-2
4.845231179E1,1.297376603E-1,-8.086033911E-2,3.577198088E-2
4.846231879E1,1.241778582E-1,-7.235252857E-2,3.879301995E-2
4.847232679E1,1.050425097E-1,-7.759788632E-2,4.070170596E-2
4.848233479E1,7.733014971E-2,-8.765017986E-2,4.257735610E-2
4.849234179E1,5.314092711E-2,-9.758882970E-2,3.652185947E-2
4.850234979E1,3.660103679E-2,-1.040484533E-1,2.835729159E-2
4.851235679E1,3.029067442E-2,-1.022636071E-1,1.807003282E-2
4.852236479E1,3.237340972E-2,-9.060192108E-2,9.058044292E-3
4.853237279E1,3.378461674E-2,-6.891180575E-2,3.153549507E-3
4.854237979E1,3.605780378E-2,-5.133901164E-2,6.229018327E-3
4.855238779E1,3.457175940E-2,-4.187307134E-2,3.516855184E-3
4.856239579E1,3.606153280E-2,-3.054957837E-2,-3.102964256E-3
4.857240279E1,4.780687019E-2,-2.038455941E-2,-1.254094020E-2
4.858241079E1,6.198757142E-2,-7.355677895E-3,-2.267721668E-2
4.859241879E1,6.925480813E-2,-6.113845855E-3,-3.554800898E-2
4.860242579E1,6.317101419E-2,-2.504320815E-3,-4.472937062E-2
4.861243379E1,4.585967213E-2,-9.515890852E-3,-5.553621054E-2
4.862244079E1,1.011439040E-2,-1.859952509E-2,-6.550347805E-2
4.863244879E1,-2.265953459E-2,-2.612694912E-2,-7.799423486E-2
4.864245679E1,-4.910545051E-2,-2.735159546E-2,-9.149441123E-2
4.865246379E1,-5.947792903E-2,-1.307332329E-2,-9.971505404E-2
4.866247179E1,-6.002730131E-2,1.231850591E-2,-1.039851531E-1
4.867247979E1,-4.957493022E-2,4.246149212E-2,-1.035936698E-1
4.868248679E1,-4.375255480E-2,5.985823646E-2,-1.055465788E-1
4.869249479E1,-4.380288720E-2,6.550493836E-2,-1.075002775E-1
4.870250279E1,-5.469952896E-2,5.909721553E-2,-1.120313182E-1
4.871250979E1,-7.154775411E-2,4.056507722E-2,-1.210256070E-1
4.872251779E1,-8.828411251E-2,2.543616481E-2,-1.346429586E-1
4.873252479E1,-9.968989342E-2,1.174325589E-2,-1.465715170E-1
4.874253279E1,-1.043419465E-1,9.994175285E-3,-1.511417925E-1
4.875254079E1,-9.948273748E-2,1.529919170E-2,-1.443179697E-1
4.876254779E1,-8.664224297E-2,1.812546514E-2,-1.381100416E-1
4.877255579E1,-6.256620586E-2,2.377909049E-2,-1.266373992E-1
4.878256379E1,-3.060081415E-2,1.970711537E-2,-1.188162342E-1
4.879257079E1,6.111669354E-4,1.138686854E-2,-1.177919805E-1
4.880257879E1,3.096351959E-2,6.491361652E-3,-1.145032272E-1
4.881258679E1,5.217852816E-2,1.041792613E-2,-1.061821803E-1
4.882259379E1,6.030426174E-2,6.928876508E-3,-1.011412144E-1
4.883260179E1,5.806427449E-2,1.346960012E-2,-9.391605854E-2
4.884260879E1,5.462243408E-2,3.162191436E-2,-8.126221597E-2
4.885261679E1,4.377457872E-2,4.356379807E-2,-7.409511507E-2
4.886262479E1,3.159414232E-2,4.351225868E-2,-6.487327069E-2
4.887263179E1,1.811881363E-2,2.731677704E-2,-5.841057748E-2
4.888263979E1,-2.704494633E-3,-1.539259683E-3,-5.167244747E-2
4.889264779E1,-1.286605187E-2,-2.361739799E-2,-4.805773869E-2
4.890265492E1,-1.230617706E-2,-3.622736782E-2,-3.810360655E-2
4.891266292E1,-7.531928364E-3,-4.069561884E-2,-3.616536036E-2
4.892267092E1,2.456036862E-3,-3.389902785E-2,-3.086958081E-2
4.893267792E1,9.669208899E-3,-1.394609362E-2,-2.567721531E-2
4.894268592E1,1.151040662E-2,1.241584308E-3,-1.949142478E-2
4.895269292E1,1.332455222E-2,8.032645099E-3,-1.641866937E-2
4.896270092E1,1.144567877E-2,2.461074386E-3,-1.773844846E-2
4.897270892E1,1.151279081E-2,-5.588862579E-3,-2.625443973E-2
4.898271592E1,1.958864555E-2,-7.879866287E-3,-2.426895313E-2
4.899272392E1,2.932516299E-2,-1.055447944E-2,-2.322605811E-2
4.900273192E1,3.355136514E-2,-2.685073018E-2,-2.449510619E-2
4.901273892E1,2.457198687E-2,-4.668062925E-2,-3.038149141E-2
4.902274692E1,5.103400443E-3,-5.303955078E-2,-4.055000842E-2
4.903275392E1,-1.786849461E-2,-3.713355586E-2,-4.131619632E-2
4.904276192E1,-4.140116647E-2,-2.632100321E-2,-4.207323119E-2
4.905276992E1,-5.992558226E-2,-1.161050238E-2,-4.152009264E-2
4.906277692E1,-6.428097188E-2,2.798089990E-3,-3.666887805E-2
4.907278492E1,-5.455377698E-2,1.244832017E-2,-2.731745690E-2
4.908279292E1,-2.701296471E-2,1.511254627E-2,-1.486371644E-2
4.909279992E1,1.462086337E-3,1.030713879E-2,-4.876596853E-3
4.910280792E1,2.395555750E-2,-1.591914333E-3,1.950564561E-3
4.911281592E1,5.155309662E-2,-5.904104561E-3,3.238735721E-3
4.912282292E1,8.309912682E-2,7.347891107E-3,1.004153304E-2
4.913283092E1,1.044933647E-1,1.664844900E-2,6.629224401E-3
4.914283792E1,1.102949083E-1,2.480923757E-2,6.721570157E-3
4.915284592E1,1.031874642E-1,4.023133591E-2,1.159009524E-2
4.916285392E1,8.425156027E-2,4.486260563E-2,1.460382715E-2
4.917286092E1,6.042612344E-2,4.006731883E-2,1.398943551E-2
4.918286892E1,3.212648258E-2,2.578844503E-2,6.783504970E-3
4.919287692E1,7.116736844E-3,1.153866854E-2,2.572514582E-3
4.920288392E1,-1.063024905E-2,5.618616007E-3,-3.070790553E-3
4.921289192E1,-1.810334623E-2,4.919003695E-3,-2.541088033E-3
4.922289892E1,-1.934184693E-2,9.556644596E-3,1.448095543E-3
4.923290692E1,-8.225812577E-3,1.661695167E-2,-8.481997065E-5
4.924291492E1,8.667898364E-3,2.870088816E-2,5.170994904E-3
4.925292192E1,2.413340844E-2,3.780969605E-2,1.637118496E-2
4.926292992E1,2.723949030E-2,3.285720199E-2,1.981360465E-2
4.927293792E1,2.968134359E-2,3.546417132E-2,2.339182794E-2
4.928294492E1,2.670574933E-2,3.330626339E-2,2.834815159E-2
4.929295292E1,1.462724898E-2,2.253484353E-2,2.546980605E-2
4.930295992E1,3.589048516E-3,1.152735669E-2,2.322467975E-2
4.931296792E1,-7.859348319E-3,-3.635510802E-5,2.709025703E-2
4.932297592E1,-1.893481612E-2,-1.162046194E-2,2.800701745E-2
4.933298292E1,-2.329760604E-2,-2.159719728E-2,2.957588620E-2
4.934299092E1,-2.018123679E-2,-2.317288890E-2,2.953700535E-2
4.935299892E1,-1.442294940E-2,-2.355505154E-2,2.554119751E-2
4.936300592E1,-5.955367349E-3,-2.220865898E-2,1.963004470E-2
4.937301392E1,5.194223020E-3,-1.280184090E-2,1.891924813E-2
4.938302192E1,1.373467594E-2,-4.076446872E-3,2.476087399E-2
4.939302892E1,2.076702006E-2,1.114431769E-2,2.967387438E-2
4.940303692E1,2.647262625E-2,2.896954864E-2,3.823613748E-2
4.941304392E1,3.137230873E-2,3.615049645E-2,4.200690612E-2
4.942305192E1,2.907830104E-2,3.400310874E-2,4.410975426E-2
4.943305992E1,1.781259663E-2,1.922176778E-2,5.249285325E-2
4.944306692E1,7.590701338E-3,-4.256106447E-3,5.892683566E-2
4.945307492E1,-6.624347297E-4,-2.677286603E-2,6.408111751E-2
4.946308292E1,-8.989878697E-4,-4.141745344E-2,7.160842419E-2
4.947308992E1,1.898929011E-3,-4.483721778E-2,7.846633345E-2
4.948309792E1,6.963578518E-3,-3.953297809E-2,8.452747017E-2
4.949310492E1,7.252798416E-3,-3.368600830E-2,8.688197285E-2
4.950311292E1,1.776436693E-4,-2.816275507E-2,8.139943331E-2
4.951312092E1,-1.143879816E-2,-2.467534691E-2,6.768602133E-2
4.952312792E1,-2.927018702E-2,-2.250445634E-2,4.561179504E-2
4.953313592E1,-4.787370190E-2,-1.133728866E-2,2.551824413E-2
4.954314392E1,-5.351800472E-2,7.770093158E-3,1.215104014E-2
4.955315092E1,-4.596155137E-2,2.700211108E-2,1.028602850E-2
4.956315892E1,-2.822788619E-2,3.616853431E-2,1.221548766E-2
4.957316692E1,-3.985130228E-3,3.163477033E-2,6.987169385E-3
4.958317392E1,2.009923942E-2,2.292931080E-2,-5.549844936E-4
4.959318192E1,3.190449998E-2,4.136981443E-3,-1.400261652E-2
4.960318892E1,3.338404000E-2,-1.220929809E-2,-2.693033218E-2
4.961319692E1,2.390238829E-2,-1.231209747E-2,-3.741014004E-2
4.962320492E1,1.443918981E-2,-1.365612261E-4,-4.130817577E-2
4.963321192E1,1.012273878E-2,1.851115935E-2,-3.973158449E-2
4.964321992E1,1.105490234E-2,3.153979033E-2,-3.878962249E-2
4.965322792E1,1.481368858E-2,4.354398698E-2,-3.658452630E-2
4.966323492E1,2.121530473E-2,5.211902037E-2,-2.989275008E-2
4.967324292E1,2.246113122E-2,5.208626390E-2,-1.552073471E-2
4.968324992E1,1.873462275E-2,4.284419119E-2,-7.059938274E-3
4.969325792E1,1.300483011E-2,3.124905378E-2,-1.550657093E-3
4.970326592E1,9.171287529E-3,1.733387448E-2,-7.197175873E-4
4.971327292E1,8.702144842E-4,2.219103742E-3,-8.226902224E-3
4.972328092E1,-5.448706448E-3,-2.659991384E-3,-1.994109899E-2
4.973328892E1,-8.528119884E-3,5.062110256E-3,-2.730420791E-2
4.974329592E1,-1.529549155E-2,1.383538917E-2,-2.508730814E-2
4.975330392E1,-1.101925317E-2,2.840154991E-2,-1.671060175E-2
4.976331092E1,-6.709129084E-3,3.237964213E-2,-1.202438679E-2
4.977331892E1,2.239358611E-3,2.490414865E-2,-1.707933284E-2
4.978332692E1,1.273796894E-2,1.665415987E-2,-2.719202079E-2
4.979333392E1,1.935459301E-2,9.533399716E-3,-3.585555032E-2
4.980334192E1,2.826978453E-2,2.063529566E-2,-3.655043617E-2
4.981334992E1,3.854506090E-2,4.757317156E-2,-2.581470273E-2
4.982335692E1,4.865333438E-2,6.766307354E-2,-1.670139655E-2
4.983336492E1,6.071825325E-2,7.033981383E-2,-1.256897021E-2
4.984337192E1,7.369407266E-2,5.341387540E-2,-1.154751424E-2
4.985337992E1,8.452514559E-2,2.692554146E-2,-1.804243214E-2
4.986338792E1,9.237839282E-2,4.128140397E-3,-2.601387352E-2
4.987339492E1,9.289771318E-2,-5.470424891E-3,-3.254607320E-2
4.988340292E1,8.102060109E-2,4.089951515E-3,-3.331260011E-2
4.989341092E1,6.038908660E-2,2.745626122E-2,-3.641678020E-2
4.990341717E1,3.431662545E-2,6.124615297E-2,-4.407847673E-2
4.991342517E1,1.494292729E-2,8.955262601E-2,-5.315719172E-2
4.992343217E1,-6.901445449E-4,9.740343690E-2,-6.262401491E-2
4.993344017E1,-9.847423062E-3,9.193117172E-2,-7.295788080E-2
4.994344817E1,-1.273695286E-2,7.601212710E-2,-7.991006225E-2
4.995345517E1,-1.227090042E-2,5.342585966E-2,-8.901274949E-2
4.996346317E1,-6.006208248E-3,3.016554751E-2,-9.919264913E-2
4.997347117E1,8.703397471E-4,1.996777207E-2,-1.034433171E-1
4.998347817E1,1.026024111E-2,1.727238297E-2,-1.064039841E-1
4.999348617E1,1.647366211E-2,3.019111045E-2,-1.038534790E-1
5.000349417E1,2.778976411E-2,5.568648130E-2,-9.614084661E-2
5.001350117E1,3.878675401E-2,7.312086225E-2,-9.141267091E-2
5.002350917E1,4.936415702E-2,7.870421559E-2,-8.991798759E-2
5.003351617E1,5.065019801E-2,6.476230174E-2,-9.160589427E-2
5.004352417E1,5.105440319E-2,4.389470071E-2,-9.431604296E-2
5.005353217E1,5.081019178E-2,2.700413577E-2,-9.984450042E-2
5.006353917E1,5.294605717E-2,9.286098182E-3,-1.056896970E-1
5.007354717E1,5.527073145E-2,5.299879238E-3,-9.853085130E-2
5.008355517E1,5.529562756E-2,3.236457938E-3,-8.487179875E-2
5.009356217E1,6.137402728E-2,8.156443946E-4,-6.718254834E-2
5.010357017E1,6.516252458E-2,-5.413512699E-3,-4.557264224E-2
5.011357717E1,6.942784041E-2,-2.138182707E-2,-3.236549348E-2
5.012358517E1,6.990706921E-2,-3.532164544E-2,-2.975117043E-2
5.013359317E1,6.108588353E-2,-3.843488172E-2,-3.504819795E-2
5.014360017E1,4.904427379E-2,-3.682549670E-2,-3.807344660E-2
5.015360817E1,2.799145132E-2,-3.372477740E-2,-4.131983966E-2
5.016361617E1,9.502343833E-3,-3.288860619E-2,-4.445990548E-2
5.017362317E1,3.022074467E-3,-2.604268305E-2,-4.067156091E-2
5.018363117E1,4.208625294E-3,-2.643677220E-2,-3.396205977E-2
5.019363817E1,1.811937988E-2,-3.272715956E-2,-3.121341206E-2
5.020364617E1,3.284026310E-2,-3.888413683E-2,-2.367833257E-2
5.021365417E1,4.847488180E-2,-4.553698003E-2,-1.866360009E-2
5.022366117E1,6.326667964E-2,-3.901741281E-2,-1.193653606E-2
5.023366917E1,7.622828335E-2,-2.744384855E-2,-9.775380604E-3
5.024367717E1,8.328647166E-2,-1.473183557E-2,-1.456336398E-2
5.025368417E1,8.446465433E-2,-4.016606137E-3,-2.363675274E-2
5.026369217E1,7.559425384E-2,2.438370138E-4,-3.189654276E-2
5.027369917E1,6.363692880E-2,2.329358365E-3,-4.166714847E-2
5.028370717E1,5.117003620E-2,-4.859180190E-4,-6.071580946E-2
5.029371517E1,3.878207505E-2,-4.370138515E-3,-9.017117321E-2
5.030372217E1,2.759852447E-2,2.446748316E-3,-1.155881435E-1
5.031373017E1,1.218041871E-2,2.458773740E-2,-1.314581931E-1
5.032373817E1,-4.466747399E-3,5.027368665E-2,-1.317401230E-1
5.033374517E1,-1.866086386E-2,6.790913641E-2,-1.267701387E-1
5.034375317E1,-3.016901761E-2,6.443925947E-2,-1.219171956E-1
5.035376017E1,-3.733904660E-2,4.580272362E-2,-1.184913069E-1
5.036376817E1,-2.881180681E-2,1.800797507E-2,-1.135116071E-1
5.037377617E1,-1.750455797E-2,-9.439894930E-3,-1.047599316E-1
5.038378317E1,-4.501914140E-3,-1.845794544E-2,-9.352209419E-2
5.039379117E1,2.475568093E-3,-1.233027689E-2,-8.222123235E-2
5.040379917E1,9.367290186E-4,-1.903888769E-4,-6.838569790E-2
5.041380617E1,-7.576331496E-3,5.503981840E-3,-6.117571890E-2
5.042381417E1,-1.182617806E-2,1.133678388E-2,-5.731483549E-2
5.043382117E1,-9.410425089E-3,1.975210756E-2,-4.606591165E-2
5.044382917E1,-4.772581160E-3,1.886831224E-2,-2.938220464E-2
5.045383717E1,6.316022016E-3,1.655029692E-2,-8.994908072E-3
5.046384417E1,2.123157494E-2,8.407175541E-3,8.772986010E-3
5.047385217E1,3.780069947E-2,4.240837879E-4,2.214285545E-2
5.048386017E1,5.266727507E-2,-1.275859028E-2,3.424497694E-2
5.049386717E1,5.958323926E-2,-2.699345164E-2,4.651815444E-2
5.050387517E1,6.706638634E-2,-3.614953160E-2,6.000321731E-2
5.051388217E1,7.325290889E-2,-3.388690948E-2,7.013734430E-2
5.052389017E1,7.613679022E-2,-2.749625966E-2,7.356285304E-2
5.053389817E1,7.310105115E-2,-1.224220544E-2,7.237587869E-2
5.054390517E1,6.897519529E-2,7.177725434E-3,6.862685084E-2
5.055391317E1,5.976385251E-2,2.519321069E-2,6.225523353E-2
5.056392117E1,4.485400394E-2,3.292439505E-2,6.304391474E-2
5.057392817E1,2.414686233E-2,2.730272897E-2,6.252752990E-2
5.058393617E1,3.238169011E-3,7.362736389E-3,6.755045056E-2
5.059394317E1,-1.001531817E-2,-1.795327291E-2,7.126688957E-2
5.060395117E1,-1.845327765E-2,-4.282293469E-2,6.834886223E-2
5.061395917E1,-1.975849457E-2,-6.082723662E-2,6.422602385E-2
5.062396617E1,-1.402361318E-2,-5.847330764E-2,6.365369260E-2
5.063397417E1,-4.290824756E-3,-4.047539830E-2,6.991824508E-2
5.064398217E1,1.009155996E-2,-1.845131069E-2,7.274859399E-2
5.065398917E1,2.457249910E-2,-2.079793252E-3,7.471960038E-2
5.066399717E1,4.061184451E-2,7.021984551E-3,6.434574723E-2
5.067400417E1,5.757138506E-2,8.880604059E-3,5.658130348E-2
5.068401217E1,7.452428341E-2,7.787884213E-3,5.109803751E-2
5.069402017E1,7.751528174E-2,7.230504416E-4,3.916947171E-2
5.070402717E1,7.314280421E-2,-4.347400274E-3,2.784078568E-2
5.071403517E1,5.688260496E-2,-1.362345554E-2,1.559077762E-2
5.072404317E1,3.550767899E-2,-2.006007172E-2,1.206663204E-3
5.073405017E1,1.477150805E-2,-2.062199824E-2,-1.044440083E-2
5.074405817E1,5.210153293E-3,6.948658265E-4,-9.459747002E-3
5.075406517E1,8.660811000E-3,2.237459458E-2,-6.213086657E-3
5.076407317E1,1.887587085E-2,3.716321290E-2,-6.616772618E-3
5.077408117E1,3.004010767E-2,4.136168584E-2,-6.920373067E-3
5.078408817E1,3.416410089E-2,4.111409187E-2,-3.765908070E-3
5.079409617E1,2.903858200E-2,4.052580148E-2,5.185509101E-3
5.080410417E1,1.542317029E-2,3.224044293E-2,1.124233659E-2
5.081411117E1,-7.052577101E-3,1.178763248E-2,1.501363795E-2
5.082411917E1,-3.685148433E-2,-1.715240628E-2,1.100105420E-2
5.083412617E1,-6.524025649E-2,-4.176107794E-2,1.311107632E-2
5.084413417E1,-8.368002623E-2,-5.275160819E-2,1.578240842E-2
5.085414217E1,-8.214710653E-2,-4.740851000E-2,1.901602000E-2
5.086414917E1,-6.360644847E-2,-3.167425096E-2,2.833936363E-2
5.087415717E1,-3.174811974E-2,-1.395224594E-2,3.986472636E-2
5.088416517E1,-6.342742592E-3,3.185007349E-2,4.037212580E-2
5.089417217E1,1.946888119E-2,7.024460286E-2,4.648407921E-2
5.090418104E1,4.167637229E-2,5.548126251E-2,5.231024325E-2
5.091418804E1,7.270485908E-2,4.564115033E-2,5.978307500E-2
5.092419604E1,9.946727008E-2,3.045093082E-2,6.357410550E-2
5.093420404E1,1.099641174E-1,7.715259213E-3,6.903944165E-2
5.094421104E1,1.011097655E-1,-9.079147130E-3,6.809566915E-2
5.095421904E1,7.451197505E-2,-1.586354896E-2,6.906026602E-2
5.096422704E1,4.270517826E-2,-1.506964117E-2,7.114250213E-2
5.097423404E1,1.589487121E-2,-1.438440941E-2,6.930545717E-2
5.098424204E1,-2.506141085E-3,-1.424935088E-2,6.822206825E-2
5.099424904E1,-1.242668275E-2,-2.180740237E-2,6.940451264E-2
5.100425704E1,-2.115268260E-2,-3.422939777E-2,6.792026013E-2
5.101426504E1,-1.258103363E-2,-4.419600964E-2,7.066678256E-2
5.102427204E1,-6.200311240E-3,-4.379503056E-2,7.182028145E-2
5.103428004E1,-8.071437478E-4,-4.731599241E-2,6.637012213E-2
5.104428704E1,8.633273537E-4,-4.907582700E-2,6.275422871E-2
5.105429504E1,-2.126869978E-3,-5.362104252E-2,5.296498165E-2
5.106430304E1,-1.073202584E-2,-5.550213903E-2,4.522630200E-2
5.107431004E1,-2.040223032E-2,-5.502703041E-2,3.432518244E-2
5.108431804E1,-3.033033945E-2,-5.131701380E-2,1.973154396E-2
5.109432604E1,-3.275008872E-2,-3.932826221E-2,7.938534021E-3
5.110433304E1,-3.315572441E-2,-2.794316970E-2,2.366650850E-3
5.111434104E1,-2.470311709E-2,-1.330696978E-2,-4.419187317E-4
5.112434804E1,-1.430769823E-2,5.711893551E-3,6.944493391E-3
5.113435604E1,-5.199155770E-3,1.972970739E-2,1.514942665E-2
5.114436404E1,1.994080609E-3,3.434827924E-2,2.140935324E-2
5.115437104E1,6.385314628E-4,3.604311496E-2,2.253720164E-2
5.116437904E1,-1.129880920E-2,2.913058735E-2,2.074134909E-2
5.117438704E1,-3.350318223E-2,1.055876724E-2,2.512011863E-2
5.118439404E1,-5.919502676E-2,-5.540978629E-3,3.277499229E-2
5.119440204E1,-7.831811905E-2,-1.426922344E-2,4.876354709E-2
5.120440904E1,-9.055937827E-2,-1.692247018E-2,6.349918246E-2
5.121441704E1,-8.226842433E-2,-1.545293722E-2,8.014287055E-2
5.122442504E1,-5.450679362E-2,-1.422554627E-2,9.448895603E-2
5.123443204E1,-1.869553514E-2,-1.732972823E-2,1.067192554E-1
5.124444004E1,1.080533862E-2,-3.035681322E-2,1.076348722E-1
5.125444804E1,2.542023547E-2,-5.219846219E-2,1.025634110E-1
5.126445504E1,2.677053399E-2,-6.804363430E-2,9.101490676E-2
5.127446304E1,2.726881206E-2,-6.163074076E-2,8.528032899E-2
5.128447004E1,2.673062496E-2,-4.027679935E-2,8.192343265E-2
5.129447804E1,4.153966531E-2,-1.539408974E-2,7.747834921E-2
5.130448604E1,6.488326192E-2,8.281068876E-3,7.649255544E-2
5.131449304E1,8.595765382E-2,1.416612230E-2,7.411541790E-2
5.132450104E1,9.938649088E-2,5.096496083E-3,6.854055822E-2
5.133450904E1,1.024504602E-1,-3.035998903E-3,6.260011345E-2
5.134451604E1,9.716772288E-2,1.000524499E-4,4.959739745E-2
5.135452404E1,8.697420359E-2,1.478285901E-2,4.210432619E-2
5.136453104E1,6.590534002E-2,3.401658311E-2,3.957352787E-2
5.137453904E1,4.100345448E-2,4.063906521E-2,1.940807141E-2
5.138454704E1,2.145261876E-2,4.058881477E-2,-9.053148329E-3
5.139455404E1,-1.291063963E-4,2.938915603E-2,-2.906600386E-2
5.140456204E1,-9.067550302E-3,2.633254044E-2,-4.106917232E-2
5.141457004E1,-9.245982394E-3,2.138438635E-2,-4.319464043E-2
5.142457704E1,1.082963310E-3,1.963015459E-2,-3.977031261E-2
5.143458504E1,1.669254899E-2,2.757649496E-2,-4.010054469E-2
5.144459204E1,3.091405518E-2,3.523766994E-2,-3.450301290E-2
5.145460004E1,3.286668286E-2,4.197839648E-2,-2.722779103E-2
5.146460804E1,2.397207171E-2,4.384564236E-2,-2.295178734E-2
5.147461504E1,4.127793014E-3,3.070480749E-2,-1.940152608E-2
5.148462304E1,-1.587834395E-2,5.308533087E-3,-1.881350018E-2
5.149463104E1,-3.182615340E-2,-2.115316689E-2,-1.994454488E-2
5.150463804E1,-3.990478814E-2,-3.492077813E-2,-2.120010927E-2
5.151464604E1,-3.447300568E-2,-4.317950830E-2,-2.101395279E-2
5.152465304E1,-3.065994941E-2,-3.381733224E-2,-1.613424346E-2
5.153466104E1,-2.366861887E-2,-2.099314705E-2,-1.139088813E-2
5.154466904E1,-2.160284668E-2,-8.092947304E-3,-7.321711630E-3
5.155467604E1,-1.998657361E-2,4.050001502E-3,-8.596300147E-3
5.156468404E1,-1.688211225E-2,1.542510279E-2,-1.240272261E-2
5.157469104E1,-9.321930818E-3,2.290938422E-2,-1.657802612E-2
5.158469904E1,-2.172257984E-3,2.338900045E-2,-2.238456719E-2
5.159470704E1,5.231272662E-4,1.154219452E-2,-2.535958402E-2
5.160471404E1,1.768690301E-3,-3.262035083E-3,-2.248748206E-2
5.161472204E1,-1.757335151E-3,-1.612696797E-2,-2.028584667E-2
5.162473004E1,-2.809603466E-3,-2.331927605E-2,-1.798921824E-2
5.163473704E1,-5.238406360E-3,-1.951415092E-2,-1.391484868E-2
5.164474504E1,-6.059089676E-3,-8.530667983E-3,-6.477956194E-3
5.165475204E1,-1.220392296E-3,1.136634126E-2,-4.722615122E-4
5.166476004E1,7.098078728E-3,3.238489106E-2,6.259362213E-3
5.167476804E1,2.002080157E-2,5.864632502E-2,7.158711553E-3
5.168477504E1,3.617183864E-2,8.658012748E-2,1.446451060E-2
5.169478304E1,4.788229242E-2,1.172557473E-1,2.675073780E-2
5.170479104E1,4.479876533E-2,1.432396621E-1,4.644662887E-2
5.171479804E1,3.159827366E-2,1.418018192E-1,5.643108487E-2
5.172480604E1,2.442102879E-2,1.186965778E-1,4.799397290E-2
5.173481304E1,1.220164821E-2,8.434499800E-2,2.590491809E-2
5.174482104E1,-3.442281159E-3,5.067886412E-2,-1.428935211E-4
5.175482904E1,-1.980793849E-2,2.455192246E-2,-1.972458512E-2
5.176483604E1,-2.703263611E-2,3.321828693E-2,-2.344224229E-2
5.177484404E1,-2.655353211E-2,4.287997261E-2,-1.537180040E-2
5.178485204E1,-1.671622321E-2,3.925595060E-2,-7.903795689E-3
5.179485904E1,-5.529616028E-3,3.776165098E-2,-4.557328066E-4
5.180486704E1,2.885923255E-3,3.406155854E-2,1.972070895E-3
5.181487404E1,3.168218536E-3,3.099918924E-2,-3.780623432E-3
5.182488204E1,-6.043035537E-3,3.257240355E-2,-8.861184120E-3
5.183489004E1,-2.585482411E-2,3.650083393E-2,-1.089876890E-2
5.184489704E1,-5.029494315E-2,3.490298986E-2,-1.145706791E-2
5.185490504E1,-7.502479106E-2,2.218053490E-2,-1.057529543E-2
5.186491304E1,-8.318836987E-2,8.568429388E-3,-1.199792232E-2
5.187492004E1,-8.463313431E-2,-1.333500631E-2,-1.415321883E-2
5.188492804E1,-7.427805662E-2,-2.372088283E-2,-1.047853939E-2
5.189493504E1,-6.359105557E-2,-2.190194465E-2,-2.749779727E-3
5.190494267E1,-5.042558908E-2,-2.858475782E-3,6.382167339E-3
5.191495067E1,-4.362574220E-2,2.424051985E-2,1.222141366E-2
5.192495767E1,-4.027920216E-2,5.057915673E-2,1.900280267E-2
5.193496567E1,-3.888210654E-2,6.870995462E-2,2.692837268E-2
5.194497267E1,-3.750234842E-2,7.700256258E-2,2.758580633E-2
5.195498067E1,-3.894498572E-2,6.639252603E-2,2.488695830E-2
5.196498867E1,-4.136082530E-2,4.550207779E-2,1.162633020E-2
5.197499567E1,-5.018547550E-2,2.467109822E-2,-5.867975298E-3
5.198500367E1,-5.175888538E-2,2.310412005E-2,-1.767608151E-2
5.199501167E1,-4.895218089E-2,3.890305758E-2,-2.364156209E-2
5.200501867E1,-3.648399562E-2,6.386446953E-2,-2.136896923E-2
5.201502667E1,-1.880406775E-2,7.904236019E-2,-1.083989628E-2
5.202503367E1,-3.968128935E-3,7.261455059E-2,-1.027717069E-2
5.203504167E1,9.089082479E-3,5.414579436E-2,-6.913331803E-3
5.204504967E1,1.888133958E-2,2.888769656E-2,-1.263521891E-2
5.205505667E1,2.942639217E-2,5.576514639E-3,-2.118290029E-2
5.206506467E1,3.325245157E-2,1.147343777E-3,-3.051196784E-2
5.207507267E1,3.701895848E-2,2.016524412E-2,-3.825910389E-2
5.208507967E1,3.598539904E-2,4.598589614E-2,-4.362625629E-2
5.209508767E1,2.796502225E-2,6.468687952E-2,-5.047484115E-2
5.210509467E1,1.635109261E-2,6.698148698E-2,-6.150640175E-2
5.211510267E1,3.997221123E-3,5.714882538E-2,-7.382192463E-2
5.212511067E1,-7.153308019E-3,4.386287555E-2,-8.283048123E-2
5.213511767E1,-1.878173463E-2,2.933932655E-2,-9.064339846E-2
5.214512567E1,-2.336756885E-2,2.557310089E-2,-8.731833100E-2
5.215513267E1,-2.249378338E-2,2.702825144E-2,-8.073420078E-2
5.216514067E1,-1.968931966E-2,3.695833683E-2,-7.239296287E-2
5.217514867E1,-2.158309333E-2,3.903640062E-2,-6.598965824E-2
5.218515567E1,-3.001730703E-2,3.813327476E-2,-6.028974056E-2
5.219516367E1,-4.345987737E-2,3.660994396E-2,-4.884693399E-2
5.220517167E1,-5.102003366E-2,4.146057367E-2,-3.505272418E-2
5.221517867E1,-5.676793307E-2,4.049517959E-2,-1.987510361E-2
5.222518667E1,-5.805310979E-2,3.451199830E-2,-1.587977284E-3
5.223519367E1,-5.463680997E-2,2.897395752E-2,2.019694634E-2
5.224520167E1,-5.611561239E-2,1.204680372E-2,3.184261918E-2
5.225520967E1,-5.760804564E-2,-4.033096600E-3,4.414296150E-2
5.226521667E1,-5.665021762E-2,-1.095149573E-2,5.714339763E-2
5.227522467E1,-5.151591077E-2,-1.177734230E-2,7.180728763E-2
5.228523267E1,-4.066389054E-2,-6.950451992E-3,8.412910998E-2
5.229523967E1,-2.876914665E-2,-9.788456373E-4,9.609629214E-2
5.230524767E1,-1.512641553E-2,2.811062383E-3,1.031674594E-1
5.231525467E1,-3.167224815E-3,-2.588763367E-3,1.081489027E-1
5.232526267E1,6.062109023E-3,-1.335143670E-2,1.104097366E-1
5.233527067E1,2.025489323E-2,-2.934957668E-2,1.148095429E-1
5.234527767E1,3.949039802E-2,-4.434056580E-2,1.190917417E-1
5.235528567E1,6.070220843E-2,-5.383446813E-2,1.224931255E-1
5.236529367E1,7.707460225E-2,-5.618431792E-2,1.221766621E-1
5.237530067E1,8.425901830E-2,-4.331619292E-2,1.191470474E-1
5.238530867E1,7.778494805E-2,-2.340442315E-2,1.110665128E-1
5.239531567E1,6.394529343E-2,-5.276551470E-3,9.862315655E-2
5.240532367E1,4.998157918E-2,8.862892166E-3,8.472680300E-2
5.241533167E1,4.078009352E-2,7.702552713E-3,7.338067144E-2
5.242533867E1,2.859099582E-2,-1.286009140E-2,6.536665559E-2
5.243534667E1,2.189580910E-2,-2.970272116E-2,5.279041082E-2
5.244535367E1,2.287246473E-2,-3.264274076E-2,4.964445159E-2
5.245536167E1,2.444319800E-2,-2.953189984E-2,4.867000133E-2
5.246536967E1,3.428258747E-2,-1.151843555E-2,5.061440915E-2
5.247537667E1,4.807243496E-2,7.075222209E-3,5.281924084E-2
5.248538467E1,5.972236767E-2,6.986935623E-3,4.835140333E-2
5.249539267E1,7.295721769E-2,-2.400847152E-4,4.268632457E-2
5.250539967E1,8.716360480E-2,-6.193714216E-4,3.694651648E-2
5.251540767E1,9.411951900E-2,3.132223850E-3,2.415828407E-2
5.252541467E1,8.243350685E-2,1.379751507E-2,8.541123942E-3
5.253542267E1,5.270623416E-2,3.346069902E-2,-2.497944981E-3
5.254543067E1,1.055587362E-2,4.404566437E-2,-1.026126463E-2
5.255543767E1,-2.190726064E-2,4.269703850E-2,-1.944144629E-2
5.256544567E1,-3.797316551E-2,4.267091304E-2,-2.522948943E-2
5.257545367E1,-3.918650001E-2,4.177555814E-2,-3.120056354E-2
5.258546067E1,-3.072488308E-2,3.820139915E-2,-3.194401786E-2
5.259546867E1,-2.595382929E-2,4.443292320E-2,-2.925608866E-2
5.260547567E1,-2.968164347E-2,5.133356526E-2,-2.433758043E-2
5.261548367E1,-4.186134413E-2,5.658105761E-2,-1.781043969E-2
5.262549167E1,-5.537801608E-2,5.426183715E-2,-1.851496287E-2
5.263549867E1,-6.430625916E-2,4.966708645E-2,-1.673730277E-2
5.264550667E1,-6.758457422E-2,4.281682894E-2,-5.814863369E-3
5.265551367E1,-5.915354192E-2,3.290986642E-2,4.132575821E-3
5.266552167E1,-4.031798244E-2,1.737227663E-2,1.612687297E-2
5.267552967E1,-1.609706320E-2,5.054356996E-3,2.836063504E-2
5.268553667E1,4.750545602E-3,-7.611067966E-3,4.152270406E-2
5.269554467E1,1.826369204E-2,-1.371183619E-2,5.591709167E-2
5.270555267E1,2.379147150E-2,-9.991919622E-3,6.898066401E-2
5.271555967E1,2.673133463E-2,-9.029453620E-3,7.374719530E-2
5.272556767E1,1.893887669E-2,-1.149890013E-2,7.126945257E-2
5.273557467E1,1.269749179E-2,-1.645983756E-2,6.411992759E-2
5.274558267E1,1.284026168E-2,-1.515999809E-2,5.709887296E-2
5.275559067E1,1.853702962E-2,6.147036329E-4,5.522906780E-2
5.276559767E1,3.264484927E-2,2.696164697E-2,5.615992472E-2
5.277560567E1,4.434251785E-2,5.593417585E-2,5.234548077E-2
5.278561367E1,5.241728202E-2,7.245843112E-2,4.081543908E-2
5.279562067E1,5.582879111E-2,7.405233383E-2,2.607271448E-2
5.280562867E1,5.617340282E-2,5.666402355E-2,5.524561275E-3
5.281563567E1,5.008677393E-2,2.326553315E-2,-1.760249399E-2
5.282564367E1,4.135933146E-2,-7.138354704E-4,-4.437312484E-2
5.283565167E1,3.202654794E-2,-1.185836457E-2,-7.181939483E-2
5.284565867E1,1.062579453E-2,1.204003207E-2,-9.889252484E-2
5.285566667E1,-1.571260206E-2,5.346630141E-2,-1.100141555E-1
5.286567367E1,-3.805605695E-2,9.500055015E-2,-1.140251383E-1
5.287568167E1,-5.806785077E-2,1.269153357E-1,-1.091286466E-1
5.288568967E1,-7.270804793E-2,1.333996356E-1,-1.039677486E-1
5.289569667E1,-8.491437882E-2,1.063179448E-1,-1.001743451E-1
5.290570421E1,-9.113484621E-2,6.208733469E-2,-1.039674133E-1
5.291571221E1,-8.888500929E-2,2.037930302E-2,-1.032696590E-1
5.292571921E1,-7.882557809E-2,-5.592890084E-4,-9.210048616E-2
5.293572721E1,-6.226497889E-2,-1.129205804E-3,-7.756734639E-2
5.294573421E1,-4.865698516E-2,8.588589728E-3,-6.371942163E-2
5.295574221E1,-3.779235482E-2,2.883606963E-2,-5.707723275E-2
5.296575021E1,-3.889111802E-2,3.958156705E-2,-6.343731284E-2
5.297575721E1,-4.311622307E-2,3.819512576E-2,-7.245317847E-2
5.298576521E1,-4.492159933E-2,3.760338575E-2,-7.501254231E-2
5.299577321E1,-3.614035621E-2,3.044001199E-2,-6.521023810E-2
5.300578021E1,-1.339923218E-2,2.362687327E-2,-4.372667149E-2
5.301578821E1,2.174091153E-2,1.412711106E-2,-1.735791750E-2
5.302579521E1,6.708618999E-2,3.735662205E-3,-1.180945896E-3
5.303580321E1,1.052183956E-1,-1.500420272E-2,7.352354471E-3
5.304581121E1,1.362408698E-1,-2.301868610E-2,7.081296761E-3
5.305581821E1,1.508331299E-1,-2.238005958E-2,3.969392739E-3
5.306582621E1,1.445811838E-1,-1.217950508E-2,2.380464692E-3
5.307583321E1,1.257302612E-1,-7.785821334E-3,-4.670786671E-3
5.308584121E1,1.034533083E-1,-7.614566479E-3,-7.601893507E-3
5.309584921E1,8.920779079E-2,-9.598353878E-3,-1.229651272E-2
5.310585621E1,8.352071047E-2,-1.103054173E-2,-2.361813001E-2
5.311586421E1,8.298888057E-2,-2.608029172E-3,-3.311549500E-2
5.312587221E1,7.515296340E-2,7.730541751E-3,-4.682235047E-2
5.313587921E1,5.617794767E-2,1.819969341E-2,-4.766790196E-2
5.314588721E1,3.378924727E-2,3.342320025E-2,-3.532043844E-2
5.315589421E1,1.252709888E-2,3.394011781E-2,-1.482581813E-2
5.316590221E1,5.463244393E-3,1.908358559E-2,8.563442156E-3
5.317591021E1,7.500295993E-3,-7.998365909E-3,3.986170888E-2
5.318591721E1,1.827792823E-2,-3.940520063E-2,6.341492385E-2
5.319592521E1,2.959982492E-2,-6.694867462E-2,8.590185642E-2
5.320593321E1,3.899611533E-2,-8.978847414E-2,9.945758432E-2
5.321594021E1,4.623937979E-2,-9.955135733E-2,1.099126190E-1
5.322594821E1,4.846617579E-2,-9.436324984E-2,1.221197173E-1
5.323595521E1,4.711835086E-2,-8.742305636E-2,1.252137721E-1
5.324596321E1,4.505044594E-2,-7.377067953E-2,1.221632957E-1
5.325597121E1,4.214413837E-2,-5.020809919E-2,1.161312312E-1
5.326597821E1,3.840427101E-2,-1.792580448E-2,1.073911488E-1
5.327598621E1,3.134156764E-2,7.604323328E-3,9.178182483E-2
5.328599321E1,2.155521326E-2,2.508774959E-2,7.579847425E-2
5.329600121E1,1.679001935E-2,4.389286041E-2,6.123790890E-2
5.330600921E1,1.000470296E-2,5.773941427E-2,4.311931133E-2
5.331601621E1,-1.600499381E-4,7.084429264E-2,2.723594941E-2
5.332602421E1,-1.759520173E-2,8.203458786E-2,1.595398039E-2
5.333603221E1,-3.741631284E-2,8.683732897E-2,1.581443101E-2
5.334603921E1,-5.358186737E-2,8.186420798E-2,1.949212700E-2
5.335604721E1,-5.660961568E-2,7.036840916E-2,2.460645884E-2
5.336605421E1,-4.974034429E-2,4.665473476E-2,2.624355443E-2
5.337606221E1,-4.004909843E-2,2.117574029E-2,2.211379074E-2
5.338607021E1,-3.278876841E-2,4.758351482E-3,2.478010021E-2
5.339607721E1,-2.944410592E-2,-9.606739506E-3,2.764592692E-2
5.340608521E1,-3.071056493E-2,-1.402199455E-2,2.397798933E-2
5.341609221E1,-2.165848017E-2,-3.726747353E-3,1.864660718E-2
5.342610021E1,-4.807102960E-3,1.913232543E-2,5.086000077E-3
5.343610821E1,1.108903904E-2,4.905613512E-2,-1.447571721E-2
5.344611521E1,7.253482472E-3,7.385402918E-2,-3.829422593E-2
5.345612321E1,-1.791365445E-2,9.397740662E-2,-6.220541894E-2
5.346613121E1,-4.894626886E-2,1.081179753E-1,-7.320278883E-2
5.347613821E1,-7.577149570E-2,1.110192239E-1,-7.656556368E-2
5.348614621E1,-8.050051332E-2,1.151341796E-1,-7.386744767E-2
5.349615321E1,-6.778018922E-2,1.113250554E-1,-7.520089298E-2
5.350616121E1,-4.708623514E-2,1.054088622E-1,-8.166587353E-2
5.351616921E1,-1.713260077E-2,1.147475019E-1,-8.511519432E-2
5.352617621E1,2.218318637E-3,1.309826672E-1,-8.745215088E-2
5.353618421E1,7.558756042E-3,1.481853575E-1,-1.081230715E-1
5.354619221E1,-2.954251133E-3,1.624301523E-1,-1.269308925E-1
5.355619921E1,-2.697276883E-2,1.745779067E-1,-1.519856453E-1
5.356620721E1,-5.570266396E-2,1.811732054E-1,-1.746986210E-1
5.357621421E1,-7.364837825E-2,1.894204766E-1,-1.872319877E-1
5.358622221E1,-7.282204181E-2,1.988156885E-1,-1.890495420E-1
5.359623021E1,-5.589978769E-2,2.201750427E-1,-1.854867637E-1
5.360623721E1,-2.934221178E-2,2.363018095E-1,-1.755379885E-1
5.361624521E1,-1.000819635E-2,2.281525433E-1,-1.634208709E-1
5.362625221E1,-1.080697309E-2,1.985399574E-1,-1.580176800E-1
5.363626021E1,-1.710188575E-2,1.512265056E-1,-1.475815475E-1
5.364626821E1,-2.175128274E-2,9.923877567E-2,-1.453771889E-1
5.365627521E1,-1.860316098E-2,4.455874860E-2,-1.467620432E-1
5.366628321E1,-4.278163426E-3,-4.992396571E-4,-1.418938339E-1
5.367629121E1,6.053836085E-3,-5.078291893E-2,-1.348207444E-1
5.368629821E1,6.680104416E-3,-1.084691733E-1,-1.261609644E-1
5.369630621E1,1.707522199E-2,-1.481169909E-1,-1.254291236E-1
5.370631321E1,3.228340298E-2,-1.730033159E-1,-1.322718412E-1
5.371632121E1,4.809272662E-2,-1.640007645E-1,-1.406307071E-1
5.372632921E1,7.567220926E-2,-1.405397356E-1,-1.366449594E-1
5.373633621E1,1.173655912E-1,-9.582312405E-2,-1.271531880E-1
5.374634421E1,1.564745307E-1,-3.533266112E-2,-1.203563139E-1
5.375635221E1,1.771132350E-1,2.520631813E-2,-1.086985916E-1
5.376635921E1,1.697884351E-1,7.415742427E-2,-9.948581457E-2
5.377636721E1,1.399612874E-1,9.573808312E-2,-1.017734706E-1
5.378637421E1,9.324322641E-2,9.294303507E-2,-1.164723784E-1
5.379638221E1,4.423733428E-2,7.451822609E-2,-1.382218897E-1
5.380639021E1,-1.011827961E-2,5.602648854E-2,-1.625261456E-1
5.381639721E1,-7.062476873E-2,6.285935640E-2,-1.814665347E-1
5.382640521E1,-1.381792277E-1,8.507875353E-2,-1.983874440E-1
5.383641221E1,-2.076701671E-1,1.095630601E-1,-1.958065778E-1
5.384642021E1,-2.684978545E-1,1.167211533E-1,-1.860211492E-1
5.385642821E1,-2.975649238E-1,9.849821031E-2,-1.568611264E-1
5.386643521E1,-2.838428617E-1,4.991496354E-2,-1.230645850E-1
5.387644321E1,-2.285748124E-1,-2.243673056E-2,-9.472882003E-2
5.388645121E1,-1.588691026E-1,-1.104829684E-1,-8.185639977E-2
5.389645821E1,-9.074835479E-2,-1.887245178E-1,-7.370445877E-2
5.390646658E1,-4.853772745E-2,-2.489107698E-1,-6.234676391E-2
5.391647358E1,-2.104245499E-2,-2.811083496E-1,-5.252715573E-2
5.392648158E1,-3.575196490E-3,-2.873798013E-1,-4.395743832E-2
5.393648958E1,1.184317376E-2,-2.632451653E-1,-3.992834315E-2
5.394649658E1,3.212211654E-2,-2.216559798E-1,-3.798292577E-2
5.395650458E1,6.502919644E-2,-1.659964472E-1,-3.264834732E-2
5.396651158E1,9.337180108E-2,-1.238688082E-1,-2.066642977E-2
5.397651958E1,1.005932316E-1,-1.060839444E-1,-1.748634875E-2
5.398652758E1,9.062004834E-2,-1.008068025E-1,-2.943120897E-2
5.399653458E1,7.338247448E-2,-9.620565921E-2,-6.135585159E-2
5.400654258E1,4.052487761E-2,-8.187109232E-2,-1.131702513E-1
5.401655058E1,-1.428564359E-2,-5.765044317E-2,-1.746392101E-1
5.402655758E1,-9.524657577E-2,-2.065772749E-2,-2.202104181E-1
5.403656558E1,-1.908391416E-1,2.084391005E-2,-2.382216454E-1
5.404657258E1,-2.755348086E-1,6.417559832E-2,-2.250704169E-1
5.405658058E1,-3.271261156E-1,9.951414913E-2,-2.011680156E-1
5.406658858E1,-3.406139612E-1,1.107950285E-1,-1.814265400E-1
5.407659558E1,-3.281018734E-1,9.634125978E-2,-1.669725031E-1
5.408660358E1,-2.972804010E-1,5.929978192E-2,-1.522791237E-1
5.409661158E1,-2.647288740E-1,6.732978392E-3,-1.301599741E-1
5.410661858E1,-2.441242188E-1,-5.661969632E-2,-9.505562484E-2
5.411662658E1,-2.386154681E-1,-1.274741590E-1,-5.582060665E-2
5.412663358E1,-2.412296832E-1,-1.668302417E-1,-2.803771012E-2
5.413664158E1,-2.458023429E-1,-1.970001310E-1,-7.035488263E-3
5.414664958E1,-2.346392572E-1,-2.042610496E-1,1.708214730E-2
5.415665658E1,-2.065865844E-1,-1.715944558E-1,4.847442731E-2
5.416666458E1,-1.735653281E-1,-1.194847673E-1,9.450538456E-2
5.417667158E1,-1.279576421E-1,-9.886045754E-2,1.300431341E-1
5.418667958E1,-9.095820785E-2,-1.063321680E-1,1.637135744E-1
5.419668758E1,-7.394061238E-2,-1.410565972E-1,1.790757477E-1
5.420669458E1,-7.056975365E-2,-1.840175688E-1,1.824772656E-1
5.421670258E1,-7.890917361E-2,-2.078166455E-1,1.792870611E-1
5.422671058E1,-9.077460319E-2,-2.036064863E-1,1.750797182E-1
5.423671758E1,-1.031380668E-1,-1.579135656E-1,1.806947291E-1
5.424672558E1,-1.048668325E-1,-8.798594028E-2,2.018798888E-1
5.425673258E1,-8.874086291E-2,-2.993249148E-2,2.321259379E-1
5.426674058E1,-5.992763489E-2,1.899041235E-2,2.648650408E-1
5.427674858E1,-2.259810641E-2,3.838967904E-2,2.906638980E-1
5.428675558E1,2.641788125E-2,4.770067334E-2,3.134095967E-1
5.429676358E1,6.855627894E-2,2.833469585E-2,3.234781921E-1
5.430677058E1,8.242008090E-2,-1.615110040E-2,3.239035606E-1
5.431677858E1,6.059227511E-2,-7.953540236E-2,3.126311898E-1
5.432678658E1,2.064668201E-2,-1.403869689E-1,3.083425164E-1
5.433679358E1,-3.215394914E-2,-1.935961246E-1,3.033962250E-1
5.434680158E1,-9.766151756E-2,-2.431472838E-1,2.843692899E-1
5.435680958E1,-1.837034523E-1,-2.941422760E-1,2.472078055E-1
5.436681658E1,-2.777866423E-1,-3.504546583E-1,2.023149580E-1
5.437682458E1,-3.724396527E-1,-4.069719911E-1,1.632977873E-1
5.438683158E1,-4.768647552E-1,-4.651311040E-1,9.649837017E-2
5.439683958E1,-5.438075662E-1,-5.064274073E-1,2.650757134E-2
5.440684758E1,-5.645071268E-1,-5.025504231E-1,-2.826063335E-2
5.441685458E1,-5.215554237E-1,-4.180442691E-1,-5.851680413E-2
5.442686258E1,-4.258053601E-1,-2.753674090E-1,-6.586515158E-2
5.443686958E1,-2.993787229E-1,-1.075435281E-1,-6.240383536E-2
5.444687758E1,-1.709079742E-1,4.208777100E-2,-4.514898360E-2
5.445688558E1,-7.152279466E-2,1.462786198E-1,-3.389499709E-2
5.446689258E1,-8.400364779E-3,2.079709023E-1,-4.250796139E-2
5.447690058E1,1.201862376E-2,2.446170747E-1,-5.643576011E-2
5.448690858E1,3.814142197E-3,2.793683112E-1,-7.443986833E-2
5.449691558E1,-2.510458976E-2,2.969110906E-1,-8.772451431E-2
5.450692358E1,-5.919639021E-2,3.036811352E-1,-9.972474724E-2
5.451693058E1,-8.679419756E-2,3.025045395E-1,-1.020829752E-1
5.452693858E1,-1.008330137E-1,2.833898962E-1,-9.458722174E-2
5.453694658E1,-1.063191295E-1,2.462358624E-1,-9.131020308E-2
5.454695358E1,-9.961568564E-2,1.974933594E-1,-8.596897125E-2
5.455696158E1,-9.346032143E-2,1.456147134E-1,-8.404216915E-2
5.456696958E1,-9.770582616E-2,8.659273386E-2,-8.098100126E-2
5.457697658E1,-1.064127684E-1,3.018911555E-2,-7.273345441E-2
5.458698458E1,-1.263478994E-1,-2.365832590E-2,-6.655281037E-2
5.459699158E1,-1.661672294E-1,-7.722035050E-2,-6.349257380E-2
5.460699958E1,-1.939098090E-1,-1.391368955E-1,-5.801275373E-2
5.461700758E1,-1.934328228E-1,-2.044115067E-1,-4.749992490E-2
5.462701458E1,-1.646915227E-1,-2.612919807E-1,-4.333828390E-2
5.463702258E1,-1.215509772E-1,-3.158242106E-1,-4.440248385E-2
5.464702958E1,-7.331010699E-2,-3.580789268E-1,-5.032747239E-2
5.465703758E1,-2.615111507E-2,-3.617612720E-1,-5.139566213E-2
5.466704558E1,1.101651695E-2,-3.130955100E-1,-3.867737204E-2
5.467705258E1,4.385249689E-2,-2.301519066E-1,-3.047882952E-2
5.468706058E1,6.535755098E-2,-1.407499164E-1,-2.441737428E-2
5.469706858E1,8.054981381E-2,-7.236605138E-2,-2.226633951E-2
5.470707558E1,8.001547307E-2,-5.141234398E-2,-3.276963532E-2
5.471708358E1,6.490629911E-2,-8.642145991E-2,-5.349595100E-2
5.472709058E1,4.944036156E-2,-1.289867461E-1,-6.921508908E-2
5.473709858E1,4.439233989E-2,-1.564639062E-1,-6.840309501E-2
5.474710658E1,4.962506890E-2,-1.723630130E-1,-6.339293718E-2
5.475711358E1,7.602951676E-2,-1.657756865E-1,-5.923600495E-2
5.476712158E1,1.210071966E-1,-1.267818511E-1,-4.682984203E-2
5.477712858E1,1.770851165E-1,-7.824040204E-2,-2.775574848E-2
5.478713658E1,2.364087254E-1,-4.349754378E-2,4.918709397E-3
5.479714458E1,2.736130953E-1,-6.858532131E-2,3.611204773E-2
5.480715158E1,2.837856412E-1,-1.542449743E-1,4.603942484E-2
5.481715958E1,2.783533335E-1,-2.643970549E-1,3.989870846E-2
5.482716758E1,2.432589084E-1,-4.086347520E-1,1.019256748E-2
5.483717458E1,1.959896535E-1,-5.016667247E-1,-2.751060203E-2
5.484718258E1,1.310176551E-1,-5.290158987E-1,-6.653892994E-2
5.485718958E1,4.214265198E-2,-5.162314177E-1,-1.095910594E-1
5.486719758E1,-7.041254640E-2,-4.914285243E-1,-1.544181705E-1
5.487720558E1,-1.771541834E-1,-4.536539912E-1,-1.876640022E-1
5.488721258E1,-2.468680441E-1,-4.019774497E-1,-2.181774229E-1
5.489722058E1,-2.558868527E-1,-3.245774508E-1,-2.476847172E-1
5.490722842E1,-2.150671333E-1,-2.269219458E-1,-2.537724376E-1
5.491723542E1,-1.439106613E-1,-1.335672289E-1,-2.369201928E-1
5.492724342E1,-6.284519285E-2,-6.703381985E-2,-2.084746659E-1
5.493725042E1,7.880911231E-3,-3.168462217E-2,-1.686074138E-1
5.494725842E1,6.091355160E-2,-1.496353466E-2,-1.277764142E-1
5.495726642E1,9.936107695E-2,5.120951682E-4,-8.624549210E-2
5.496727342E1,1.421225816E-1,2.770232409E-2,-3.894592077E-2
5.497728142E1,1.986758709E-1,5.602184683E-2,9.277003817E-3
5.498728842E1,2.553693950E-1,6.072870269E-2,4.740057513E-2
5.499729642E1,3.220682740E-1,3.145417199E-2,7.202495635E-2
5.500730442E1,3.768859506E-1,-3.170000762E-2,9.000510722E-2
5.501731142E1,4.082611799E-1,-1.045888588E-1,9.033374488E-2
5.502731942E1,4.188102484E-1,-1.938722283E-1,6.960577518E-2
5.503732742E1,3.986011147E-1,-2.857427597E-1,2.114343643E-2
5.504733442E1,3.391735256E-1,-3.559464216E-1,-5.540726334E-2
5.505734242E1,2.529640794E-1,-3.818163872E-1,-1.404902041E-1
5.506734942E1,1.384990215E-1,-3.718622923E-1,-2.226005197E-1
5.507735742E1,1.610760391E-2,-3.171809316E-1,-3.046799600E-1
5.508736542E1,-1.016920507E-1,-2.171703577E-1,-3.748312593E-1
5.509737242E1,-1.914264560E-1,-9.423004091E-2,-4.318551421E-1
5.510738042E1,-2.403333336E-1,2.860381454E-2,-4.704238772E-1
5.511738742E1,-2.596998215E-1,1.168188974E-1,-4.912364781E-1
5.512739542E1,-2.566564977E-1,1.462979615E-1,-5.052051544E-1
5.513740342E1,-2.483514398E-1,1.356671602E-1,-5.076488853E-1
5.514741042E1,-2.373798788E-1,9.371543676E-2,-4.967891574E-1
5.515741842E1,-2.193473577E-1,4.028230906E-2,-4.814946353E-1
5.516742642E1,-1.844254881E-1,4.837054759E-3,-4.668484628E-1
5.517743342E1,-1.362640858E-1,-3.267743625E-3,-4.439010620E-1
5.518744142E1,-9.001363069E-2,9.547376074E-3,-4.154437184E-1
5.519744842E1,-5.614062026E-2,4.196204245E-2,-3.899769485E-1
5.520745642E1,-4.715752229E-2,5.821187794E-2,-3.645823002E-1
5.521746442E1,-6.351705641E-2,5.265891925E-2,-3.451793194E-1
5.522747142E1,-8.633726090E-2,4.874350131E-2,-3.317349553E-1
5.523747942E1,-1.024395302E-1,3.623410314E-2,-3.310297430E-1
5.524748642E1,-1.151224226E-1,2.097947523E-2,-3.272184134E-1
5.525749442E1,-1.260839999E-1,1.382356137E-2,-3.187596798E-1
5.526750242E1,-1.422745883E-1,1.213360857E-2,-3.056277931E-1
5.527750942E1,-1.608029902E-1,1.310086809E-2,-2.898829281E-1
5.528751742E1,-1.919705421E-1,5.133563187E-3,-2.784245610E-1
5.529752542E1,-2.197465152E-1,-2.121420112E-3,-2.717173994E-1
5.530753242E1,-2.518785894E-1,-4.738613963E-3,-2.645676732E-1
5.531754042E1,-2.794420123E-1,5.043709651E-3,-2.501314878E-1
5.532754742E1,-3.003691137E-1,1.659193262E-2,-2.270253748E-1
5.533755542E1,-3.160996139E-1,2.520512789E-2,-2.001868486E-1
5.534756342E1,-3.274430037E-1,2.578442916E-2,-1.713273525E-1
5.535757042E1,-3.312177658E-1,1.112985238E-2,-1.443916112E-1
5.536757842E1,-3.213602304E-1,-3.358671907E-3,-1.157547981E-1
5.537758642E1,-3.004845083E-1,-1.894721948E-2,-8.535108715E-2
5.538759342E1,-2.776492536E-1,-2.090278268E-2,-6.154920161E-2
5.539760142E1,-2.572031021E-1,8.470819332E-3,-2.850602940E-2
5.540760842E1,-2.305999398E-1,3.238750249E-2,7.525528315E-3
5.541761642E1,-1.961468905E-1,5.363340303E-2,4.831556603E-2
5.542762442E1,-1.546238363E-1,5.612831935E-2,8.001811802E-2
5.543763142E1,-1.156998873E-1,4.832392558E-2,1.071386859E-1
5.544763942E1,-8.102967590E-2,3.415916488E-2,1.268663406E-1
5.545764642E1,-5.444813520E-2,2.827011421E-2,1.392969042E-1
5.546765442E1,-2.699591219E-2,5.085804313E-2,1.497015953E-1
5.547766242E1,8.465941064E-3,9.832756221E-2,1.610061824E-1
5.548766942E1,4.607989639E-2,1.488053799E-1,1.781723797E-1
5.549767742E1,8.468108624E-2,1.868739277E-1,2.011791617E-1
5.550768542E1,1.257031560E-1,2.129203081E-1,2.301404327E-1
5.551769242E1,1.752912104E-1,2.232839912E-1,2.653378248E-1
5.552770042E1,2.325787544E-1,2.246717364E-1,2.845210433E-1
5.553770742E1,2.965175509E-1,2.238142043E-1,2.918953300E-1
5.554771542E1,3.518083990E-1,2.329317182E-1,3.000832498E-1
5.555772342E1,3.858995140E-1,2.338230759E-1,2.957806289E-1
5.556773042E1,3.985382020E-1,2.368508279E-1,2.887986004E-1
5.557773842E1,3.962242007E-1,2.494798005E-1,2.784082890E-1
5.558774542E1,3.895252645E-1,2.801392078E-1,2.612916231E-1
5.559775342E1,3.824985325E-1,3.159350157E-1,2.422726601E-1
5.560776142E1,3.671635389E-1,3.530766964E-1,2.213607430E-1
5.561776842E1,3.527989686E-1,3.888134062E-1,1.980452985E-1
5.562777642E1,3.433941603E-1,4.123448431E-1,1.763581634E-1
5.563778442E1,3.417009115E-1,4.324152470E-1,1.554358304E-1
5.564779142E1,3.490156829E-1,4.519854784E-1,1.314205527E-1
5.565779942E1,3.598185480E-1,4.818426967E-1,1.133147702E-1
5.566780642E1,3.570500612E-1,5.279901624E-1,1.007949412E-1
5.567781442E1,3.326938450E-1,5.784491301E-1,9.536714852E-2
5.568782242E1,2.876119316E-1,6.072297692E-1,9.623846412E-2
5.569782942E1,2.275296748E-1,6.090620160E-1,1.003676951E-1
5.570783742E1,1.553503573E-1,5.656558275E-1,1.072197407E-1
5.571784442E1,7.842947543E-2,4.958402514E-1,1.096714437E-1
5.572785242E1,-3.245713888E-3,4.001140594E-1,1.113612428E-1
5.573786042E1,-1.053587645E-1,2.387914807E-1,1.010651961E-1
5.574786742E1,-2.336690426E-1,1.645159535E-2,8.516578376E-2
5.575787542E1,-3.404876590E-1,-1.845638156E-1,6.581285596E-2
5.576788342E1,-3.837500215E-1,-2.899173498E-1,6.624572724E-2
5.577789042E1,-3.440111279E-1,-2.933251858E-1,1.036367789E-1
5.578789842E1,-2.146037221E-1,-2.170789391E-1,1.903236359E-1
5.579790542E1,-3.356654942E-2,-7.738922536E-2,2.691992819E-1
5.580791342E1,1.619552076E-1,8.731652796E-2,3.884356320E-1
5.581792142E1,3.762118220E-1,2.398964763E-1,4.907497466E-1
5.582792842E1,5.837474465E-1,3.407237530E-1,5.708879828E-1
5.583793642E1,7.352930307E-1,3.640570641E-1,6.143534780E-1
5.584794442E1,8.150089979E-1,3.479515612E-1,6.336559653E-1
5.585795142E1,8.363444209E-1,3.033502698E-1,6.396704316E-1
5.586795942E1,8.133103848E-1,2.420522273E-1,6.322850585E-1
5.587796642E1,7.499026656E-1,1.819705069E-1,6.123856306E-1
5.588797442E1,6.517124772E-1,1.360954940E-1,5.788765550E-1
5.589798242E1,5.242269635E-1,8.788828552E-2,5.339255929E-1
5.590798892E1,3.768536448E-1,4.995876551E-2,4.835416377E-1
5.591799692E1,2.156594396E-1,2.931287512E-2,4.318363667E-1
5.592800492E1,4.890234023E-2,1.397746988E-2,3.843996823E-1
5.593801192E1,-1.020413637E-1,-2.062125318E-2,3.552748263E-1
5.594801992E1,-2.179525048E-1,-6.492751837E-2,3.373816609E-1
5.595802692E1,-2.863198519E-1,-9.660741687E-2,3.254299462E-1
5.596803492E1,-3.221880794E-1,-1.331172734E-1,3.097758591E-1
5.597804292E1,-3.364234567E-1,-1.988829672E-1,2.872508466E-1
5.598804992E1,-3.378767371E-1,-2.816737592E-1,2.585788369E-1
5.599805792E1,-3.182132840E-1,-3.366347551E-1,2.410240620E-1
5.600806492E1,-2.763207257E-1,-3.334567249E-1,2.289068550E-1
5.601807292E1,-2.138669193E-1,-2.690220773E-1,2.327290177E-1
5.602808092E1,-1.309546679E-1,-1.526439339E-1,2.436985075E-1
5.603808792E1,-4.053183272E-2,-6.580993999E-3,2.656520009E-1
5.604809592E1,3.533014655E-2,1.395176649E-1,2.845275998E-1
5.605810392E1,8.258394897E-2,2.535419762E-1,2.884709537E-1
5.606811092E1,9.686555713E-2,3.138274252E-1,2.835476995E-1
5.607811892E1,8.662357181E-2,3.336160481E-1,2.757595479E-1
5.608812592E1,5.484424531E-2,3.160785139E-1,2.623766959E-1
5.609813392E1,1.545183267E-2,2.819705904E-1,2.365027517E-1
5.610814192E1,-2.235085145E-2,2.264501601E-1,2.072007507E-1
5.611814892E1,-5.881006271E-2,1.491441727E-1,1.789712310E-1
5.612815692E1,-8.153594285E-2,7.921423763E-2,1.536657512E-1
5.613816392E1,-9.251216054E-2,1.471886598E-2,1.354665160E-1
5.614817192E1,-8.622725308E-2,-2.877078019E-2,1.218518317E-1
5.615817992E1,-5.955622345E-2,-3.947375715E-2,1.157715693E-1
5.616818692E1,-2.517483011E-2,-2.333339117E-2,1.104987189E-1
5.617819492E1,1.856521005E-3,-5.736287683E-3,1.081572622E-1
5.618820292E1,1.649551280E-2,4.523885436E-4,1.010126546E-1
5.619820992E1,1.746330597E-2,-5.817491096E-3,9.105189890E-2
5.620821792E1,9.414966218E-3,-2.892573923E-2,7.382630557E-2
5.621822492E1,6.081590545E-4,-5.647694319E-2,5.823615938E-2
5.622823292E1,-1.623049844E-3,-9.323306382E-2,4.759291932E-2
5.623824092E1,8.471928537E-3,-1.286778748E-1,4.312120378E-2
5.624824792E1,2.119708247E-2,-1.647742093E-1,4.086644202E-2
5.625825592E1,2.960468270E-2,-1.982397586E-1,3.734201565E-2
5.626826392E1,4.418031499E-2,-2.155716121E-1,3.838740289E-2
5.627827092E1,6.597829610E-2,-2.233861238E-1,3.611812368E-2
5.628827892E1,1.049519926E-1,-2.094909549E-1,3.570175543E-2
5.629828592E1,1.523962170E-1,-1.838012934E-1,3.380238637E-2
5.630829392E1,1.920129955E-1,-1.681382060E-1,2.337626368E-2
5.631830192E1,2.125499696E-1,-1.611439437E-1,4.101634491E-3
5.632830892E1,2.156734765E-1,-1.393369883E-1,-1.421400439E-2
5.633831692E1,2.047654390E-1,-1.081750691E-1,-2.967924625E-2
5.634832392E1,1.872452945E-1,-6.533835828E-2,-4.215273261E-2
5.635833192E1,1.648276001E-1,-2.829245292E-2,-5.398542434E-2
5.636833992E1,1.308495700E-1,-1.421320997E-2,-7.196984440E-2
5.637834692E1,1.091687754E-1,-1.486595161E-2,-8.119770139E-2
5.638835492E1,1.042402387E-1,-3.282346576E-2,-8.048977703E-2
5.639836292E1,1.088477746E-1,-9.354167432E-2,-7.428354770E-2
5.640836992E1,1.089330688E-1,-1.993699819E-1,-7.057959586E-2
5.641837792E1,1.031231210E-1,-3.140632808E-1,-6.813640893E-2
5.642838492E1,8.915476501E-2,-4.302374423E-1,-7.171188295E-2
5.643839292E1,5.553821474E-2,-5.372725129E-1,-9.793949127E-2
5.644840092E1,-1.748828217E-3,-6.367116570E-1,-1.390610337E-1
5.645840792E1,-8.316512406E-2,-7.033399343E-1,-1.968830526E-1
5.646841592E1,-1.749906689E-1,-7.126934528E-1,-2.700982392E-1
5.647842392E1,-2.777399719E-1,-6.876573563E-1,-3.456143141E-1
5.648843092E1,-3.852315247E-1,-6.539678574E-1,-4.200511873E-1
5.649843892E1,-4.966810644E-1,-6.381718516E-1,-4.913040698E-1
5.650844592E1,-5.788102746E-1,-6.289379597E-1,-5.540599227E-1
5.651845392E1,-6.214096546E-1,-6.138668656E-1,-6.123080254E-1
5.652846192E1,-6.083464026E-1,-5.759584904E-1,-6.711434126E-1
5.653846892E1,-5.549420118E-1,-4.756217897E-1,-7.102918625E-1
5.654847692E1,-4.698773026E-1,-2.911800146E-1,-7.118206620E-1
5.655848492E1,-3.757374883E-1,-5.905091017E-2,-6.674010158E-1
5.656849192E1,-2.766470015E-1,1.508861035E-1,-5.942822695E-1
5.657849992E1,-1.903422326E-1,2.787663043E-1,-5.180223584E-1
5.658850692E1,-1.128445268E-1,3.391359448E-1,-4.508052468E-1
5.659851492E1,-3.948216140E-2,3.383404613E-1,-3.860360980E-1
5.660852292E1,2.945549600E-2,2.814311087E-1,-3.185319901E-1
5.661852992E1,1.011832133E-1,1.767230630E-1,-2.609584332E-1
5.662853792E1,1.539204717E-1,3.108515963E-2,-2.266428918E-1
5.663854492E1,1.769711971E-1,-1.254274994E-1,-2.158043683E-1
5.664855292E1,1.700032055E-1,-2.619198859E-1,-2.306365818E-1
5.665856092E1,1.464331597E-1,-3.441857398E-1,-2.534015477E-1
5.666856792E1,1.051796228E-1,-3.723487258E-1,-2.827204168E-1
5.667857592E1,4.538340494E-2,-3.435594141E-1,-3.142091036E-1
5.668858392E1,-2.819600888E-2,-2.645551264E-1,-3.448695540E-1
5.669859092E1,-1.056577787E-1,-1.554715484E-1,-3.724380434E-1
5.670859892E1,-1.786091179E-1,-3.651978076E-2,-4.017733037E-1
5.671860592E1,-2.404301316E-1,6.751634181E-2,-4.291005135E-1
5.672861392E1,-2.838693261E-1,1.350284368E-1,-4.378019571E-1
5.673862192E1,-3.165796101E-1,1.574946046E-1,-4.393487275E-1
5.674862892E1,-3.238370419E-1,1.428324580E-1,-4.248939455E-1
5.675863692E1,-3.008209467E-1,1.096697152E-1,-4.025153816E-1
5.676864392E1,-2.647027969E-1,6.382505596E-2,-3.761989772E-1
5.677865192E1,-2.257487178E-1,1.709270291E-2,-3.564548194E-1
5.678865992E1,-2.023707181E-1,-2.065462433E-2,-3.352052867E-1
5.679866692E1,-1.982335001E-1,-3.610441834E-2,-3.137503266E-1
5.680867492E1,-2.152247280E-1,-2.918899059E-2,-2.881214023E-1
5.681868292E1,-2.426361144E-1,-5.952910054E-3,-2.612708807E-1
5.682868992E1,-2.702864110E-1,2.764925919E-2,-2.252910435E-1
5.683869792E1,-2.932199538E-1,6.271643192E-2,-1.867423207E-1
5.684870492E1,-2.949289680E-1,9.276051074E-2,-1.355742365E-1
5.685871292E1,-2.764029503E-1,1.147124097E-1,-7.982096076E-2
5.686872092E1,-2.422801256E-1,1.338299066E-1,-2.698144875E-2
5.687872792E1,-2.009896785E-1,1.809846312E-1,4.044206440E-2
5.688873592E1,-1.556490958E-1,2.558322549E-1,1.173006296E-1
5.689874392E1,-1.064029858E-1,3.505148292E-1,1.937908679E-1
5.690875154E1,-5.496827140E-2,4.413586557E-1,2.517301738E-1
5.691875954E1,1.039235853E-2,4.777954817E-1,2.743372023E-1
5.692876654E1,7.325060666E-2,4.665954709E-1,3.119047880E-1
5.693877454E1,1.266616285E-1,4.193419218E-1,3.255060911E-1
5.694878254E1,1.745755225E-1,3.261594474E-1,3.306784630E-1
5.695878954E1,2.059571445E-1,2.152265310E-1,3.186500371E-1
5.696879754E1,2.204833925E-1,1.145978794E-1,2.979730964E-1
5.697880454E1,2.163315266E-1,3.801947460E-2,2.806654871E-1
5.698881254E1,2.066041976E-1,2.859620610E-3,2.630715370E-1
5.699882054E1,1.826602370E-1,7.058094256E-3,2.599558830E-1
5.700882754E1,1.391711682E-1,2.437436953E-2,2.508922815E-1
5.701883554E1,7.945030928E-2,5.036229268E-2,2.441214621E-1
5.702884354E1,2.303843014E-2,7.998064160E-2,2.452620864E-1
5.703885054E1,1.905447338E-3,1.025288254E-1,2.440849692E-1
5.704885854E1,1.912296377E-2,1.285318434E-1,2.544085085E-1
5.705886554E1,6.773789972E-2,1.646735966E-1,2.771601677E-1
5.706887354E1,1.316798627E-1,2.030127347E-1,3.029909432E-1
5.707888154E1,1.908465177E-1,2.370066494E-1,3.182870746E-1
5.708888854E1,2.205864191E-1,2.517664731E-1,3.226525784E-1
5.709889654E1,1.959862709E-1,2.244690508E-1,3.069785535E-1
5.710890454E1,1.155974045E-1,1.577726007E-1,2.664812803E-1
5.711891154E1,-2.167257108E-2,4.778459668E-2,2.118105739E-1
5.712891954E1,-2.182227075E-1,-7.659743726E-2,1.512040198E-1
5.713892654E1,-4.496993423E-1,-2.136860490E-1,6.137905642E-2
5.714893454E1,-6.447304487E-1,-3.009120524E-1,-5.367860943E-2
5.715894254E1,-7.390093207E-1,-2.669362426E-1,-1.333582550E-1
5.716894954E1,-7.026523948E-1,-8.972010761E-2,-1.363759637E-1
5.717895754E1,-5.541356206E-1,2.035596967E-1,-6.657158583E-2
5.718896454E1,-3.340651989E-1,5.011347532E-1,6.920889765E-2
5.719897254E1,-9.135429561E-2,7.330124378E-1,2.325205803E-1
5.720898054E1,1.384845078E-1,8.446462750E-1,3.716136813E-1
5.721898754E1,3.486574292E-1,8.291639686E-1,4.608109295E-1
5.722899554E1,5.329536796E-1,7.271932960E-1,5.140439868E-1
5.723900354E1,6.786687970E-1,5.648603439E-1,5.364137292E-1
5.724901054E1,7.610703707E-1,3.540262580E-1,5.125278831E-1
5.725901854E1,7.796882987E-1,1.338938773E-1,4.497356415E-1
5.726902554E1,7.298917770E-1,-3.790055960E-2,3.788144886E-1
5.727903354E1,6.147494912E-1,-1.518007666E-1,3.161790669E-1
5.728904154E1,4.431433380E-1,-2.245148867E-1,2.661917508E-1
5.729904854E1,2.333565652E-1,-2.532789111E-1,2.243391275E-1
5.730905654E1,-3.487615380E-3,-2.678664625E-1,1.713362187E-1
5.731906454E1,-2.325913757E-1,-2.876918316E-1,1.174559370E-1
5.732907154E1,-4.196508527E-1,-3.095125258E-1,6.392639130E-2
5.733907954E1,-5.432031155E-1,-3.323483169E-1,1.870206092E-3
5.734908654E1,-6.239602566E-1,-3.426972032E-1,-4.496687278E-2
5.735909454E1,-6.624186635E-1,-3.312940896E-1,-6.725753099E-2
5.736910254E1,-6.447836757E-1,-2.907876670E-1,-5.172275007E-2
5.737910954E1,-5.656363964E-1,-2.352594584E-1,-3.188768867E-3
5.738911754E1,-4.494914711E-1,-1.626460552E-1,7.121547312E-2
5.739912554E1,-2.994170189E-1,-9.007225186E-2,1.552744210E-1
5.740913254E1,-1.475319415E-1,-4.806315899E-2,2.482347339E-1
5.741914054E1,-1.610813662E-2,-2.740528248E-2,3.158947229E-1
5.742914754E1,1.041587815E-1,-6.520550698E-3,3.688573837E-1
5.743915554E1,2.003146112E-1,3.494266886E-3,4.001561701E-1
5.744916354E1,2.633965611E-1,1.753030345E-2,4.284305871E-1
5.745917054E1,3.077448606E-1,4.319518805E-2,4.661902189E-1
5.746917854E1,3.301701248E-1,5.220469460E-2,5.113638639E-1
5.747918554E1,3.334519565E-1,3.400092199E-2,5.425977111E-1
5.748919354E1,3.311215043E-1,-9.908271022E-4,5.606256127E-1
5.749920154E1,3.224374652E-1,-4.014036059E-2,5.709607601E-1
5.750920854E1,3.013837934E-1,-9.693130851E-2,5.676041245E-1
5.751921654E1,2.576120794E-1,-1.600729972E-1,5.537881851E-1
5.752922454E1,1.932995021E-1,-2.313953489E-1,5.410830379E-1
5.753923154E1,1.256781071E-1,-2.998191416E-1,5.313816667E-1
5.754923954E1,7.083190978E-2,-3.763842285E-1,5.279456973E-1
5.755924654E1,4.751513526E-2,-4.581739008E-1,5.396710634E-1
5.756925454E1,4.234300926E-2,-5.468214750E-1,5.505705476E-1
5.757926254E1,5.744526535E-2,-6.467893720E-1,5.441792607E-1
5.758926954E1,8.217122406E-2,-7.460508943E-1,5.175103545E-1
5.759927754E1,1.186799631E-1,-8.193834424E-1,4.759227037E-1
5.760928554E1,1.577879339E-1,-8.405736089E-1,4.232668579E-1
5.761929254E1,1.965337247E-1,-8.058025837E-1,3.638778329E-1
5.762930054E1,2.217957377E-1,-7.293692827E-1,3.076856434E-1
5.763930754E1,2.498936802E-1,-6.201080084E-1,2.619860470E-1
5.764931554E1,2.712692618E-1,-5.001212955E-1,2.143684328E-1
5.765932354E1,2.650374770E-1,-3.941815794E-1,1.526659131E-1
5.766933054E1,2.324213982E-1,-3.337524235E-1,8.459282666E-2
5.767933854E1,1.952015907E-1,-2.851790190E-1,1.258548349E-2
5.768934654E1,1.632105261E-1,-2.153835297E-1,-5.783144012E-2
5.769935354E1,1.491229385E-1,-1.221579760E-1,-1.220559627E-1
5.770936154E1,1.317835301E-1,-1.358760707E-2,-1.782410741E-1
5.771936854E1,1.029659882E-1,6.712614745E-2,-2.317511737E-1
5.772937654E1,5.043678731E-2,9.050407261E-2,-2.963550091E-1
5.773938454E1,-2.600685321E-2,2.403796092E-2,-3.783771694E-1
5.774939154E1,-1.371714473E-1,-1.198795363E-1,-4.775176048E-1
5.775939954E1,-2.782047391E-1,-2.781538367E-1,-5.908837914E-1
5.776940654E1,-4.264850318E-1,-4.110594392E-1,-7.035434842E-1
5.777941454E1,-5.554973483E-1,-4.906195104E-1,-7.957844734E-1
5.778942254E1,-6.523926258E-1,-5.067201257E-1,-8.711662292E-1
5.779942954E1,-6.984506249E-1,-4.579192996E-1,-9.261906147E-1
5.780943754E1,-6.716388464E-1,-2.993742228E-1,-9.568487406E-1
5.781944554E1,-5.792431235E-1,-7.730066776E-2,-9.607046843E-1
5.782945254E1,-4.631036818E-1,1.645515114E-1,-9.441189766E-1
5.783946054E1,-3.596425354E-1,3.668151498E-1,-9.279764891E-1
5.784946754E1,-2.881518304E-1,5.092305541E-1,-9.212702513E-1
5.785947554E1,-2.441391051E-1,6.184234023E-1,-9.128940701E-1
5.786948354E1,-2.429012507E-1,6.801702976E-1,-9.100782275E-1
5.787949054E1,-2.610656023E-1,6.848399043E-1,-8.977030516E-1
5.788949854E1,-2.922364473E-1,6.504747868E-1,-8.528378010E-1
5.789950654E1,-3.192113340E-1,5.899736285E-1,-7.825835943E-1
5.790951404E1,-3.323327601E-1,4.745272398E-1,-6.901322603E-1
5.791952204E1,-3.229874671E-1,3.124256730E-1,-5.951545835E-1
5.792952904E1,-2.880158126E-1,1.243291199E-1,-5.106614828E-1
5.793953704E1,-2.446904480E-1,-6.968642771E-2,-4.474186301E-1
5.794954504E1,-1.859351844E-1,-2.291287184E-1,-4.149655998E-1
5.795955204E1,-1.375764459E-1,-3.339610994E-1,-4.006372392E-1
5.796956004E1,-1.017686352E-1,-3.494947851E-1,-3.958579302E-1
5.797956804E1,-8.264447749E-2,-2.869845331E-1,-3.918043375E-1
5.798957504E1,-8.583873510E-2,-1.695944220E-1,-3.927554786E-1
5.799958304E1,-1.061317623E-1,-6.559949368E-3,-3.968511522E-1
5.800959004E1,-1.361035109E-1,1.686307639E-1,-3.771094084E-1
5.801959804E1,-1.748825908E-1,3.105868697E-1,-3.601240516E-1
5.802960604E1,-2.148205787E-1,3.989146352E-1,-3.445906639E-1
5.803961304E1,-2.326152772E-1,4.461820126E-1,-3.191691935E-1
5.804962104E1,-2.197014838E-1,4.431217909E-1,-2.809893489E-1
5.805962804E1,-2.012052983E-1,3.970592022E-1,-2.402555197E-1
5.806963604E1,-1.759758741E-1,3.167498112E-1,-2.130151242E-1
5.807964404E1,-1.444429904E-1,2.226589769E-1,-1.867821962E-1
5.808965104E1,-1.183610409E-1,1.280450970E-1,-1.650423408E-1
5.809965904E1,-1.012952402E-1,7.925519347E-2,-1.445644945E-1
5.810966704E1,-1.027923673E-1,6.317056715E-2,-1.205933765E-1
5.811967404E1,-1.205151677E-1,6.926840544E-2,-1.039422303E-1
5.812968204E1,-1.541500986E-1,8.334587514E-2,-9.159634262E-2
5.813968904E1,-1.896441728E-1,1.015517786E-1,-8.411233127E-2
5.814969704E1,-2.170498669E-1,1.346751899E-1,-8.930660784E-2
5.815970504E1,-2.259823829E-1,1.752681583E-1,-1.056043580E-1
5.816971204E1,-2.060732394E-1,2.309673280E-1,-1.196860224E-1
5.817972004E1,-1.629540026E-1,3.100573719E-1,-1.261303276E-1
5.818972804E1,-9.784390032E-2,3.991971910E-1,-1.233973727E-1
5.819973504E1,-2.827999927E-2,4.762828946E-1,-1.009527817E-1
5.820974304E1,3.593287617E-2,5.252037644E-1,-7.355512679E-2
5.821975004E1,7.731706649E-2,5.269587636E-1,-5.504242703E-2
5.822975804E1,1.013574451E-1,5.007057786E-1,-4.810038209E-2
5.823976604E1,1.078078821E-1,4.551010430E-1,-4.460152239E-2
5.824977304E1,1.032622084E-1,3.870097399E-1,-5.038187653E-2
5.825978104E1,1.071368456E-1,3.442699909E-1,-7.996480167E-2
5.826978804E1,1.105767637E-1,3.415944874E-1,-1.122656986E-1
5.827979604E1,9.844420105E-2,3.705457151E-1,-1.297962219E-1
5.828980404E1,5.636959150E-2,3.881816864E-1,-1.292409301E-1
5.829981104E1,-6.062093191E-3,3.759785593E-1,-1.088970378E-1
5.830981904E1,-6.351307034E-2,3.262206912E-1,-7.306104153E-2
5.831982704E1,-9.796692431E-2,2.428941131E-1,-3.880320489E-2
5.832983404E1,-9.008416533E-2,1.489214301E-1,-5.103564821E-3
5.833984204E1,-4.992316663E-2,2.202473953E-2,2.604050562E-2
5.834984904E1,9.078392759E-3,-1.146378219E-1,7.804468274E-2
5.835985704E1,7.825613022E-2,-2.246586084E-1,1.594199687E-1
5.836986504E1,1.482739598E-1,-2.971463799E-1,2.475891262E-1
5.837987204E1,2.304234356E-1,-3.368698359E-1,3.306610882E-1
5.838988004E1,3.103965223E-1,-3.910959661E-1,4.105673730E-1
5.839988804E1,3.747496605E-1,-4.369662702E-1,4.690349400E-1
5.840989504E1,4.065128267E-1,-4.982930124E-1,4.905615151E-1
5.841990304E1,3.899788558E-1,-5.644372106E-1,4.825350046E-1
5.842991004E1,3.203822970E-1,-5.930240154E-1,4.397731125E-1
5.843991804E1,2.057446539E-1,-5.693868399E-1,3.596300781E-1
5.844992604E1,8.206203580E-2,-4.680549502E-1,2.705285251E-1
5.845993304E1,-1.360617206E-2,-2.995892465E-1,2.108010352E-1
5.846994104E1,-4.823351651E-2,-5.393821001E-2,2.198169380E-1
5.847994904E1,-2.035874128E-2,2.068747431E-1,2.785819769E-1
5.848995604E1,7.005658001E-2,4.260277152E-1,3.727241755E-1
5.849996404E1,1.981751174E-1,5.821917653E-1,4.849532545E-1
5.850997104E1,3.379146159E-1,6.425645947E-1,5.848808885E-1
5.851997904E1,4.628075361E-1,5.966370702E-1,6.506021023E-1
5.852998704E1,5.549764037E-1,4.780051708E-1,6.931951642E-1
5.853999404E1,6.129259467E-1,3.407988548E-1,7.416535020E-1
5.855000204E1,6.346533895E-1,2.019749880E-1,8.016797900E-1
5.856000904E1,6.318040490E-1,8.755600452E-2,8.566948175E-1
5.857001704E1,6.147427559E-1,1.336110663E-2,8.974443674E-1
5.858002504E1,5.853438973E-1,-5.464617163E-2,9.131977558E-1
5.859003204E1,5.373187065E-1,-1.208778992E-1,8.961001039E-1
5.860004004E1,4.634580314E-1,-1.779670268E-1,8.605002761E-1
5.861004804E1,3.619644046E-1,-2.149420083E-1,7.965188622E-1
5.862005504E1,2.540754676E-1,-2.240923643E-1,7.183617353E-1
5.863006304E1,1.512463987E-1,-2.132236511E-1,6.577894092E-1
5.864007004E1,4.799776524E-2,-2.103844583E-1,6.239944696E-1
5.865007804E1,-3.733497486E-2,-2.165195793E-1,5.989397168E-1
5.866008604E1,-7.873008400E-2,-2.324207872E-1,5.716846585E-1
5.867009304E1,-6.807977706E-2,-2.482400984E-1,5.381911993E-1
5.868010104E1,-2.321243472E-2,-2.643173039E-1,4.939870536E-1
5.869010904E1,2.657271177E-2,-2.704636455E-1,4.314338267E-1
5.870011604E1,6.815211475E-2,-2.822622657E-1,3.719119132E-1
5.871012404E1,8.889323473E-2,-2.611069381E-1,3.147186339E-1
5.872013104E1,8.155542612E-2,-1.938584000E-1,2.639939189E-1
5.873013904E1,6.969317049E-2,-1.043847054E-1,2.314266413E-1
5.874014704E1,6.313700229E-2,-8.811846375E-3,2.056254148E-1
5.875015404E1,6.325771660E-2,8.369929343E-2,1.757237464E-1
5.876016204E1,6.799974293E-2,1.472449899E-1,1.466715783E-1
5.877017004E1,4.695993289E-2,1.664158106E-1,1.006505415E-1
5.878017704E1,2.488205954E-2,1.946940571E-1,5.540370569E-2
5.879018504E1,-8.072233177E-4,2.199366242E-1,1.258447021E-2
5.880019204E1,-3.944383189E-2,2.290560752E-1,-2.851822600E-2
5.881020004E1,-8.988663554E-2,2.176247537E-1,-6.621675193E-2
5.882020804E1,-1.391545832E-1,1.781407297E-1,-9.217964858E-2
5.883021504E1,-1.848936528E-1,1.096172035E-1,-1.214871183E-1
5.884022304E1,-2.164353281E-1,3.984131664E-2,-1.524407566E-1
5.885023004E1,-2.382923067E-1,-2.102944069E-2,-1.799012274E-1
5.886023804E1,-2.501431108E-1,-4.249558598E-2,-1.998032928E-1
5.887024604E1,-2.494879514E-1,-4.712394625E-2,-2.036315650E-1
5.888025304E1,-2.712856829E-1,5.920364987E-3,-1.953667104E-1
5.889026104E1,-2.633392215E-1,-3.920124099E-2,-1.713968366E-1
5.890026904E1,-1.788152754E-1,-3.935597092E-2,-1.474584788E-1
5.891027504E1,-1.609051377E-1,-1.364076044E-3,-1.149896979E-1
5.892028304E1,-1.413117349E-1,1.866875403E-2,-7.757441700E-2
5.893029004E1,-7.849244773E-2,-1.310024261E-1,-4.193092510E-2
5.894029804E1,4.932935815E-3,-3.289639950E-1,-3.290055785E-3
5.895030604E1,7.863313705E-2,-5.094073415E-1,2.276383713E-2
5.896031304E1,1.401103437E-1,-6.321220398E-1,2.419501916E-2
5.897032104E1,1.876859963E-1,-7.417979836E-1,3.241301514E-3
5.898032904E1,2.100986242E-1,-8.047343493E-1,-3.436360136E-2
5.899033604E1,2.139434516E-1,-8.079528213E-1,-7.486751676E-2
5.900034404E1,2.158992738E-1,-7.373148799E-1,-9.535494447E-2
5.901035104E1,2.234642804E-1,-5.942429304E-1,-9.286536276E-2
5.902035904E1,2.173741609E-1,-4.211022854E-1,-8.465164155E-2
5.903036704E1,1.645474881E-1,-2.687616348E-1,-7.732897252E-2
5.904037404E1,6.891684979E-2,-1.738548428E-1,-8.199589700E-2
5.905038204E1,-3.297797963E-2,-1.534382254E-1,-8.831286430E-2
5.906039004E1,-1.170763448E-1,-1.789872497E-1,-1.052311286E-1
5.907039704E1,-1.880391538E-1,-2.552525401E-1,-1.698921323E-1
5.908040504E1,-2.491589636E-1,-3.837133050E-1,-2.784316540E-1
5.909041204E1,-3.052843809E-1,-5.292735100E-1,-4.180012345E-1
5.910042004E1,-3.664159179E-1,-6.402985454E-1,-5.511084199E-1
5.911042804E1,-4.422563910E-1,-6.805393696E-1,-6.638146639E-1
5.912043504E1,-5.210324526E-1,-6.085735559E-1,-7.458903193E-1
5.913044304E1,-5.525050163E-1,-3.977079093E-1,-7.936400175E-1
5.914045104E1,-5.268800855E-1,-7.856029272E-2,-7.876505852E-1
5.915045804E1,-4.572983682E-1,3.220822215E-1,-7.548215389E-1
5.916046604E1,-3.643340766E-1,7.274491787E-1,-7.054606676E-1
5.917047304E1,-2.854405940E-1,1.004465342E0,-6.397961378E-1
5.918048104E1,-2.238706946E-1,1.137709141E0,-5.798382163E-1
5.919048904E1,-1.599504054E-1,1.157480359E0,-5.240512490E-1
5.920049604E1,-1.219095364E-1,1.040658355E0,-4.757569432E-1
5.921050404E1,-1.047403887E-1,8.213329911E-1,-4.309762418E-1
5.922051104E1,-9.634770453E-2,5.548160672E-1,-3.926429749E-1
5.923051904E1,-9.213849157E-2,2.424638122E-1,-3.714418411E-1
5.924052704E1,-5.334476009E-2,-4.143233970E-2,-3.600059748E-1
5.925053404E1,9.504410438E-3,-2.486884147E-1,-3.619857728E-1
5.926054204E1,7.720728964E-2,-3.315619826E-1,-3.733036816E-1
5.927055004E1,1.337547600E-1,-3.300198317E-1,-3.860188723E-1
5.928055704E1,1.550709754E-1,-2.611432970E-1,-3.983096480E-1
5.929056504E1,1.382115036E-1,-1.194022894E-1,-4.079073668E-1
5.930057204E1,9.367147088E-2,3.908854723E-2,-4.078008533E-1
5.931058004E1,2.850219607E-2,1.980507672E-1,-4.088080525E-1
5.932058804E1,-4.605566338E-2,3.160096407E-1,-4.080146849E-1
5.933059504E1,-1.150879711E-1,3.804751337E-1,-4.112745821E-1
5.934060304E1,-1.655681878E-1,4.065916836E-1,-4.128522277E-1
5.935061104E1,-1.943183392E-1,3.943890929E-1,-4.115643203E-1
5.936061804E1,-2.081393450E-1,3.596510589E-1,-4.015588164E-1
5.937062604E1,-2.117131948E-1,3.323190808E-1,-3.736651838E-1
5.938063304E1,-2.269286364E-1,2.670274377E-1,-3.286716044E-1
5.939064104E1,-2.524404824E-1,1.749013960E-1,-2.930482030E-1
5.940064904E1,-2.774763107E-1,9.009942412E-2,-2.734345496E-1
5.941065604E1,-2.832070887E-1,2.583374828E-2,-2.555919886E-1
5.942066404E1,-2.682720721E-1,-1.089833677E-5,-2.340523601E-1
5.943067204E1,-2.363867313E-1,5.106375087E-3,-2.164029479E-1
5.944067904E1,-1.813091040E-1,4.985600337E-2,-2.013092041E-1
5.945068704E1,-9.720283002E-2,1.251056641E-1,-1.805678159E-1
5.946069404E1,5.666012294E-4,2.023727447E-1,-1.550691128E-1
5.947070204E1,9.409531951E-2,2.704927623E-1,-1.190164760E-1
5.948071004E1,1.686393172E-1,3.215239942E-1,-5.872756615E-2
5.949071704E1,2.214526832E-1,3.491559625E-1,6.422779988E-3
5.950072504E1,2.657059133E-1,3.563976586E-1,6.908030063E-2
5.951073304E1,2.942884266E-1,3.468353152E-1,1.327649653E-1
5.952074004E1,3.007529676E-1,3.033890128E-1,1.750698239E-1
5.953074804E1,2.865730226E-1,2.354894429E-1,1.925262213E-1
5.954075504E1,2.516603172E-1,1.479729116E-1,1.938319802E-1
5.955076304E1,2.011273056E-1,8.342522383E-2,1.732082665E-1
5.956077104E1,1.413760930E-1,3.917733952E-2,1.445776820E-1
5.957077804E1,8.734228462E-2,3.070717864E-2,1.284044236E-1
5.958078604E1,4.559030384E-2,4.694287479E-2,1.304540038E-1
5.959079304E1,3.137819469E-2,6.456903368E-2,1.617360711E-1
5.960080104E1,4.424845427E-2,8.104361594E-2,2.104849815E-1
5.961080904E1,9.338286519E-2,8.766713738E-2,2.620005608E-1
5.962081604E1,1.693274230E-1,7.706082612E-2,3.105536997E-1
5.963082404E1,2.542769611E-1,4.146017134E-2,3.488079011E-1
5.964083204E1,3.342671394E-1,4.733314738E-3,3.770019710E-1
5.965083904E1,4.039195478E-1,-3.431762382E-2,3.945974708E-1
5.966084704E1,4.587742686E-1,-5.853188410E-2,4.056035280E-1
5.967085404E1,4.990764558E-1,-7.446239889E-2,4.092409313E-1
5.968086204E1,5.207159519E-1,-7.723474503E-2,4.043175280E-1
5.969087004E1,5.211451650E-1,-8.867338300E-2,3.882338107E-1
5.970087704E1,4.899342656E-1,-1.027705595E-1,3.750455678E-1
5.971088504E1,4.284783304E-1,-1.177255139E-1,3.645834327E-1
5.972089304E1,3.432433307E-1,-1.233756766E-1,3.544724584E-1
5.973090004E1,2.177223414E-1,-1.327381134E-1,3.456811607E-1
5.974090804E1,6.673229486E-2,-1.550830901E-1,3.350905776E-1
5.975091504E1,-9.738035500E-2,-1.930725574E-1,3.165706396E-1
5.976092304E1,-2.419692278E-1,-2.247766852E-1,2.887350023E-1
5.977093104E1,-3.271800578E-1,-2.324467599E-1,2.756620944E-1
5.978093804E1,-3.208683431E-1,-1.983740032E-1,2.860830426E-1
5.979094604E1,-2.286728173E-1,-1.288537085E-1,3.380629718E-1
5.980095404E1,-7.727210224E-2,-4.365518689E-2,4.215514660E-1
5.981096104E1,1.073486954E-1,3.324793652E-2,5.023427010E-1
5.982096904E1,3.014712930E-1,8.460300416E-2,5.763327479E-1
5.983097604E1,4.692117274E-1,9.615761787E-2,6.261714697E-1
5.984098404E1,5.743765235E-1,6.219618395E-2,6.484783888E-1
5.985099204E1,6.245420575E-1,3.630913794E-2,6.397054791E-1
5.986099904E1,6.310622692E-1,4.551834986E-2,6.025972962E-1
5.987100704E1,6.000528336E-1,8.853904903E-2,5.504531264E-1
5.988101504E1,5.248312950E-1,1.427125484E-1,4.947035611E-1
5.989102204E1,4.065496922E-1,1.915272474E-1,4.341055453E-1
5.990103004E1,2.538967431E-1,2.114588767E-1,3.786332309E-1
5.991103754E1,6.554211676E-2,1.899166554E-1,3.217299581E-1
5.992104554E1,-1.324700415E-1,1.351732463E-1,2.489484251E-1
5.993105354E1,-3.142706752E-1,7.414149493E-2,1.747706831E-1
5.994106054E1,-4.693441391E-1,3.248566389E-2,1.162160188E-1
5.995106854E1,-5.849915147E-1,1.284534670E-2,7.373695821E-2
5.996107654E1,-6.626918912E-1,2.187026665E-2,3.760664910E-2
5.997108354E1,-6.880515814E-1,6.438929588E-2,1.232376322E-2
5.998109154E1,-6.649129987E-1,1.273528188E-1,1.613327768E-3
5.999109854E1,-6.017036438E-1,2.039444894E-1,-6.371913478E-3
6.000110654E1,-5.143743157E-1,2.867821157E-1,3.504373599E-4
6.001111454E1,-4.280614853E-1,3.658660948E-1,3.920637444E-2
6.002112154E1,-3.493275046E-1,4.214348197E-1,9.061763436E-2
6.003112954E1,-2.863607109E-1,4.276408553E-1,1.386871189E-1
6.004113754E1,-2.435120493E-1,4.036644101E-1,1.793953925E-1
6.005114454E1,-2.041773796E-1,3.629190624E-1,2.097387016E-1
6.006115254E1,-1.631447226E-1,3.232465088E-1,2.309116274E-1
6.007115954E1,-1.215578690E-1,2.773170769E-1,2.401551902E-1
6.008116754E1,-7.880374789E-2,2.104547173E-1,2.333273739E-1
6.009117554E1,-2.822443470E-2,1.469603777E-1,2.382711023E-1
6.010118254E1,3.925777040E-3,6.107928976E-2,2.052782774E-1
6.011119054E1,2.167303860E-2,-1.759256236E-3,1.633112133E-1
6.012119754E1,2.095691487E-2,-6.303459406E-2,1.147141159E-1
6.013120554E1,-2.827522578E-3,-1.064472944E-1,5.463861302E-2
6.014121354E1,-5.394396931E-2,-1.051822901E-1,-6.539789960E-3
6.015122054E1,-1.209634766E-1,-7.099585235E-2,-7.085467875E-2
6.016122854E1,-1.912650615E-1,-1.635977253E-2,-1.195761487E-1
6.017123654E1,-2.559608817E-1,4.798335955E-2,-1.619434804E-1
6.018124354E1,-3.068901002E-1,8.012291789E-2,-1.812649816E-1
6.019125154E1,-3.272765875E-1,9.044582397E-2,-1.959882379E-1
6.020125854E1,-3.074224591E-1,8.889693022E-2,-2.109378874E-1
6.021126654E1,-2.544645965E-1,8.306039870E-2,-2.173588276E-1
6.022127454E1,-1.814742684E-1,6.532160938E-2,-2.161484212E-1
6.023128154E1,-9.411261976E-2,5.452305824E-2,-2.039084733E-1
6.024128954E1,-9.099457413E-3,3.699093312E-2,-1.992426217E-1
6.025129754E1,6.551136822E-2,2.388826944E-2,-1.955151409E-1
6.026130454E1,1.285230815E-1,1.493046060E-2,-1.883906573E-1
6.027131254E1,1.759588122E-1,1.698991749E-3,-1.883188635E-1
6.028131954E1,1.965676844E-1,-2.201246284E-2,-2.015960515E-1
6.029132754E1,1.947301179E-1,-5.751800910E-2,-2.229428291E-1
6.030133554E1,1.693541855E-1,-1.233686656E-1,-2.631605566E-1
6.031134254E1,1.350444108E-1,-1.918281466E-1,-3.029353917E-1
6.032135054E1,1.038952842E-1,-2.156834155E-1,-3.299766183E-1
6.033135854E1,8.006402850E-2,-1.972062290E-1,-3.317075372E-1
6.034136554E1,5.773847923E-2,-1.471023113E-1,-3.195499480E-1
6.035137354E1,4.050111026E-2,-1.108895689E-1,-2.940472066E-1
6.036138054E1,2.920584567E-2,-1.080375910E-1,-2.727685571E-1
6.037138854E1,1.984214224E-2,-1.463199556E-1,-2.633481324E-1
6.038139654E1,-1.627257152E-4,-1.909420192E-1,-2.717141807E-1
6.039140354E1,-2.207266539E-2,-2.416635603E-1,-2.939939797E-1
6.040141154E1,-3.961357474E-2,-3.416979909E-1,-3.274523318E-1
6.041141954E1,-6.675294787E-2,-4.624320865E-1,-3.824934661E-1
6.042142654E1,-7.974011451E-2,-5.565817356E-1,-4.311321080E-1
6.043143454E1,-6.459510326E-2,-5.968754292E-1,-4.683734179E-1
6.044144154E1,-3.145366162E-2,-5.705510974E-1,-4.969635010E-1
6.045144954E1,1.833011396E-2,-4.748450816E-1,-5.201956034E-1
6.046145754E1,7.462587208E-2,-3.287733793E-1,-5.380536914E-1
6.047146454E1,1.216737404E-1,-1.688996851E-1,-5.479248762E-1
6.048147254E1,1.753156632E-1,-1.210581511E-2,-5.587999225E-1
6.049147954E1,2.239790410E-1,1.178286150E-1,-5.725929141E-1
6.050148754E1,2.500985265E-1,2.098048776E-1,-5.831273198E-1
6.051149554E1,2.491182685E-1,2.800847292E-1,-5.814019442E-1
6.052150254E1,2.107093632E-1,3.306629658E-1,-5.670906901E-1
6.053151054E1,1.400843859E-1,3.439339399E-1,-5.424350500E-1
6.054151854E1,5.440703034E-2,3.205825388E-1,-5.036381483E-1
6.055152554E1,-1.807599701E-2,2.859705985E-1,-4.542495608E-1
6.056153354E1,-7.813294232E-2,2.088443637E-1,-4.038993120E-1
6.057154054E1,-1.243799403E-1,9.756764770E-2,-3.616895974E-1
6.058154854E1,-1.504557580E-1,-2.438249066E-2,-3.312951922E-1
6.059155654E1,-1.739842743E-1,-1.593780518E-1,-3.176182806E-1
6.060156354E1,-1.922160089E-1,-2.788136303E-1,-3.129143119E-1
6.061157154E1,-2.027907819E-1,-3.564361930E-1,-3.103590906E-1
6.062157954E1,-2.176882327E-1,-3.984443545E-1,-3.160827756E-1
6.063158654E1,-2.319456786E-1,-3.941283226E-1,-3.228047192E-1
6.064159454E1,-2.444348335E-1,-3.461154997E-1,-3.145294785E-1
6.065160154E1,-2.546831369E-1,-2.725604773E-1,-2.873375118E-1
6.066160954E1,-2.619554400E-1,-1.952433139E-1,-2.405505478E-1
6.067161754E1,-2.645045519E-1,-1.235617846E-1,-1.948680282E-1
6.068162454E1,-2.602853179E-1,-7.294493914E-2,-1.559123695E-1
6.069163254E1,-2.552089095E-1,-4.723374546E-2,-1.384189129E-1
6.070164054E1,-2.460830659E-1,-2.887204662E-2,-1.272839755E-1
6.071164754E1,-2.385213673E-1,-1.334459335E-2,-1.128886193E-1
6.072165554E1,-2.382270992E-1,-6.337017752E-3,-1.015318334E-1
6.073166254E1,-2.321972996E-1,1.898724772E-2,-9.083920717E-2
6.074167054E1,-2.101431340E-1,6.181780249E-2,-6.682015955E-2
6.075167854E1,-1.813642234E-1,9.747252613E-2,-4.442600533E-2
6.076168554E1,-1.561419666E-1,1.311047822E-1,-2.229114063E-2
6.077169354E1,-1.358322203E-1,1.635768116E-1,2.924268134E-3
6.078170154E1,-1.258155406E-1,1.886896193E-1,2.934415825E-2
6.079170854E1,-1.247479096E-1,1.842557937E-1,5.097193643E-2
6.080171654E1,-1.324913204E-1,1.379154623E-1,6.725983322E-2
6.081172354E1,-1.330718845E-1,7.288824022E-2,7.828250527E-2
6.082173154E1,-1.184322238E-1,-3.708000761E-3,9.027604759E-2
6.083173954E1,-8.420862257E-2,-7.686741650E-2,1.011900008E-1
6.084174654E1,-3.957750648E-2,-1.369954646E-1,1.083301976E-1
6.085175454E1,5.285930820E-4,-1.826573759E-1,1.178362295E-1
6.086176254E1,4.058972374E-2,-1.637278944E-1,1.490844339E-1
6.087176954E1,8.639258891E-2,-7.757268846E-2,1.931953430E-1
6.088177754E1,1.188762262E-1,4.997967556E-2,2.418893874E-1
6.089178454E1,1.228510439E-1,2.051571608E-1,2.774102986E-1
6.090179254E1,8.182558417E-2,3.275557756E-1,2.943836749E-1
6.091180067E1,-3.955238499E-4,3.909678161E-1,2.867591977E-1
6.092180767E1,-9.687758237E-2,3.971231878E-1,2.762804627E-1
6.093181567E1,-1.826198846E-1,3.543871343E-1,2.849709690E-1
6.094182367E1,-2.242051512E-1,2.983182669E-1,3.206618726E-1
6.095183067E1,-2.186141908E-1,2.506227493E-1,3.901419640E-1
6.096183867E1,-1.560770571E-1,2.019372582E-1,4.690170586E-1
6.097184567E1,-4.104845971E-2,1.712959707E-1,5.392385125E-1
6.098185367E1,8.682082593E-2,1.630556285E-1,5.916969180E-1
6.099186167E1,1.931881309E-1,1.346887350E-1,6.144881248E-1
6.100186867E1,2.627957165E-1,8.042763174E-2,5.972747803E-1
6.101187667E1,2.857899666E-1,1.753120124E-2,5.567501783E-1
6.102188467E1,2.601218820E-1,-3.990812227E-2,4.922814369E-1
6.103189167E1,1.878105551E-1,-9.148664027E-2,3.964995146E-1
6.104189967E1,8.452279121E-2,-9.916879237E-2,2.780639529E-1
6.105190667E1,-3.462064266E-2,-3.796056658E-2,1.673110873E-1
6.106191467E1,-1.366308033E-1,7.421423495E-2,7.473946363E-2
6.107192267E1,-1.847097278E-1,1.988681555E-1,2.828505263E-2
6.108192967E1,-1.643487960E-1,3.171426058E-1,4.944173619E-2
6.109193767E1,-9.442327172E-2,4.054405987E-1,1.179489419E-1
6.110194567E1,1.348530175E-3,4.103112519E-1,1.994003952E-1
6.111195267E1,1.070375368E-1,3.479072750E-1,2.710098326E-1
6.112196067E1,2.220607996E-1,2.694438994E-1,3.461887538E-1
6.113196767E1,3.535296917E-1,1.781622916E-1,4.092930555E-1
6.114197567E1,4.824277461E-1,1.126528010E-1,4.798876047E-1
6.115198367E1,5.732968450E-1,3.649109975E-2,5.362653136E-1
6.116199067E1,6.194584370E-1,-2.135116048E-2,5.564978719E-1
6.117199867E1,6.293811202E-1,-5.635110289E-2,5.430282354E-1
6.118200667E1,5.924715400E-1,-9.493871033E-2,4.995971620E-1
6.119201367E1,5.040544868E-1,-1.312229186E-1,4.285294414E-1
6.120202167E1,3.554231524E-1,-1.477816552E-1,3.556048870E-1
6.121202867E1,1.570954025E-1,-1.579453200E-1,2.901814878E-1
6.122203667E1,-7.304166257E-2,-1.673502773E-1,2.330042273E-1
6.123204467E1,-3.052718341E-1,-1.717431247E-1,1.803501844E-1
6.124205167E1,-5.009039044E-1,-1.752286851E-1,1.298404038E-1
6.125205967E1,-6.387258172E-1,-1.889613122E-1,8.401066810E-2
6.126206767E1,-7.211719155E-1,-2.104700655E-1,3.494671732E-2
6.127207467E1,-7.515342832E-1,-2.338981777E-1,-3.202300053E-3
6.128208267E1,-7.451069951E-1,-2.622632384E-1,-2.219782956E-2
6.129208967E1,-6.938328147E-1,-2.808460891E-1,-2.464003116E-2
6.130209767E1,-5.949080586E-1,-2.565418184E-1,-2.501439303E-3
6.131210567E1,-4.549323022E-1,-1.961729079E-1,4.206740856E-2
6.132211267E1,-2.987099290E-1,-1.194078177E-1,1.047936380E-1
6.133212067E1,-1.549062431E-1,-4.245027900E-2,1.706195623E-1
6.134212867E1,-4.132134840E-2,1.718668453E-2,2.212704867E-1
6.135213567E1,3.809626028E-2,7.138198614E-2,2.531601489E-1
6.136214367E1,9.395712614E-2,1.342421621E-1,2.717724442E-1
6.137215067E1,1.208244562E-1,1.959779263E-1,2.777276635E-1
6.138215867E1,1.202183217E-1,2.335159779E-1,2.775319219E-1
6.139216667E1,1.019476950E-1,2.543618679E-1,2.748812139E-1
6.140217367E1,6.776256114E-2,2.543346882E-1,2.655990422E-1
6.141218167E1,2.143345587E-2,2.309251726E-1,2.437678277E-1
6.142218967E1,-2.669066377E-2,2.007656693E-1,2.136304379E-1
6.143219667E1,-6.965909898E-2,1.569940895E-1,1.659354717E-1
6.144220467E1,-9.889049083E-2,1.137973517E-1,1.191826239E-1
6.145221167E1,-1.122152433E-1,8.649253845E-2,8.514755219E-2
6.146221967E1,-1.120972708E-1,6.613613665E-2,7.120963186E-2
6.147222767E1,-9.411249310E-2,6.236765906E-2,7.089028507E-2
6.148223467E1,-6.980848312E-2,5.219917744E-2,7.618518174E-2
6.149224267E1,-3.954320401E-2,4.218718410E-2,7.025106251E-2
6.150225067E1,-1.170038711E-2,2.523243241E-2,4.817505181E-2
6.151225767E1,7.684165146E-3,-1.157098450E-2,2.581690252E-2
6.152226567E1,2.076774277E-2,-5.605029687E-2,-7.039217744E-4
6.153227267E1,2.571767755E-2,-1.223250479E-1,-3.600155935E-2
6.154228067E1,3.846543282E-2,-1.980448514E-1,-5.579470471E-2
6.155228867E1,6.284544617E-2,-2.592572868E-1,-5.751783401E-2
6.156229567E1,1.082416922E-1,-2.919739485E-1,-4.995711893E-2
6.157230367E1,1.765913367E-1,-2.792381644E-1,-4.041198641E-2
6.158231167E1,2.518836856E-1,-2.141404003E-1,-2.230515704E-2
6.159231867E1,3.144839406E-1,-1.250429749E-1,9.743076749E-3
6.160232667E1,3.609720767E-1,-3.486381471E-2,3.716538101E-2
6.161233367E1,3.659470379E-1,1.759689115E-2,4.661131278E-2
6.162234167E1,3.174319565E-1,1.297976822E-2,9.619471617E-3
6.163234967E1,2.422263324E-1,-3.165034205E-2,-4.569558054E-2
6.164235667E1,1.513172090E-1,-1.175969392E-1,-1.157031581E-1
6.165236467E1,7.420469820E-2,-2.173794657E-1,-1.914142668E-1
6.166237267E1,5.140937865E-3,-3.218781650E-1,-2.659138143E-1
6.167237967E1,-5.542840064E-2,-4.174742103E-1,-3.335237503E-1
6.168238767E1,-1.045189798E-1,-4.841448367E-1,-3.932176828E-1
6.169239567E1,-1.617709100E-1,-5.357015729E-1,-4.429745376E-1
6.170240267E1,-2.283784300E-1,-5.880867243E-1,-5.105926991E-1
6.171241067E1,-2.874498665E-1,-5.962826014E-1,-6.020488143E-1
6.172241767E1,-3.062341809E-1,-5.025827885E-1,-6.772338748E-1
6.173242567E1,-2.876662910E-1,-3.283451498E-1,-7.125821710E-1
6.174243367E1,-2.404369861E-1,-9.472546726E-2,-7.144349217E-1
6.175244067E1,-1.751835942E-1,1.742001027E-1,-6.686388254E-1
6.176244867E1,-1.137021184E-1,4.003949165E-1,-5.744513869E-1
6.177245667E1,-6.738059223E-2,5.247430205E-1,-4.614120126E-1
6.178246367E1,-3.886106983E-2,5.317021012E-1,-3.772558570E-1
6.179247167E1,-1.820253395E-2,4.454076886E-1,-3.251972198E-1
6.180247867E1,-6.395408418E-3,2.962416410E-1,-2.930715084E-1
6.181248667E1,-1.385687664E-2,1.062921360E-1,-2.855261862E-1
6.182249467E1,-3.551263735E-2,-8.149986714E-2,-2.972888350E-1
6.183250167E1,-5.657558143E-2,-2.323197424E-1,-3.110581934E-1
6.184250967E1,-7.838553190E-2,-3.075436354E-1,-3.234008849E-1
6.185251767E1,-1.063032374E-1,-3.123340309E-1,-3.350784779E-1
6.186252467E1,-1.340142339E-1,-2.523862720E-1,-3.368228674E-1
6.187253267E1,-1.594702750E-1,-1.417914480E-1,-3.308644593E-1
6.188253967E1,-1.893046051E-1,-2.871922217E-3,-3.125522733E-1
6.189254767E1,-2.272647768E-1,1.252597123E-1,-2.903158665E-1
6.190255567E1,-2.705829740E-1,2.231468558E-1,-2.694209814E-1
6.191256383E1,-3.289438486E-1,2.692475319E-1,-2.454919070E-1
6.192257183E1,-3.782719970E-1,2.623701692E-1,-2.331630588E-1
6.193257983E1,-4.023273289E-1,2.242617607E-1,-2.197748423E-1
6.194258683E1,-4.073428512E-1,1.638021469E-1,-2.050427645E-1
6.195259483E1,-3.898848295E-1,1.064045206E-1,-1.897021830E-1
6.196260183E1,-3.394999504E-1,5.840663612E-2,-1.635233164E-1
6.197260983E1,-2.749790847E-1,2.116114646E-2,-1.184771135E-1
6.198261783E1,-2.252538800E-1,-1.573535241E-2,-7.140707225E-2
6.199262483E1,-1.869690716E-1,-3.802633286E-2,-2.593802288E-2
6.200263283E1,-1.614522487E-1,-4.893730581E-2,2.445723861E-2
6.201264083E1,-1.356677413E-1,-4.451896995E-2,6.863448769E-2
6.202264783E1,-1.096289456E-1,-3.780566901E-2,8.770325780E-2
6.203265583E1,-6.686451286E-2,-2.664444409E-2,8.891023695E-2
6.204266383E1,-1.948628807E-3,-1.949758641E-2,7.974017411E-2
6.205267083E1,6.952557713E-2,-1.353190932E-2,7.531189919E-2
6.206267883E1,1.365349591E-1,-1.169193070E-2,9.049164504E-2
6.207268583E1,1.984747350E-1,-1.508922875E-2,1.210813001E-1
6.208269383E1,2.555894256E-1,-2.050636522E-2,1.562139988E-1
6.209270183E1,3.014558554E-1,-2.685965784E-2,1.690747291E-1
6.210270883E1,3.377614021E-1,-2.076634765E-2,1.558699757E-1
6.211271683E1,3.515846431E-1,-1.308686566E-3,1.343603730E-1
6.212272483E1,3.283584118E-1,4.354400560E-2,1.008367687E-1
6.213273183E1,2.597790658E-1,1.227521226E-1,6.270682067E-2
6.214273983E1,1.566377431E-1,2.112479061E-1,3.369754553E-2
6.215274683E1,6.349929422E-2,3.115033805E-1,2.595112473E-2
6.216275483E1,-1.836841181E-2,3.723448813E-1,3.733986616E-2
6.217276283E1,-7.937064022E-2,3.882708549E-1,5.490276590E-2
6.218276983E1,-1.035034060E-1,3.783985078E-1,7.527008653E-2
6.219277783E1,-8.489517123E-2,3.578464687E-1,9.904847294E-2
6.220278583E1,-2.346403711E-2,3.381689191E-1,1.470149308E-1
6.221279283E1,7.617153227E-2,3.228241801E-1,2.211167812E-1
6.222280083E1,1.885055304E-1,3.057192266E-1,3.132400513E-1
6.223280883E1,2.957543433E-1,2.896777391E-1,4.046279490E-1
6.224281583E1,3.942721188E-1,2.747435272E-1,4.755700231E-1
6.225282383E1,4.812972844E-1,2.473529130E-1,5.335100293E-1
6.226283083E1,5.454507470E-1,2.153675556E-1,5.669452548E-1
6.227283883E1,5.808622837E-1,1.715104729E-1,5.841856003E-1
6.228284683E1,5.785205960E-1,1.057975143E-1,5.773532391E-1
6.229285383E1,5.355158448E-1,1.382071525E-2,5.502668023E-1
6.230286183E1,4.601670802E-1,-5.886813253E-2,5.113353729E-1
6.231286983E1,3.316845000E-1,-1.062874421E-1,4.406013787E-1
6.232287683E1,1.771156937E-1,-1.220123470E-1,3.369652629E-1
6.233288483E1,3.673021868E-2,-8.404420316E-2,2.298278511E-1
6.234289183E1,-3.737543151E-2,-8.566440083E-4,1.667788476E-1
6.235289983E1,-1.726583391E-2,1.316597462E-1,1.637020111E-1
6.236290783E1,7.936137915E-2,3.096228242E-1,2.128072381E-1
6.237291483E1,2.133936286E-1,4.824398160E-1,3.047594428E-1
6.238292283E1,3.493815660E-1,5.801887512E-1,4.262171686E-1
6.239293083E1,4.590938389E-1,5.844199061E-1,5.220741034E-1
6.240293783E1,5.486834049E-1,5.416154265E-1,5.987875462E-1
6.241294583E1,6.205655336E-1,4.573246241E-1,6.456139088E-1
6.242295283E1,6.535748839E-1,3.262454271E-1,6.650691032E-1
6.243296083E1,6.412481070E-1,1.610518396E-1,6.427088976E-1
6.244296883E1,5.983808041E-1,1.236649044E-2,6.001891494E-1
6.245297583E1,5.233542323E-1,-1.042714640E-1,5.454033613E-1
6.246298383E1,4.128991067E-1,-1.849689782E-1,4.817045331E-1
6.247299183E1,2.734866738E-1,-2.373265922E-1,4.139167368E-1
6.248299883E1,1.086553708E-1,-2.687830627E-1,3.472666144E-1
6.249300683E1,-7.476112992E-2,-2.918802500E-1,2.675637007E-1
6.250301483E1,-2.627480626E-1,-3.197006881E-1,1.805635393E-1
6.251302183E1,-4.249784052E-1,-3.559314311E-1,1.113045365E-1
6.252302983E1,-5.588283539E-1,-3.961645961E-1,5.012533441E-2
6.253303683E1,-6.537661552E-1,-4.250288010E-1,-1.395825855E-2
6.254304483E1,-7.053385377E-1,-4.261657000E-1,-7.358723134E-2
6.255305283E1,-6.969925165E-1,-3.648469746E-1,-9.519748390E-2
6.256305983E1,-6.360471845E-1,-2.629405856E-1,-8.490463346E-2
6.257306783E1,-5.305261612E-1,-1.163375750E-1,-3.198689222E-2
6.258307583E1,-3.966898322E-1,4.237589985E-2,5.885566399E-2
6.259308283E1,-2.712348402E-1,1.496879756E-1,1.487825960E-1
6.260309083E1,-1.603040546E-1,1.945108473E-1,2.066488266E-1
6.261309783E1,-6.371518970E-2,1.825101078E-1,2.316231430E-1
6.262310583E1,9.421066381E-3,1.372965574E-1,2.254699171E-1
6.263311383E1,6.759557873E-2,1.134707853E-1,2.089386582E-1
6.264312083E1,9.877187759E-2,1.048314869E-1,1.971062422E-1
6.265312883E1,1.009333655E-1,8.874694258E-2,1.829115152E-1
6.266313683E1,7.230757922E-2,7.265958190E-2,1.704386026E-1
6.267314383E1,2.379711531E-2,4.860255495E-2,1.470358372E-1
6.268315183E1,-4.142396525E-2,1.432287693E-2,1.188976765E-1
6.269315983E1,-1.114999652E-1,-2.839934081E-2,6.426488608E-2
6.270316683E1,-1.756041199E-1,-5.241785944E-2,9.367848979E-4
6.271317483E1,-2.260233760E-1,-5.198102072E-2,-4.411832243E-2
6.272318183E1,-2.589166164E-1,-3.594772518E-2,-6.398071349E-2
6.273318983E1,-2.671478987E-1,-4.829245619E-3,-6.056102738E-2
6.274319783E1,-2.566561103E-1,3.253181698E-3,-4.542921484E-2
6.275320483E1,-2.281446308E-1,-2.529046871E-2,-3.642180562E-2
6.276321283E1,-1.858203411E-1,-8.136732131E-2,-3.828122467E-2
6.277322083E1,-1.406910419E-1,-1.495510340E-1,-5.753092095E-2
6.278322783E1,-9.149712324E-2,-2.231783718E-1,-7.717546076E-2
6.279323583E1,-4.414373636E-2,-2.910668254E-1,-9.821781516E-2
6.280324283E1,9.529030067E-4,-3.359403014E-1,-1.129086092E-1
6.281325083E1,5.105977133E-2,-3.517203927E-1,-1.256637126E-1
6.282325883E1,9.546105564E-2,-3.455141783E-1,-1.321503818E-1
6.283326583E1,1.369301230E-1,-3.030333817E-1,-1.371038854E-1
6.284327383E1,1.711943597E-1,-2.350631207E-1,-1.460864693E-1
6.285328183E1,2.109494209E-1,-1.311280280E-1,-1.557585746E-1
6.286328883E1,2.580383420E-1,9.220020846E-3,-1.490157098E-1
6.287329683E1,3.091117144E-1,1.579729021E-1,-1.328527778E-1
6.288330483E1,3.663584888E-1,2.896331847E-1,-1.102015376E-1
6.289331183E1,3.983026743E-1,3.260562718E-1,-7.373778522E-2
6.290331983E1,3.973274231E-1,2.586990893E-1,-5.404663831E-2
6.291332517E1,3.806479871E-1,9.853185713E-2,-5.789570883E-2
6.292333317E1,3.623669744E-1,-1.019985676E-1,-7.889579237E-2
6.293334117E1,3.463370204E-1,-2.966404557E-1,-1.179248393E-1
6.294334817E1,3.325040340E-1,-4.567300081E-1,-1.693052053E-1
6.295335617E1,2.858909369E-1,-5.917868614E-1,-2.405491024E-1
6.296336417E1,1.965924799E-1,-6.933054924E-1,-3.356972039E-1
6.297337117E1,6.659111381E-2,-7.369592786E-1,-4.515122175E-1
6.298337917E1,-8.959902078E-2,-7.058543563E-1,-5.645048022E-1
6.299338617E1,-2.500799298E-1,-6.006900668E-1,-6.600079536E-1
6.300339417E1,-3.986155987E-1,-4.562412500E-1,-7.314727902E-1
6.301340217E1,-4.826072752E-1,-2.476253062E-1,-7.703022957E-1
6.302340917E1,-4.755203426E-1,2.984279580E-2,-7.601569891E-1
6.303341717E1,-4.087651968E-1,3.218548000E-1,-6.920480728E-1
6.304342517E1,-3.017732203E-1,5.763427615E-1,-5.860393643E-1
6.305343217E1,-1.768195480E-1,7.196692228E-1,-4.596999586E-1
6.306344017E1,-4.324471578E-2,7.378330231E-1,-3.292756379E-1
6.307344817E1,9.230811894E-2,6.298134923E-1,-2.091469914E-1
6.308345517E1,1.995615959E-1,3.866578639E-1,-1.332138777E-1
6.309346317E1,2.641718388E-1,8.410523087E-2,-1.145268008E-1
6.310347017E1,2.791042030E-1,-2.112864703E-1,-1.438804269E-1
6.311347817E1,2.350949943E-1,-4.631587863E-1,-2.138463557E-1
6.312348617E1,1.490629166E-1,-5.960350633E-1,-2.973678708E-1
6.313349317E1,2.983995155E-2,-5.975495577E-1,-3.757081926E-1
6.314350117E1,-1.095293909E-1,-4.891833663E-1,-4.381619990E-1
6.315350917E1,-2.594612837E-1,-3.099651039E-1,-4.746052623E-1
6.316351617E1,-4.064406157E-1,-9.793137759E-2,-5.016750097E-1
6.317352417E1,-5.189669132E-1,1.230473369E-1,-5.095545053E-1
6.318353117E1,-5.756400228E-1,3.068110347E-1,-4.932649732E-1
6.319353917E1,-5.817015171E-1,4.222905636E-1,-4.695783257E-1
6.320354717E1,-5.513215065E-1,4.606334269E-1,-4.464040399E-1
6.321355417E1,-5.054673553E-1,4.409190714E-1,-4.218498170E-1
6.322356217E1,-4.572872818E-1,3.627677858E-1,-3.829461038E-1
6.323357017E1,-4.124168456E-1,2.520260215E-1,-3.352305591E-1
6.324357717E1,-3.679529727E-1,1.347561181E-1,-2.777020037E-1
6.325358517E1,-3.095160127E-1,1.179022528E-2,-2.095880210E-1
6.326359317E1,-2.271750718E-1,-1.095609665E-1,-1.500703543E-1
6.327360017E1,-1.419827938E-1,-2.081246078E-1,-1.065429822E-1
6.328360817E1,-6.018539146E-2,-2.693613470E-1,-8.190315217E-2
6.329361517E1,1.481314283E-2,-2.842445076E-1,-6.861162186E-2
6.330362317E1,8.137831837E-2,-2.619560063E-1,-6.560704112E-2
6.331363117E1,1.318399608E-1,-1.955209076E-1,-6.303004920E-2
6.332363817E1,1.630918831E-1,-9.393595159E-2,-4.938294366E-2
6.333364617E1,1.622985452E-1,1.043676399E-2,-3.164477646E-2
6.334365417E1,1.337678283E-1,8.726976067E-2,-1.012297347E-2
6.335366117E1,9.899177402E-2,1.175740808E-1,1.636386104E-2
6.336366917E1,7.422623783E-2,9.345728904E-2,3.420331329E-2
6.337367617E1,7.968991250E-2,4.767715931E-2,5.015233159E-2
6.338368417E1,1.164961308E-1,-6.742406171E-3,5.984703824E-2
6.339369217E1,1.589395702E-1,-6.022076681E-2,5.210935697E-2
6.340369917E1,1.878769547E-1,-1.096080244E-1,3.730031475E-2
6.341370717E1,1.888161451E-1,-1.519469917E-1,1.736882143E-2
6.342371517E1,1.667017788E-1,-1.648675948E-1,-8.281413466E-3
6.343372217E1,1.301816106E-1,-1.432614326E-1,-2.874078415E-2
6.344373017E1,8.695051819E-2,-7.939056307E-2,-4.809690267E-2
6.345373817E1,4.975347966E-2,2.675822750E-2,-6.283859909E-2
6.346374517E1,1.603066735E-2,1.592275798E-1,-6.373262405E-2
6.347375317E1,-8.830044419E-3,3.075520396E-1,-5.520557985E-2
6.348376017E1,-2.368542366E-2,4.411268830E-1,-3.746466711E-2
6.349376817E1,-2.601644956E-2,5.322995782E-1,-1.311909687E-2
6.350377617E1,-1.625356637E-2,5.588576794E-1,1.506034378E-2
6.351378317E1,2.243937925E-3,5.067577362E-1,4.435812682E-2
6.352379117E1,4.010956362E-2,4.039916992E-1,8.243041486E-2
6.353379917E1,9.736344963E-2,2.866356671E-1,1.246169806E-1
6.354380617E1,1.758603901E-1,2.061363161E-1,1.781300008E-1
6.355381417E1,2.603331506E-1,1.608837247E-1,2.390749156E-1
6.356382117E1,3.319476843E-1,1.463423222E-1,2.850477099E-1
6.357382917E1,3.659026921E-1,1.520995796E-1,3.036324382E-1
6.358383717E1,3.565520644E-1,1.646278948E-1,3.175767362E-1
6.359384417E1,3.117946386E-1,1.554105282E-1,3.289836645E-1
6.360385217E1,2.442579418E-1,1.254470348E-1,3.295423985E-1
6.361386017E1,1.552979201E-1,1.011210680E-1,3.098420799E-1
6.362386717E1,5.009586737E-2,7.595046610E-2,2.793401182E-1
6.363387517E1,-8.274985105E-2,2.348231524E-2,2.400390953E-1
6.364388317E1,-2.092116475E-1,-3.245525435E-2,1.788028926E-1
6.365389017E1,-2.969107628E-1,-4.429085925E-2,1.141890734E-1
6.366389817E1,-3.313973546E-1,-2.423911914E-2,9.204728901E-2
6.367390517E1,-2.832225561E-1,6.656097621E-2,1.117564589E-1
6.368391317E1,-1.421384215E-1,2.072882652E-1,1.775900722E-1
6.369392117E1,7.187861204E-2,3.560091257E-1,2.850566208E-1
6.370392817E1,3.045744300E-1,4.488168359E-1,3.860886991E-1
6.371393617E1,5.067663789E-1,4.587856233E-1,4.758891165E-1
6.372394417E1,6.516780257E-1,4.055596888E-1,5.206288695E-1
6.373395117E1,7.173902988E-1,2.943144441E-1,5.241073370E-1
6.374395917E1,7.076836228E-1,1.828654110E-1,5.006941557E-1
6.375396717E1,6.303303838E-1,7.646103203E-2,4.677532613E-1
6.376397417E1,4.959765375E-1,-6.839448120E-3,4.284218252E-1
6.377398217E1,3.248389363E-1,-6.468610466E-2,3.796418905E-1
6.378398917E1,1.401119679E-1,-1.044202000E-1,3.310293555E-1
6.379399717E1,-3.852491826E-2,-1.180592924E-1,2.766463757E-1
6.380400517E1,-1.925019622E-1,-1.033929884E-1,2.315217704E-1
6.381401217E1,-3.098825514E-1,-7.692719996E-2,2.030627131E-1
6.382402017E1,-3.893502057E-1,-6.060441956E-2,1.773741245E-1
6.383402817E1,-4.358703494E-1,-6.645505875E-2,1.491285563E-1
6.384403517E1,-4.545401633E-1,-7.172092795E-2,1.303817630E-1
6.385404317E1,-4.686997235E-1,-8.458580822E-2,1.382486522E-1
6.386405017E1,-4.828922451E-1,-1.239673048E-1,1.651122123E-1
6.387405817E1,-4.782544076E-1,-1.682435423E-1,2.059641927E-1
6.388406617E1,-4.465233684E-1,-2.006880343E-1,2.548561096E-1
6.389407317E1,-3.848896623E-1,-2.207262814E-1,3.007561862E-1
6.390408117E1,-2.850927413E-1,-2.145093977E-1,3.478525877E-1
6.391408917E1,-1.585298181E-1,-1.815818846E-1,3.958902061E-1
6.392409617E1,-3.158812597E-2,-1.402027458E-1,4.416656792E-1
6.393410417E1,6.904589385E-2,-1.101572067E-1,4.838582873E-1
6.394411217E1,1.214505136E-1,-1.105636060E-1,4.989381731E-1
6.395411917E1,1.331958771E-1,-1.313269138E-1,4.940518439E-1
6.396412717E1,1.108548790E-1,-1.549528837E-1,4.786475897E-1
6.397413417E1,7.781703770E-2,-1.818926334E-1,4.612560868E-1
6.398414217E1,4.314481467E-2,-1.977560073E-1,4.385345280E-1
6.399415017E1,4.431672860E-3,-2.110905349E-1,4.029733241E-1
6.400415717E1,-3.210050240E-2,-2.103120983E-1,3.521325290E-1
6.401416517E1,-6.573911756E-2,-1.969455034E-1,2.930226326E-1
6.402417317E1,-9.329058975E-2,-1.629481316E-1,2.416651696E-1
6.403418017E1,-1.138583869E-1,-1.026081815E-1,2.014740556E-1
6.404418817E1,-1.393858492E-1,-5.190479755E-2,1.626667529E-1
6.405419517E1,-1.700315177E-1,-2.448329329E-2,1.208212674E-1
6.406420317E1,-2.034576386E-1,-3.315135092E-2,7.506150007E-2
6.407421117E1,-2.335786670E-1,-5.965676159E-2,3.077966906E-2
6.408421817E1,-2.501456439E-1,-9.660252929E-2,-8.172258735E-3
6.409422617E1,-2.534823418E-1,-1.461365372E-1,-4.468233138E-2
6.410423417E1,-2.466103137E-1,-2.051348686E-1,-7.507219166E-2
6.411424117E1,-2.295244485E-1,-2.381036133E-1,-1.063210964E-1
6.412424917E1,-2.030225247E-1,-2.587684393E-1,-1.271382272E-1
6.413425717E1,-1.751715988E-1,-2.777266502E-1,-1.562161595E-1
6.414426417E1,-1.503607929E-1,-2.987443209E-1,-1.887599826E-1
6.415427217E1,-1.257736683E-1,-3.219489753E-1,-2.227448821E-1
6.416427917E1,-8.038622141E-2,-3.278393447E-1,-2.577444017E-1
6.417428717E1,-6.140293553E-3,-2.799327075E-1,-2.879278660E-1
6.418429517E1,9.054736048E-2,-2.057221532E-1,-2.846460342E-1
6.419430217E1,2.049822509E-1,-9.861733019E-2,-2.509202659E-1
6.420431017E1,3.074769378E-1,-1.259909477E-2,-2.031660527E-1
6.421431817E1,3.751717210E-1,2.823909745E-2,-1.720184088E-1
6.422432517E1,3.948820531E-1,-5.902894307E-3,-1.392378211E-1
6.423433317E1,3.798693419E-1,-1.202602088E-1,-1.226884648E-1
6.424434017E1,3.403933048E-1,-2.723069787E-1,-1.190125048E-1
6.425434817E1,2.730216980E-1,-4.447458982E-1,-1.402473003E-1
6.426435617E1,1.901433617E-1,-5.893262625E-1,-1.798130870E-1
6.427436317E1,9.403017163E-2,-6.856321096E-1,-2.146110684E-1
6.428437117E1,-2.255450003E-2,-7.657383680E-1,-2.619413137E-1
6.429437917E1,-1.158890799E-1,-7.889798284E-1,-3.226639032E-1
6.430438617E1,-1.728474349E-1,-7.601141334E-1,-3.814843297E-1
6.431439417E1,-1.718620509E-1,-6.626730561E-1,-4.549894631E-1
6.432440217E1,-9.141194075E-2,-4.519432485E-1,-5.403887630E-1
6.433440917E1,4.335250333E-2,-1.434889883E-1,-6.179118156E-1
6.434441717E1,1.922024339E-1,1.847264320E-1,-6.442627311E-1
6.435442417E1,3.028485179E-1,4.661421180E-1,-6.044878364E-1
6.436443217E1,3.526504338E-1,6.736990213E-1,-5.220313072E-1
6.437444017E1,3.876928687E-1,7.930833697E-1,-4.343510270E-1
6.438444717E1,4.098043144E-1,7.943100333E-1,-3.627660573E-1
6.439445517E1,4.209080040E-1,7.025803924E-1,-3.234105110E-1
6.440446317E1,4.300506413E-1,4.995132685E-1,-3.179180026E-1
6.441447017E1,4.263753593E-1,2.180677056E-1,-3.490182459E-1
6.442447817E1,3.875392675E-1,-1.043817103E-1,-4.098048806E-1
6.443448517E1,3.141962290E-1,-3.771496117E-1,-4.879908264E-1
6.444449317E1,2.089478225E-1,-5.347112417E-1,-5.663551092E-1
6.445450117E1,8.198510855E-2,-5.869577527E-1,-6.264894605E-1
6.446450817E1,-5.358497053E-2,-5.528869033E-1,-6.718947887E-1
6.447451617E1,-1.767340750E-1,-4.290061891E-1,-6.998810768E-1
6.448452417E1,-2.867045105E-1,-2.327751517E-1,-7.104614973E-1
6.449453117E1,-3.715644777E-1,2.506953478E-2,-6.845955849E-1
6.450453917E1,-4.310030341E-1,2.647452652E-1,-6.357529163E-1
6.451454717E1,-4.691230953E-1,4.201776683E-1,-5.680131316E-1
6.452455417E1,-4.849995375E-1,4.849635959E-1,-4.972377717E-1
6.453456217E1,-4.756344855E-1,4.680460691E-1,-4.254319072E-1
6.454456917E1,-4.458973706E-1,3.699858189E-1,-3.625118136E-1
6.455457717E1,-3.985517025E-1,2.193353474E-1,-3.133337796E-1
6.456458517E1,-3.203977644E-1,6.814716756E-2,-2.539623380E-1
6.457459217E1,-2.057241350E-1,-4.476969317E-2,-1.807951629E-1
6.458460017E1,-8.429808915E-2,-1.251646727E-1,-1.178713217E-1
6.459460817E1,3.104238585E-2,-1.840805411E-1,-7.010512054E-2
6.460461517E1,1.243888438E-1,-1.997556388E-1,-3.228210658E-2
6.461462317E1,1.762227267E-1,-1.685135365E-1,3.933659755E-4
6.462463017E1,1.768070310E-1,-1.030897871E-1,3.033182397E-2
6.463463817E1,1.234471127E-1,-3.312182799E-2,5.393798649E-2
6.464464617E1,2.977042273E-2,2.704723552E-2,7.258623838E-2
6.465465317E1,-7.914916426E-2,6.434619427E-2,9.013983607E-2
6.466466117E1,-1.649628580E-1,9.160178900E-2,1.176745221E-1
6.467466917E1,-2.012382746E-1,1.173144877E-1,1.558061242E-1
6.468467617E1,-1.756695211E-1,1.453711540E-1,2.060122937E-1
6.469468417E1,-1.145198718E-1,1.487222314E-1,2.545578182E-1
6.470469217E1,-3.517525271E-2,1.233785301E-1,2.929997444E-1
6.471469917E1,4.269678146E-2,9.546830505E-2,3.239553869E-1
6.472470717E1,1.108793020E-1,8.264172077E-2,3.493084013E-1
6.473471417E1,1.612600982E-1,9.172379971E-2,3.604364395E-1
6.474472217E1,1.910156012E-1,1.332888156E-1,3.741067052E-1
6.475473017E1,1.998111904E-1,1.950068325E-1,3.794890940E-1
6.476473717E1,2.034437507E-1,2.618876100E-1,3.639359772E-1
6.477474517E1,1.983095258E-1,3.395481110E-1,3.437870443E-1
6.478475317E1,1.779906750E-1,4.237215817E-1,3.304345012E-1
6.479476017E1,1.428664625E-1,4.918458462E-1,3.269797862E-1
6.480476817E1,9.781349450E-2,5.440784097E-1,3.384255171E-1
6.481477617E1,4.046916217E-2,5.497596860E-1,3.549910188E-1
6.482478317E1,-2.538495511E-2,4.956791699E-1,3.620012701E-1
6.483479117E1,-6.336632371E-2,4.347786009E-1,3.643113077E-1
6.484479817E1,-5.750869587E-2,3.869306445E-1,3.813033402E-1
6.485480617E1,-7.419729605E-3,3.798010945E-1,4.229311347E-1
6.486481417E1,8.052743226E-2,4.150168598E-1,5.001575351E-1
6.487482117E1,1.786051095E-1,4.910560846E-1,5.767444968E-1
6.488482917E1,2.781604528E-1,5.606601834E-1,6.474847198E-1
6.489483717E1,3.562427759E-1,5.720897913E-1,7.110435963E-1
6.490484417E1,3.857266307E-1,5.133569837E-1,7.509912848E-1
6.491485192E1,3.708282113E-1,4.002875388E-1,7.616237402E-1
6.492485892E1,3.148168623E-1,2.439900935E-1,7.308072448E-1
6.493486692E1,2.266787440E-1,7.795855403E-2,6.651082039E-1
6.494487492E1,1.070474088E-1,-8.916439116E-2,5.792705417E-1
6.495488192E1,-1.899283566E-2,-2.024821043E-1,5.073837638E-1
6.496488992E1,-1.140873879E-1,-2.321145684E-1,4.719216526E-1
6.497489792E1,-1.278067231E-1,-1.726644635E-1,4.840195775E-1
6.498490492E1,-5.383982509E-2,-6.457021087E-2,5.249071121E-1
6.499491292E1,8.359663188E-2,5.703846365E-2,5.856603384E-1
6.500491992E1,2.479091436E-1,1.677625775E-1,6.451308727E-1
6.501492792E1,4.202870429E-1,2.510299981E-1,6.920169592E-1
6.502493592E1,5.786463022E-1,3.008526862E-1,7.303649187E-1
6.503494292E1,6.965531111E-1,3.191648722E-1,7.669619322E-1
6.504495092E1,7.640753984E-1,3.276467919E-1,7.922965884E-1
6.505495892E1,7.770015001E-1,3.174335361E-1,7.986118793E-1
6.506496592E1,7.353030443E-1,2.767601311E-1,7.721616030E-1
6.507497392E1,6.482167840E-1,2.028671354E-1,7.213622332E-1
6.508498192E1,5.192436576E-1,1.063419282E-1,6.571068168E-1
6.509498892E1,3.585028052E-1,2.037385851E-2,5.833048224E-1
6.510499692E1,1.877613962E-1,-2.505141497E-2,5.047556758E-1
6.511500392E1,3.168052807E-2,-5.093372613E-2,4.284911752E-1
6.512501192E1,-1.018429175E-1,-6.440399587E-2,3.644610643E-1
6.513501992E1,-2.278253734E-1,-6.599573046E-2,3.025684953E-1
6.514502692E1,-3.482441902E-1,-7.019153982E-2,2.488416135E-1
6.515503492E1,-4.613745511E-1,-9.509991109E-2,2.007572204E-1
6.516504292E1,-5.684704185E-1,-1.433135122E-1,1.427439898E-1
6.517504992E1,-6.559911370E-1,-1.802675873E-1,7.481723279E-2
6.518505792E1,-7.174736857E-1,-1.890973002E-1,8.369501680E-3
6.519506492E1,-7.470331192E-1,-1.847724468E-1,-5.200715736E-2
6.520507292E1,-7.516784668E-1,-1.663172692E-1,-9.809982032E-2
6.521508092E1,-7.386613488E-1,-1.347969770E-1,-1.363278478E-1
6.522508792E1,-6.996023655E-1,-7.292667776E-2,-1.716631949E-1
6.523509592E1,-6.422138810E-1,1.058475208E-2,-2.007669359E-1
6.524510392E1,-5.682850480E-1,1.232063696E-1,-2.135101557E-1
6.525511092E1,-4.800466001E-1,2.346427441E-1,-1.985015869E-1
6.526511892E1,-3.966150880E-1,3.186521530E-1,-1.733504236E-1
6.527512592E1,-3.353434205E-1,3.549432158E-1,-1.641076356E-1
6.528513392E1,-2.940519154E-1,3.297369480E-1,-1.742026210E-1
6.529514192E1,-2.763675749E-1,2.643440962E-1,-2.111595422E-1
6.530514892E1,-2.663189471E-1,1.697003990E-1,-2.552798688E-1
6.531515692E1,-2.631150484E-1,6.343017519E-2,-2.932687402E-1
6.532516492E1,-2.508256137E-1,-7.968369871E-3,-3.097598255E-1
6.533517192E1,-2.121698409E-1,-3.599843383E-2,-2.956206501E-1
6.534517992E1,-1.313024163E-1,-4.116336629E-2,-2.651546299E-1
6.535518692E1,-1.474843919E-2,-4.721579701E-2,-2.420265228E-1
6.536519492E1,1.138308421E-1,-6.153507903E-2,-2.396770865E-1
6.537520292E1,2.417722493E-1,-8.280300349E-2,-2.458037138E-1
6.538520992E1,3.465745747E-1,-1.136203036E-1,-2.644394338E-1
6.539521792E1,4.283235073E-1,-1.305974722E-1,-2.882450819E-1
6.540522592E1,4.968256056E-1,-1.279273927E-1,-3.098829985E-1
6.541523292E1,5.366283059E-1,-1.239321977E-1,-3.410848081E-1
6.542524092E1,5.689628124E-1,-1.259330362E-1,-3.874573708E-1
6.543524892E1,6.115541458E-1,-1.494776458E-1,-4.491294324E-1
6.544525592E1,6.616489887E-1,-1.718468666E-1,-5.093507171E-1
6.545526392E1,7.246025205E-1,-1.576108187E-1,-5.648921728E-1
6.546527092E1,7.762500048E-1,-1.227998435E-1,-6.193199754E-1
6.547527892E1,8.032254577E-1,-5.750909448E-2,-6.694365144E-1
6.548528692E1,7.913355231E-1,2.745665982E-2,-7.124880552E-1
6.549529392E1,7.094987631E-1,9.880974889E-2,-7.380232811E-1
6.550530192E1,5.567798018E-1,1.488137841E-1,-7.597368360E-1
6.551530992E1,3.724596202E-1,1.583980322E-1,-7.915009856E-1
6.552531692E1,1.979280412E-1,9.532399476E-2,-8.418616056E-1
6.553532492E1,6.232396886E-2,-2.021643519E-2,-8.992020488E-1
6.554533192E1,-1.916822419E-2,-1.285266578E-1,-9.615080357E-1
6.555533992E1,-4.317548871E-2,-1.981180757E-1,-9.936015010E-1
6.556534792E1,-2.311096899E-2,-2.191389352E-1,-9.816370010E-1
6.557535492E1,3.803530335E-2,-1.658383906E-1,-9.430884719E-1
6.558536292E1,1.232189015E-1,-7.214491814E-2,-8.836903572E-1
6.559537092E1,1.859801561E-1,1.442887075E-2,-8.216351867E-1
6.560537792E1,2.095613778E-1,7.695456594E-2,-7.717427015E-1
6.561538592E1,1.852866113E-1,1.071016863E-1,-7.364495993E-1
6.562539292E1,1.255292743E-1,9.315098077E-2,-7.265328169E-1
6.563540092E1,5.224337801E-2,4.973525181E-2,-7.457386255E-1
6.564540892E1,-2.244497463E-2,-2.091462258E-3,-7.640699744E-1
6.565541592E1,-9.023284912E-2,-4.425081611E-2,-7.717666030E-1
6.566542392E1,-1.286092699E-1,-6.236723810E-2,-7.683044672E-1
6.567543192E1,-1.365425289E-1,-5.577410385E-2,-7.475322485E-1
6.568543892E1,-1.086187512E-1,-1.957508735E-2,-7.095249295E-1
6.569544692E1,-5.460071936E-2,2.074930072E-2,-6.590072513E-1
6.570545392E1,7.978773676E-3,6.555432081E-2,-6.056260467E-1
6.571546192E1,7.131911069E-2,8.666362613E-2,-5.469648242E-1
6.572546992E1,1.349649280E-1,8.368887752E-2,-4.908121228E-1
6.573547692E1,1.902875155E-1,5.604060367E-2,-4.411042333E-1
6.574548492E1,2.308450639E-1,8.977484889E-3,-3.915353417E-1
6.575549292E1,2.577057779E-1,-4.393328726E-2,-3.443709910E-1
6.576549992E1,2.655394673E-1,-9.307367355E-2,-3.078851700E-1
6.577550792E1,2.596847117E-1,-1.348000020E-1,-2.760365307E-1
6.578551592E1,2.471814603E-1,-1.482646763E-1,-2.461886108E-1
6.579552292E1,2.416546345E-1,-1.517202109E-1,-2.067692727E-1
6.580553092E1,2.269697040E-1,-1.581259221E-1,-1.691832840E-1
6.581553792E1,2.022534013E-1,-1.625474542E-1,-1.290612966E-1
6.582554592E1,1.698501855E-1,-1.640217900E-1,-8.034116030E-2
6.583555392E1,1.300071925E-1,-1.819723547E-1,-3.968026489E-2
6.584556092E1,9.289817512E-2,-2.079986185E-1,-8.247243240E-3
6.585556892E1,7.093589008E-2,-2.296435088E-1,1.856478117E-2
6.586557692E1,7.183683664E-2,-2.371962368E-1,3.593924269E-2
6.587558392E1,8.209630847E-2,-2.381190956E-1,4.771392792E-2
6.588559192E1,7.896097004E-2,-2.389193624E-1,5.718759075E-2
6.589559892E1,4.199924693E-2,-2.358711660E-1,7.555738091E-2
6.590560692E1,-2.352383547E-2,-2.253530174E-1,1.197392195E-1
6.591561508E1,-9.947174788E-2,-2.167395055E-1,1.663660407E-1
6.592562208E1,-1.504108161E-1,-1.994846165E-1,1.923342496E-1
6.593563008E1,-1.553050429E-1,-1.647940278E-1,2.017090172E-1
6.594563808E1,-9.919357300E-2,-1.407608688E-1,2.193604410E-1
6.595564508E1,-2.214063890E-2,-1.406572014E-1,2.512837052E-1
6.596565308E1,4.361866415E-2,-1.469899267E-1,2.945771217E-1
6.597566008E1,8.299811929E-2,-1.421056092E-1,3.363684714E-1
6.598566808E1,9.844978154E-2,-1.338745654E-1,3.788924813E-1
6.599567608E1,9.518295527E-2,-1.411113292E-1,4.059669077E-1
6.600568308E1,7.835310698E-2,-1.568639129E-1,4.264713824E-1
6.601569108E1,4.761156812E-2,-1.840784848E-1,4.374838173E-1
6.602569908E1,3.118252940E-2,-2.304835469E-1,4.315848947E-1
6.603570608E1,3.596860915E-2,-3.051095009E-1,4.111189842E-1
6.604571408E1,6.055597588E-2,-3.601610363E-1,3.644753098E-1
6.605572108E1,8.164506406E-2,-3.837631643E-1,3.144370914E-1
6.606572908E1,7.461351901E-2,-3.724995852E-1,2.682554722E-1
6.607573708E1,2.988167480E-2,-3.388370872E-1,2.431995422E-1
6.608574408E1,-3.907528892E-2,-2.991669178E-1,1.990315467E-1
6.609575208E1,-1.175790504E-1,-2.509564459E-1,1.626112610E-1
6.610576008E1,-1.770423800E-1,-2.128854990E-1,1.569698751E-1
6.611576708E1,-1.990334839E-1,-1.827114969E-1,1.894859970E-1
6.612577508E1,-1.952728331E-1,-1.687165797E-1,2.369358093E-1
6.613578208E1,-1.836144477E-1,-1.550450027E-1,2.766293287E-1
6.614579008E1,-1.760028601E-1,-1.261851192E-1,2.807340622E-1
6.615579808E1,-1.849157214E-1,-7.785317302E-2,2.517376244E-1
6.616580508E1,-2.261648923E-1,-4.233166203E-2,1.953382492E-1
6.617581308E1,-2.969246507E-1,-5.545819551E-2,1.413552314E-1
6.618582108E1,-3.691226840E-1,-1.192784533E-1,1.084124669E-1
6.619582808E1,-3.919756114E-1,-1.810287237E-1,1.160288900E-1
6.620583608E1,-3.468757868E-1,-2.333561182E-1,1.573150605E-1
6.621584308E1,-2.457054406E-1,-2.750799358E-1,2.102331668E-1
6.622585108E1,-1.253675818E-1,-2.700233757E-1,2.815979123E-1
6.623585908E1,-3.580450639E-2,-3.047694862E-1,3.346379101E-1
6.624586608E1,9.478018619E-3,-3.220802844E-1,2.702008784E-1
6.625587408E1,-1.323184557E-2,-3.207195997E-1,2.218825072E-1
6.626588208E1,-8.070676029E-2,-3.614505231E-1,1.684576273E-1
6.627588908E1,-1.650483608E-1,-3.821154237E-1,9.842073172E-2
6.628589708E1,-2.353086621E-1,-3.786596954E-1,5.129130185E-2
6.629590508E1,-2.657908797E-1,-3.819240630E-1,1.731401123E-2
6.630591208E1,-2.602413595E-1,-3.611490130E-1,3.090333659E-3
6.631592008E1,-2.375615090E-1,-3.138507605E-1,3.504155204E-3
6.632592708E1,-2.182549238E-1,-2.785063684E-1,1.381671429E-2
6.633593508E1,-2.047501504E-1,-2.356981933E-1,2.296142653E-2
6.634594308E1,-2.018763423E-1,-1.758015752E-1,3.020842187E-2
6.635595008E1,-2.110480815E-1,-1.145856753E-1,2.718426660E-2
6.636595808E1,-2.171089053E-1,-5.168766528E-2,1.317976881E-2
6.637596608E1,-2.104487866E-1,-1.514957659E-2,-2.454450820E-3
6.638597308E1,-1.944810003E-1,-1.173061132E-2,-7.694220170E-3
6.639598108E1,-1.654666513E-1,-2.040029317E-2,-2.443765989E-4
6.640598808E1,-1.347731799E-1,-3.928716481E-2,1.423123572E-2
6.641599608E1,-1.199916452E-1,-6.603579223E-2,1.499606203E-2
6.642600408E1,-1.399139613E-1,-1.078903005E-1,-6.002430804E-3
6.643601108E1,-1.794081926E-1,-1.488079727E-1,-2.450815588E-2
6.644601908E1,-2.113552094E-1,-1.805696487E-1,-4.177289829E-2
6.645602608E1,-1.993852854E-1,-1.948576719E-1,-3.243954852E-2
6.646603408E1,-1.462357789E-1,-1.667179018E-1,-2.090699412E-2
6.647604208E1,-8.004358411E-2,-1.099755242E-1,-1.876052096E-2
6.648604908E1,-4.858765379E-2,-4.947836697E-2,-3.303373232E-2
6.649605708E1,-7.316173613E-2,-1.368888654E-2,-6.994124502E-2
6.650606508E1,-1.482319832E-1,-1.572487317E-2,-1.108236983E-1
6.651607208E1,-2.299984694E-1,-5.648857355E-2,-1.518599093E-1
6.652608008E1,-2.710185945E-1,-9.897158295E-2,-2.042354941E-1
6.653608708E1,-2.476433665E-1,-9.560804069E-2,-2.416231185E-1
6.654609508E1,-1.700255424E-1,-4.052428156E-2,-2.564353645E-1
6.655610308E1,-7.838344574E-2,5.048542470E-2,-2.624518871E-1
6.656611008E1,-1.193251088E-2,1.480423361E-1,-2.609618604E-1
6.657611808E1,3.118567634E-3,2.366782576E-1,-2.471242398E-1
6.658612608E1,-2.025226876E-2,2.895862460E-1,-2.283007503E-1
6.659613308E1,-6.908539683E-2,2.895964980E-1,-2.123892009E-1
6.660614108E1,-1.179589331E-1,2.460378408E-1,-1.993543506E-1
6.661614908E1,-1.553335339E-1,1.780360192E-1,-1.884779036E-1
6.662615608E1,-1.660477072E-1,8.004287630E-2,-1.622761339E-1
6.663616408E1,-1.313947737E-1,-3.134492785E-2,-1.346118003E-1
6.664617108E1,-5.567657202E-2,-1.273907721E-1,-1.177731678E-1
6.665617908E1,3.938086703E-2,-1.890760362E-1,-1.228160039E-1
6.666618708E1,1.287735850E-1,-2.008386850E-1,-1.362063736E-1
6.667619408E1,2.031835318E-1,-1.415783018E-1,-1.359023601E-1
6.668620208E1,2.399612516E-1,-2.693321183E-2,-1.166708693E-1
6.669620908E1,2.270015627E-1,9.017678350E-2,-8.944005519E-2
6.670621708E1,1.736459285E-1,2.079172581E-1,-6.624445319E-2
6.671622508E1,8.975353092E-2,3.053370416E-1,-6.144198775E-2
6.672623208E1,-1.334790431E-4,3.902668655E-1,-8.373370767E-2
6.673624008E1,-8.814049512E-2,4.928011000E-1,-1.144736037E-1
6.674624808E1,-1.775015295E-1,5.915167928E-1,-1.459702700E-1
6.675625508E1,-2.630647719E-1,6.644333005E-1,-1.613644361E-1
6.676626308E1,-3.261002004E-1,7.048478723E-1,-1.631958932E-1
6.677627008E1,-3.570443690E-1,7.058901787E-1,-1.385085285E-1
6.678627808E1,-3.607866466E-1,6.502319574E-1,-8.674678952E-2
6.679628608E1,-3.422603011E-1,5.400310755E-1,-2.684243210E-2
6.680629308E1,-3.280355632E-1,3.860100806E-1,1.624058932E-2
6.681630108E1,-3.155103326E-1,2.309155762E-1,2.961723134E-2
6.682630908E1,-2.864350080E-1,1.270323247E-1,1.661887579E-2
6.683631608E1,-2.553011477E-1,7.375326753E-2,-1.922692172E-2
6.684632408E1,-2.343053073E-1,8.738517761E-2,-5.994426087E-2
6.685633108E1,-2.086751163E-1,1.585415155E-1,-9.130975604E-2
6.686633908E1,-1.660831869E-1,2.733157873E-1,-8.912169933E-2
6.687634708E1,-1.172613055E-1,3.908645213E-1,-5.526546389E-2
6.688635408E1,-7.267386466E-2,4.930414855E-1,-3.817456774E-3
6.689636208E1,-4.654255137E-2,5.520582199E-1,4.076938331E-2
6.690637008E1,-4.222503304E-2,5.664936304E-1,5.970898643E-2
6.691637708E1,-5.490908399E-2,5.555722117E-1,5.217297375E-2
6.692638508E1,-8.005705476E-2,5.168381333E-1,2.752941288E-2
6.693639208E1,-1.013098955E-1,4.763695300E-1,-6.560629234E-3
6.694640008E1,-1.101284251E-1,4.464323819E-1,-2.696177550E-2
6.695640808E1,-1.089961380E-1,4.168744087E-1,-2.224713005E-2
6.696641508E1,-1.017400846E-1,3.917488158E-1,1.108392887E-2
6.697642308E1,-9.720146656E-2,3.699486256E-1,5.686100200E-2
6.698643108E1,-8.701168001E-2,3.431338072E-1,1.172601655E-1
6.699643808E1,-7.372418046E-2,3.157390356E-1,1.700563431E-1
6.700644608E1,-7.126821578E-2,2.700469196E-1,2.060902417E-1
6.701645308E1,-6.292234361E-2,2.349011004E-1,2.374304086E-1
6.702646108E1,-4.891331866E-2,1.901626587E-1,2.527425289E-1
6.703646908E1,-2.163806371E-2,1.443004310E-1,2.583296895E-1
6.704647608E1,1.040349342E-2,9.103693813E-2,2.748058438E-1
6.705648408E1,5.163434893E-2,3.211945295E-2,3.000709713E-1
6.706649208E1,1.175153628E-1,-3.303238750E-2,3.320424855E-1
6.707649908E1,1.981528848E-1,-9.346177429E-2,3.560859561E-1
6.708650708E1,2.767094672E-1,-1.623907834E-1,3.669673502E-1
6.709651408E1,3.333337903E-1,-2.200986743E-1,3.650230765E-1
6.710652208E1,3.649191558E-1,-2.514656484E-1,3.591454625E-1
6.711653008E1,3.680539429E-1,-2.727109790E-1,3.545542657E-1
6.712653708E1,3.443123996E-1,-2.723546624E-1,3.509358168E-1
6.713654508E1,2.981280386E-1,-2.726786137E-1,3.442113101E-1
6.714655308E1,2.254823446E-1,-2.965546548E-1,3.246977925E-1
6.715656008E1,1.132319346E-1,-3.635325432E-1,2.862233520E-1
6.716656808E1,-1.207778323E-2,-4.575679600E-1,2.287254483E-1
6.717657508E1,-1.277758926E-1,-5.526337624E-1,1.689206958E-1
6.718658308E1,-2.275397629E-1,-6.243614554E-1,1.051526368E-1
6.719659108E1,-3.232229352E-1,-6.280860305E-1,5.449212343E-2
6.720659808E1,-4.116707742E-1,-5.774380565E-1,2.740937099E-2
6.721660608E1,-4.786444604E-1,-4.670388699E-1,4.412894696E-2
6.722661408E1,-5.023087859E-1,-3.079333603E-1,7.963687181E-2
6.723662108E1,-4.833354950E-1,-1.500973850E-1,1.322207749E-1
6.724662908E1,-4.185682237E-1,-4.991321824E-3,1.807353199E-1
6.725663608E1,-3.238423467E-1,9.939998388E-2,2.247473001E-1
6.726664408E1,-2.171276212E-1,1.547838748E-1,2.774778605E-1
6.727665208E1,-1.080869883E-1,1.703419834E-1,3.219148219E-1
6.728665908E1,-9.702891111E-3,1.477722228E-1,3.520950973E-1
6.729666708E1,7.498457283E-2,1.119950712E-1,3.645034432E-1
6.730667508E1,1.453852355E-1,7.528685778E-2,3.603798151E-1
6.731668208E1,1.899093539E-1,4.894354567E-2,3.530370891E-1
6.732669008E1,2.058734000E-1,3.514703736E-2,3.393918276E-1
6.733669708E1,1.912943721E-1,2.737077326E-2,3.384748101E-1
6.734670508E1,1.561880559E-1,1.074891910E-2,3.361775577E-1
6.735671308E1,1.166870967E-1,5.524352659E-3,3.209302127E-1
6.736672008E1,7.140749693E-2,1.847059932E-3,3.031871617E-1
6.737672808E1,2.539373003E-2,-2.145596966E-2,2.709064782E-1
6.738673508E1,-4.896532744E-3,-4.071062431E-2,2.406998277E-1
6.739674308E1,-2.523921430E-2,-6.700909883E-2,2.090323269E-1
6.740675108E1,-2.752820030E-2,-8.249032497E-2,1.843357682E-1
6.741675808E1,-1.668886654E-2,-8.276034892E-2,1.668874174E-1
6.742676608E1,7.644245052E-4,-7.397244871E-2,1.616990566E-1
6.743677408E1,1.818120480E-2,-5.001168326E-2,1.732699722E-1
6.744678108E1,3.134521097E-2,-3.451874480E-2,1.913477629E-1
6.745678908E1,3.166084737E-2,-3.252279386E-2,2.017293870E-1
6.746679608E1,3.108160757E-2,-2.885801904E-2,2.094911635E-1
6.747680408E1,3.099730238E-2,-3.032515757E-2,2.060414851E-1
6.748681208E1,3.081886843E-2,-3.033501096E-2,1.936093122E-1
6.749681908E1,1.984095201E-2,-2.390456572E-2,1.756939888E-1
6.750682708E1,1.633861684E-4,-2.273437008E-2,1.619853675E-1
6.751683508E1,-2.838541009E-2,-2.228251100E-2,1.612702459E-1
6.752684208E1,-6.371330470E-2,-3.165843710E-2,1.615749151E-1
6.753685008E1,-9.339856356E-2,-5.473006144E-2,1.579387933E-1
6.754685708E1,-1.165696606E-1,-7.265313715E-2,1.482099891E-1
6.755686508E1,-1.212606281E-1,-7.401997596E-2,1.455438584E-1
6.756687308E1,-1.072878242E-1,-5.784739926E-2,1.463521272E-1
6.757688008E1,-7.911746204E-2,-2.956084721E-2,1.523801088E-1
6.758688808E1,-4.446148127E-2,1.843251102E-2,1.624926627E-1
6.759689608E1,-7.090051193E-3,6.700491905E-2,1.790966243E-1
6.760690308E1,2.359276079E-2,1.051933169E-1,1.927075088E-1
6.761691108E1,4.117765278E-2,1.188177019E-1,2.053905576E-1
6.762691808E1,4.377263784E-2,1.016834602E-1,2.110015750E-1
6.763692608E1,3.611872345E-2,7.180625200E-2,2.187778056E-1
6.764693408E1,2.852818184E-2,3.929091617E-2,2.269776762E-1
6.765694108E1,1.299455855E-2,-2.835893538E-3,2.293208390E-1
6.766694908E1,3.995737527E-3,-3.883038089E-2,2.136257589E-1
6.767695708E1,-1.854484435E-5,-6.937210262E-2,1.910292506E-1
6.768696408E1,-1.311243279E-3,-8.637531847E-2,1.653252095E-1
6.769697208E1,-1.280679367E-2,-1.031289920E-1,1.374098957E-1
6.770697908E1,-2.553004399E-2,-9.593126923E-2,1.139255986E-1
6.771698708E1,-1.437998563E-2,-4.353237525E-2,1.143795550E-1
6.772699508E1,1.196480263E-2,2.261894941E-2,1.268162429E-1
6.773700208E1,4.721960425E-2,8.137786388E-2,1.502430439E-1
6.774701008E1,8.212964982E-2,1.164306551E-1,1.715504676E-1
6.775701808E1,1.064770594E-1,1.153960451E-1,1.843600869E-1
6.776702508E1,1.179113388E-1,8.655986935E-2,1.826356947E-1
6.777703308E1,1.206197590E-1,3.700911999E-2,1.725144386E-1
6.778704008E1,1.161192805E-1,-9.963181801E-3,1.538512707E-1
6.779704808E1,1.057700515E-1,-5.104526132E-2,1.202527359E-1
6.780705608E1,9.470621496E-2,-7.398280501E-2,8.693286031E-2
6.781706308E1,7.771155983E-2,-8.535031974E-2,5.801814049E-2
6.782707108E1,5.436575785E-2,-8.212922513E-2,3.636904061E-2
6.783707908E1,2.246128395E-2,-5.625089258E-2,2.683839016E-2
6.784708608E1,-2.727591246E-2,-3.862369433E-2,6.661748514E-3
6.785709408E1,-8.958788216E-2,-2.128866874E-2,-2.787743509E-2
6.786710108E1,-1.401306838E-1,1.136035472E-2,-5.979701877E-2
6.787710908E1,-1.707390547E-1,3.795840591E-2,-8.353214711E-2
6.788711708E1,-1.774294525E-1,5.858858302E-2,-9.589294344E-2
6.789712408E1,-1.605792046E-1,7.626925409E-2,-9.587389231E-2
6.790713208E1,-1.337236166E-1,8.098171651E-2,-8.907005191E-2
6.791714104E1,-1.043349877E-1,7.095574588E-2,-7.320741564E-2
6.792714804E1,-7.162710279E-2,5.953664333E-2,-6.412124634E-2
6.793715604E1,-4.667197913E-2,3.399937600E-2,-5.641415715E-2
6.794716304E1,-2.367105708E-2,1.794610918E-2,-5.225536600E-2
6.795717104E1,-3.256545169E-3,1.945122331E-2,-4.082301259E-2
6.796717904E1,9.435548447E-3,2.166910470E-2,-3.656834736E-2
6.797718604E1,1.961017959E-2,4.000172019E-2,-2.649430744E-2
6.798719404E1,1.500131376E-2,4.942131788E-2,-1.903559081E-2
6.799720104E1,-4.612144083E-3,4.006100073E-2,-2.970398217E-2
6.800720904E1,-2.681944706E-2,3.438979760E-2,-3.950361907E-2
6.801721704E1,-5.046056584E-2,2.137274668E-2,-4.653585702E-2
6.802722404E1,-6.782358140E-2,7.769053336E-3,-5.327977985E-2
6.803723204E1,-6.591294706E-2,6.021071225E-3,-5.763227120E-2
6.804724004E1,-4.490806162E-2,1.662737690E-2,-4.763609543E-2
6.805724704E1,-1.394457184E-2,2.478359267E-2,-3.799338639E-2
6.806725504E1,2.249892429E-2,3.656515107E-2,-2.265118249E-2
6.807726204E1,5.271106586E-2,4.396862537E-2,-6.602807436E-3
6.808727004E1,7.230581343E-2,4.146312177E-2,7.852830924E-3
6.809727804E1,7.245445251E-2,2.032712847E-2,1.160524227E-2
6.810728504E1,6.679630280E-2,1.201460324E-2,6.260809954E-3
6.811729304E1,6.356103718E-2,1.669791155E-2,-3.392134327E-3
6.812730104E1,5.358164012E-2,1.880021021E-2,-2.269925177E-2
6.813730804E1,3.807475045E-2,1.894181408E-2,-5.099269003E-2
6.814731604E1,7.716046646E-3,1.685256511E-2,-7.729380578E-2
6.815732304E1,-3.114957921E-2,1.012674067E-2,-1.008765623E-1
6.816733104E1,-7.136411220E-2,1.706773788E-2,-1.164472699E-1
6.817733904E1,-1.056826711E-1,1.077149250E-2,-1.267371923E-1
6.818734604E1,-1.121240556E-1,2.300072648E-2,-1.218225881E-1
6.819735404E1,-9.133279324E-2,4.071162641E-2,-1.065360680E-1
6.820736204E1,-6.676033884E-2,4.602489620E-2,-9.265327454E-2
6.821736904E1,-4.127390310E-2,4.786861688E-2,-7.357178628E-2
6.822737704E1,-2.702439576E-2,3.436665609E-2,-5.755074322E-2
6.823738404E1,-2.268129587E-2,1.312367246E-2,-4.801736400E-2
6.824739204E1,-2.198567800E-2,-3.578076605E-3,-3.939111903E-2
6.825740004E1,-2.739341930E-2,-2.342543751E-2,-3.046469949E-2
6.826740704E1,-4.011587054E-2,-4.315439984E-2,-2.485901117E-2
6.827741504E1,-5.686520413E-2,-5.259868130E-2,-1.800514758E-2
6.828742304E1,-7.309131324E-2,-6.122466177E-2,-1.464876719E-2
6.829743004E1,-8.122957498E-2,-5.670546368E-2,-6.363188848E-3
6.830743804E1,-7.941915840E-2,-4.457316548E-2,-4.990329500E-3
6.831744504E1,-6.921804696E-2,-2.543782443E-2,-3.114632796E-3
6.832745304E1,-5.389501899E-2,-4.201245029E-3,5.510813557E-3
6.833746104E1,-4.285606369E-2,7.250031922E-3,1.256719232E-2
6.834746804E1,-3.358932585E-2,3.086179728E-3,1.676273718E-2
6.835747604E1,-1.750767790E-2,-1.470784191E-3,2.188208140E-2
6.836748304E1,-5.278759636E-5,-1.225072704E-2,2.604912966E-2
6.837749104E1,1.322990656E-2,-2.529606037E-2,2.273978479E-2
6.838749904E1,2.089474909E-2,-2.837148122E-2,2.259198017E-2
6.839750604E1,1.237424556E-2,-3.293001652E-2,1.806733385E-2
6.840751404E1,-2.058489015E-3,-2.899599448E-2,8.233346045E-3
6.841752204E1,-1.018805522E-2,-1.749273762E-2,-3.105595242E-3
6.842752904E1,-1.184800360E-2,-5.374023691E-3,-1.366103441E-2
6.843753704E1,9.478671709E-4,7.235689089E-3,-2.245154604E-2
6.844754404E1,2.310270257E-2,2.427485958E-2,-2.292292565E-2
6.845755204E1,4.284693301E-2,3.242263570E-2,-1.639826968E-2
6.846756004E1,5.616007373E-2,3.348656744E-2,-7.279872894E-3
6.847756704E1,6.483130902E-2,2.746573277E-2,-1.012451015E-3
6.848757504E1,6.490641087E-2,9.222547524E-3,1.700777560E-3
6.849758304E1,5.032564700E-2,-1.404508762E-2,-7.452839636E-4
6.850759004E1,3.408649191E-2,-3.066880442E-2,-7.489738986E-3
6.851759804E1,2.117134444E-2,-2.663964406E-2,-1.265965402E-2
6.852760504E1,1.355337072E-2,-8.583412506E-3,-7.602578029E-3
6.853761304E1,1.069874875E-2,1.464621536E-2,3.240169724E-3
6.854762104E1,7.030243985E-3,1.890061423E-2,1.471173577E-2
6.855762804E1,1.937887864E-3,8.497065865E-4,1.311600208E-2
6.856763604E1,1.383151393E-3,-1.433217525E-2,7.938223425E-4
6.857764404E1,3.993784543E-3,-1.086036954E-2,-1.316034142E-2
6.858765104E1,5.021232180E-3,3.892476670E-3,-1.424824260E-2
6.859765904E1,-1.788331894E-3,3.575826436E-2,-4.835799802E-3
6.860766604E1,-1.321995072E-2,6.671751291E-2,7.297029253E-3
6.861767404E1,-3.050115332E-2,7.695673406E-2,1.744733565E-2
6.862768204E1,-4.331921041E-2,6.758452952E-2,2.299896069E-2
6.863768904E1,-4.532222077E-2,3.858703747E-2,2.550864033E-2
6.864769704E1,-2.757811360E-2,9.477354586E-3,2.283642441E-2
6.865770404E1,5.348534323E-3,-1.343165245E-2,1.975313388E-2
6.866771204E1,3.759542108E-2,-2.468110994E-2,1.628995873E-2
6.867772004E1,6.316169351E-2,-3.057852015E-2,1.477618515E-2
6.868772704E1,7.642929256E-2,-2.753452584E-2,9.985956363E-3
6.869773504E1,7.831170410E-2,-2.716824226E-2,-5.874934141E-4
6.870774304E1,7.191239297E-2,-2.644173242E-2,-5.726595409E-3
6.871775004E1,6.760013103E-2,-2.126572654E-2,-7.848369889E-3
6.872775804E1,6.616894901E-2,-1.153347082E-2,-8.117349818E-3
6.873776504E1,6.343562901E-2,-2.520841081E-3,-1.131333970E-2
6.874777304E1,5.810824409E-2,5.846708082E-4,-8.648049086E-3
6.875778104E1,4.549010843E-2,-3.233636729E-3,-1.922284439E-2
6.876778804E1,2.559496276E-2,-8.299235255E-3,-2.972555347E-2
6.877779604E1,-2.372021845E-4,-1.032952592E-2,-3.711706400E-2
6.878780404E1,-2.920813486E-2,-1.695706882E-2,-4.636915401E-2
6.879781104E1,-4.656852409E-2,-1.466083340E-2,-5.013978109E-2
6.880781904E1,-5.388955399E-2,1.053297892E-4,-4.500334337E-2
6.881782604E1,-5.049101636E-2,1.475868002E-2,-4.070363566E-2
6.882783404E1,-3.082969785E-2,2.665821649E-2,-3.142944351E-2
6.883784204E1,-8.458687924E-3,3.013859689E-2,-1.975950599E-2
6.884784904E1,5.599074066E-3,2.028969303E-2,-8.990214206E-3
6.885785704E1,1.203100197E-2,2.098728903E-3,-1.340168645E-3
6.886786404E1,1.424089260E-2,-8.589068428E-3,7.609650493E-3
6.887787204E1,1.271895971E-2,-4.885807633E-3,1.498326194E-2
6.888788004E1,-2.232047555E-4,4.032053519E-3,2.308113500E-2
6.889788704E1,-1.230495051E-2,1.283760369E-2,2.740416303E-2
6.890789504E1,-2.673795260E-2,1.590902731E-2,3.241516650E-2
6.891790292E1,-3.870624676E-2,8.364425972E-3,3.434510902E-2
6.892790992E1,-3.721088171E-2,-1.714840531E-3,3.516349941E-2
6.893791792E1,-2.747889608E-2,-2.072024718E-2,3.952081129E-2
6.894792492E1,-3.425756469E-3,-2.654324844E-2,4.206652567E-2
6.895793292E1,2.457932197E-2,-1.528912783E-2,5.545788258E-2
6.896794092E1,3.907277808E-2,-1.400743145E-3,6.122176349E-2
6.897794792E1,3.795081750E-2,8.227866143E-3,6.498345733E-2
6.898795592E1,2.657086588E-2,1.630150527E-2,5.896018445E-2
6.899796392E1,1.524745673E-2,2.050779387E-2,4.875410348E-2
6.900797092E1,6.441181991E-3,2.232300490E-2,3.109361790E-2
6.901797892E1,4.277385306E-3,2.092717402E-2,8.141651750E-3
6.902798592E1,8.176254109E-3,2.062703669E-2,-2.215074189E-2
6.903799392E1,1.092117280E-2,2.108243667E-2,-4.575673118E-2
6.904800192E1,-4.589342978E-3,4.015302286E-3,-5.424103141E-2
6.905800892E1,-2.719379775E-2,-1.621337608E-2,-6.018603966E-2
6.906801692E1,-4.520129412E-2,-1.231763512E-3,-4.974192008E-2
6.907802492E1,-5.428940058E-2,2.504739910E-2,-4.052327946E-2
6.908803192E1,-6.006446481E-2,4.567651451E-2,-3.437350690E-2
6.909803992E1,-6.771337986E-2,6.456775218E-2,-3.016632423E-2
6.910804692E1,-7.631353289E-2,6.488359720E-2,-3.114583530E-2
6.911805492E1,-8.150468022E-2,5.762510747E-2,-3.783243150E-2
6.912806292E1,-7.831554860E-2,4.774850979E-2,-4.430524632E-2
6.913806992E1,-7.120844722E-2,3.553969786E-2,-5.229825899E-2
6.914807792E1,-6.465494633E-2,2.742904052E-2,-6.100147218E-2
6.915808492E1,-5.671450868E-2,1.718422212E-2,-7.005908340E-2
6.916809292E1,-4.421629384E-2,1.126161870E-2,-7.293130457E-2
6.917810092E1,-2.434904873E-2,1.507165469E-2,-6.470863521E-2
6.918810792E1,-9.952550754E-4,2.468646690E-2,-5.309619009E-2
6.919811592E1,2.812986076E-2,3.896556422E-2,-3.271120787E-2
6.920812392E1,5.337342992E-2,4.405619577E-2,-2.004601248E-2
6.921813092E1,6.734460592E-2,4.451353848E-2,-1.191806141E-2
6.922813892E1,7.213883102E-2,3.770836443E-2,-1.264856663E-2
6.923814592E1,6.969703734E-2,3.422774747E-2,-1.734866202E-2
6.924815392E1,6.229718029E-2,3.081677109E-2,-2.353704907E-2
6.925816192E1,5.372311920E-2,3.755858913E-2,-2.409676276E-2
6.926816892E1,4.834939167E-2,6.204902008E-2,-1.772754826E-2
6.927817692E1,4.204097018E-2,8.013251424E-2,-6.657817867E-3
6.928818492E1,3.223574534E-2,8.405135572E-2,-1.912863576E-3
6.929819192E1,2.483782731E-2,7.349072397E-2,2.510561608E-3
6.930819992E1,1.649947092E-2,5.044932291E-2,1.159194112E-2
6.931820692E1,6.715243217E-3,2.955448255E-2,1.752210222E-2
6.932821492E1,-5.131651415E-5,1.081701554E-2,2.922349982E-2
6.933822292E1,-3.221175168E-3,-2.790859900E-3,4.292574525E-2
6.934822992E1,-3.635829315E-3,-7.403988391E-3,4.790292680E-2
6.935823792E1,2.884096466E-3,-1.516145840E-2,5.957812443E-2
6.936824592E1,1.898636669E-2,-1.609835774E-2,6.704989076E-2
6.937825292E1,2.817181312E-2,-1.916461252E-2,6.654362381E-2
6.938826092E1,3.515675291E-2,-2.611865848E-2,9.096108377E-2
6.939826792E1,4.681602493E-2,-3.939812258E-2,1.045961455E-1
6.940827592E1,5.856802315E-2,-4.736523703E-2,1.110822782E-1
6.941828392E1,7.042837888E-2,-4.974286631E-2,1.113129258E-1
6.942829092E1,7.826739550E-2,-3.863908350E-2,1.012491062E-1
6.943829892E1,7.450138032E-2,-2.617754042E-2,9.851802140E-2
6.944830592E1,6.048649549E-2,-7.394264918E-3,9.633848816E-2
6.945831392E1,3.590636700E-2,3.785961308E-4,9.729716182E-2
6.946832192E1,8.603107184E-3,-5.513381213E-3,9.045256674E-2
6.947832892E1,-1.009062026E-2,-9.089589119E-3,7.988754660E-2
6.948833692E1,-4.065484274E-3,-6.493273191E-3,7.735460997E-2
6.949834492E1,1.995712705E-2,3.221200313E-3,7.110430300E-2
6.950835192E1,5.048680678E-2,1.976608858E-2,7.238954306E-2
6.951835992E1,7.581865042E-2,2.470731921E-2,7.757788152E-2
6.952836692E1,8.389175683E-2,3.210717812E-2,7.225928456E-2
6.953837492E1,7.013776898E-2,3.984600306E-2,5.914334953E-2
6.954838292E1,3.883283585E-2,4.413635656E-2,4.382697865E-2
6.955838992E1,3.903604345E-3,4.637157544E-2,2.780069038E-2
6.956839792E1,-3.035476618E-2,4.551030695E-2,1.187125780E-2
6.957840492E1,-5.376943946E-2,4.558148235E-2,-1.495399512E-3
6.958841292E1,-7.353196293E-2,4.545205086E-2,-1.169237681E-2
6.959842092E1,-8.276396990E-2,4.469524324E-2,-3.240434453E-3
6.960842792E1,-7.697851956E-2,3.943523392E-2,9.985889308E-3
6.961843592E1,-6.177702174E-2,3.425742686E-2,2.110010758E-2
6.962844392E1,-3.155280650E-2,2.579683252E-2,3.278286010E-2
6.963845092E1,-8.301978931E-3,8.647467941E-3,3.420299292E-2
6.964845892E1,5.250581540E-3,-9.338987991E-3,3.270390257E-2
6.965846592E1,8.474505506E-3,-2.781393006E-2,2.137308195E-2
6.966847392E1,1.444344874E-2,-2.149531618E-2,1.276840828E-2
6.967848192E1,1.721306890E-2,1.177624334E-3,1.096198801E-2
6.968848892E1,1.142974850E-2,1.499943063E-2,7.280434482E-3
6.969849692E1,7.594479248E-3,2.257143520E-2,3.479104955E-3
6.970850492E1,5.140908994E-3,2.907194570E-2,3.068977967E-3
6.971851192E1,3.284971928E-3,2.241987549E-2,1.856769319E-3
6.972851992E1,1.981088193E-3,1.227376424E-2,-3.220014507E-3
6.973852692E1,1.354371477E-2,1.372761000E-2,-6.306680385E-3
6.974853492E1,2.476467751E-2,1.948190294E-2,-5.830773618E-3
6.975854292E1,4.149001837E-2,2.703193016E-2,-2.953279763E-3
6.976854992E1,5.243667215E-2,3.549811989E-2,4.012379795E-4
6.977855792E1,4.755000398E-2,2.772016637E-2,-2.560474677E-4
6.978856492E1,3.550612181E-2,1.279634424E-2,-8.741944097E-3
6.979857292E1,2.274741419E-2,5.224785767E-3,-1.304882579E-2
6.980858092E1,1.304365322E-2,4.765124526E-3,-1.673756912E-2
6.981858792E1,1.421327144E-2,6.558568683E-3,-2.001448534E-2
6.982859592E1,2.113376185E-2,1.931590959E-2,-1.824188605E-2
6.983860392E1,3.199280053E-2,3.599022701E-2,-1.466020197E-2
6.984861092E1,3.621337935E-2,4.477972537E-2,-4.709566012E-3
6.985861892E1,3.100440279E-2,3.957078978E-2,2.857405692E-3
6.986862592E1,1.828168146E-2,2.720599808E-2,2.224372234E-3
6.987863392E1,7.424131036E-3,1.201257110E-2,1.586994855E-3
6.988864192E1,-1.015033480E-2,-3.319780342E-3,-1.197606442E-3
6.989864892E1,-2.322804369E-2,-1.525603794E-2,-9.816446342E-3
6.990865692E1,-2.264560945E-2,-1.369009912E-2,-1.354433969E-2
6.991866479E1,-1.469234470E-2,-4.402591381E-3,-1.500907820E-2
6.992867179E1,5.458196625E-3,9.261555970E-3,-1.158798113E-2
6.993867979E1,2.613468468E-2,2.788987756E-2,2.846767893E-4
6.994868679E1,3.473003581E-2,3.210166469E-2,-7.190686883E-4
6.995869479E1,3.235185891E-2,2.504450269E-2,-1.615122193E-3
6.996870279E1,2.764445543E-2,2.001618780E-2,-4.033538513E-3
6.997870979E1,1.465881243E-2,6.670982111E-3,-5.113871302E-3
6.998871779E1,3.894847818E-3,3.144158050E-3,-1.691443147E-3
6.999872479E1,-2.624144545E-3,7.169997785E-3,6.067396607E-3
7.000873279E1,-1.845397241E-2,8.891895413E-5,7.296179421E-3
7.001874079E1,-2.949008904E-2,1.587694511E-3,5.481601693E-3
7.002874779E1,-4.385917261E-2,1.305133104E-3,-1.997199142E-4
7.003875579E1,-6.572695822E-2,5.115880631E-4,-1.136930101E-2
7.004876379E1,-8.191817999E-2,-2.211227547E-3,-2.552400157E-2
7.005877079E1,-9.257486463E-2,-4.562697839E-3,-3.365616500E-2
7.006877879E1,-9.229417145E-2,-2.600299194E-5,-3.388306499E-2
7.007878579E1,-8.126401901E-2,9.584020823E-3,-2.092986926E-2
7.008879379E1,-6.426399946E-2,1.127965562E-2,-1.072144136E-2
7.009880179E1,-4.462868720E-2,1.055320352E-2,-4.822550341E-3
7.010880879E1,-2.362060919E-2,-2.952485345E-3,-4.518151283E-3
7.011881679E1,-2.816498745E-3,-1.256706752E-2,-1.160191279E-2
7.012882479E1,1.426954381E-2,-5.958967377E-3,-1.608294621E-2
7.013883179E1,1.996361092E-2,7.466901094E-3,-1.331940293E-2
7.014883979E1,1.805625483E-2,1.949533448E-2,-8.146211505E-3
7.015884679E1,1.202268433E-2,2.913713269E-2,-5.650398671E-4
7.016885479E1,6.444693543E-3,2.596770413E-2,1.295444323E-3
7.017886279E1,1.953181112E-3,1.309308782E-2,-1.528137014E-3
7.018886979E1,-2.733183559E-3,-4.729052540E-3,-6.948735099E-3
7.019887779E1,-1.150609087E-2,-2.244134620E-2,-1.484456100E-2
7.020888579E1,-1.951101981E-2,-2.624514140E-2,-2.400237322E-2
7.021889279E1,-2.678202279E-2,-1.290690154E-2,-1.954067498E-2
7.022890079E1,-3.097676672E-2,7.381059695E-3,-1.310115308E-2
7.023890779E1,-3.109980188E-2,1.826461405E-2,-8.774168789E-3
7.024891579E1,-2.553565986E-2,1.418757997E-2,-8.768042549E-3
7.025892379E1,-1.364138816E-2,4.818718415E-3,-3.619768657E-3
7.026893079E1,-2.304577734E-3,2.673761919E-4,1.212537172E-3
7.027893879E1,4.827330355E-3,-4.333691206E-3,7.862167433E-3
7.028894579E1,2.410778310E-3,-1.485237852E-2,7.889064960E-3
7.029895379E1,-6.014806218E-3,-2.099148743E-2,2.120626392E-3
7.030896179E1,-2.051731572E-2,-2.873036638E-2,-8.274223655E-3
7.031896879E1,-3.583858535E-2,-3.342400119E-2,-1.962383278E-2
7.032897679E1,-4.570665956E-2,-3.846696392E-2,-3.067169152E-2
7.033898479E1,-4.327193275E-2,-3.838558123E-2,-4.172700644E-2
7.034899179E1,-2.926290780E-2,-2.884799987E-2,-4.587781057E-2
7.035899979E1,-2.198564261E-2,-2.115050331E-2,-5.047905073E-2
7.036900679E1,-1.925909892E-2,-9.134854190E-3,-4.934853688E-2
7.037901479E1,-1.586294733E-2,1.603913493E-3,-4.187721014E-2
7.038902279E1,-1.382429805E-2,8.608560078E-3,-3.592291474E-2
7.039902979E1,-7.261672989E-3,1.796810888E-2,-2.939965017E-2
7.040903779E1,8.258144371E-4,1.788608357E-2,-2.203654312E-2
7.041904579E1,7.854316384E-3,7.409974001E-3,-1.960778981E-2
7.042905279E1,1.173161250E-2,-1.438826695E-2,-2.092925087E-2
7.043906079E1,9.272183292E-3,-3.415238112E-2,-2.184031717E-2
7.044906779E1,9.320120327E-3,-4.300419614E-2,-1.977982931E-2
7.045907579E1,1.054224465E-2,-3.964701667E-2,-2.116680518E-2
7.046908379E1,1.465682872E-2,-2.174045518E-2,-1.731161214E-2
7.047909079E1,2.044335753E-2,5.692742299E-3,-8.214869536E-3
7.048909879E1,2.270944230E-2,1.529104076E-2,-8.245977224E-4
7.049910679E1,3.084831499E-2,1.379940845E-2,4.975435790E-3
7.050911379E1,4.734420031E-2,1.457172539E-2,1.039177179E-2
7.051912179E1,6.536096334E-2,1.242639124E-2,1.963726990E-2
7.052912879E1,7.619657367E-2,4.857421387E-3,2.970987745E-2
7.053913679E1,7.190714031E-2,-9.600322694E-3,2.527556196E-2
7.054914479E1,5.326581746E-2,-2.117122523E-2,1.470174920E-2
7.055915179E1,3.038052283E-2,-2.002297342E-2,8.866162971E-3
7.056915979E1,3.060219111E-3,-1.912149414E-2,1.949934522E-3
7.057916679E1,-1.803824306E-2,-1.706798933E-2,-7.898302749E-3
7.058917479E1,-2.306762151E-2,-6.588716526E-3,-7.898569107E-3
7.059918279E1,-1.531281322E-2,5.000131205E-3,-4.214819055E-3
7.060918979E1,-5.593872629E-3,8.583680727E-3,-1.001598313E-2
7.061919779E1,6.157310680E-3,1.188467629E-2,-1.230876241E-2
7.062920579E1,6.957590580E-3,6.541843060E-3,-2.162822895E-2
7.063921279E1,2.957624849E-3,5.054279696E-3,-2.597236075E-2
7.064922079E1,-2.298123669E-3,3.128281562E-3,-3.010691889E-2
7.065922779E1,-8.447665721E-3,-1.063456759E-3,-3.674513102E-2
7.066923579E1,-6.354954559E-3,-3.392125014E-3,-4.377507791E-2
7.067924379E1,-2.445916645E-3,-6.343276706E-3,-4.459965602E-2
7.068925079E1,-2.986538457E-3,-8.204825222E-3,-4.681247845E-2
7.069925879E1,5.793072050E-4,4.571664147E-3,-4.898599908E-2
7.070926679E1,7.963187993E-3,2.482234128E-2,-4.805895314E-2
7.071927379E1,2.054930106E-2,4.191929102E-2,-4.119272903E-2
7.072928179E1,3.343980387E-2,5.220095813E-2,-2.741912380E-2
7.073928879E1,3.956736252E-2,4.831507057E-2,-1.725252159E-2
7.074929679E1,4.499781504E-2,3.239389509E-2,-1.224524714E-2
7.075930479E1,4.326964170E-2,6.949359551E-3,-1.973265782E-2
7.076931179E1,3.283697367E-2,-1.827850007E-2,-3.528711572E-2
7.077931979E1,1.659919135E-2,-2.527549863E-2,-4.377737641E-2
7.078932679E1,-9.296321310E-3,-3.231956065E-2,-5.418314785E-2
7.079933479E1,-2.790800668E-2,-1.761696674E-2,-6.164871529E-2
7.080934279E1,-3.585061803E-2,5.014041904E-3,-6.112061068E-2
7.081934979E1,-3.704017401E-2,2.358146012E-2,-5.974863470E-2
7.082935779E1,-2.128837630E-2,4.259084165E-2,-5.004114658E-2
7.083936579E1,-1.789559377E-3,5.012582242E-2,-4.144439474E-2
7.084937279E1,1.768693700E-2,4.174511880E-2,-4.229394346E-2
7.085938079E1,3.103601560E-2,2.639706805E-2,-4.256405309E-2
7.086938779E1,3.970034420E-2,1.447596028E-2,-4.576703534E-2
7.087939579E1,3.994638473E-2,1.049408130E-2,-4.796975479E-2
7.088940379E1,3.656044230E-2,9.626423009E-3,-4.468154907E-2
7.089941079E1,2.215930447E-2,5.642009899E-3,-4.908560961E-2
7.090941879E1,9.577464312E-3,1.181481406E-3,-5.012876913E-2
7.091942708E1,-3.382203169E-3,-1.278628595E-3,-5.930545181E-2
7.092943408E1,-7.837405428E-3,8.039506152E-3,-6.274040043E-2
7.093944208E1,1.500951010E-3,2.631919645E-2,-5.544472858E-2
7.094944908E1,1.116582938E-2,3.055655211E-2,-5.408518761E-2
7.095945708E1,2.043370530E-2,2.886741608E-2,-4.954206571E-2
7.096946508E1,2.783303335E-2,2.272616699E-2,-4.614307359E-2
7.097947208E1,2.269275114E-2,1.150411088E-2,-3.984235227E-2
7.098948008E1,1.642047428E-2,5.518123507E-3,-3.290694952E-2
7.099948808E1,6.919215433E-3,2.044084948E-3,-2.539723366E-2
7.100949508E1,-3.037811024E-3,-5.781347398E-3,-2.499189973E-2
7.101950308E1,-8.873088285E-3,-9.479893371E-3,-2.645620704E-2
7.102951008E1,-1.267714798E-2,-1.439582184E-2,-2.311527170E-2
7.103951808E1,-1.315749157E-2,-1.475498267E-2,-2.053350396E-2
7.104952608E1,-9.628270753E-3,-7.929034531E-3,-1.937316544E-2
7.105953308E1,-1.329235674E-4,7.965601981E-5,-1.327846944E-2
7.106954108E1,4.914832301E-3,3.865872277E-3,-8.087703027E-3
7.107954908E1,7.231122814E-3,-1.215999015E-3,-1.042687334E-2
7.108955608E1,1.268341299E-2,-3.280747682E-3,-1.302824914E-2
7.109956408E1,1.909199171E-2,-4.829800222E-3,-1.443246752E-2
7.110957108E1,1.405275892E-2,-1.136999018E-2,-2.384327911E-2
7.111957908E1,4.042850342E-3,-1.459955610E-2,-3.574661165E-2
7.112958708E1,-2.468312159E-3,-2.845962066E-3,-4.178613052E-2
7.113959408E1,-1.120360848E-2,8.044745773E-3,-4.223658517E-2
7.114960208E1,-1.526626106E-2,2.193765715E-2,-4.126586393E-2
7.115960908E1,-1.157868002E-2,3.238195553E-2,-3.806236386E-2
7.116961708E1,-7.949324325E-3,3.304827958E-2,-3.438427299E-2
7.117962508E1,-6.999698235E-5,1.737193391E-2,-3.667297587E-2
7.118963208E1,1.375047676E-2,9.216270410E-3,-3.469664231E-2
7.119964008E1,2.200372890E-2,2.062865533E-4,-2.937985770E-2
7.120964808E1,1.954776235E-2,-1.935649477E-2,-3.022328205E-2
7.121965508E1,1.993886381E-2,-1.705980860E-2,-2.792235836E-2
7.122966308E1,2.422628738E-2,1.973005012E-3,-2.076218650E-2
7.123967008E1,3.153624758E-2,2.081222832E-2,-1.778365672E-2
7.124967808E1,3.302788362E-2,2.881609276E-2,-2.002230845E-2
7.125968608E1,2.832200378E-2,2.843703888E-2,-2.450109832E-2
7.126969308E1,1.672420278E-2,2.316184901E-2,-2.678395994E-2
7.127970108E1,-3.182330634E-3,2.462010831E-3,-3.090975992E-2
7.128970908E1,-2.356829681E-2,-7.173305843E-3,-3.484937549E-2
7.129971608E1,-3.234142810E-2,-1.014586352E-2,-2.951524965E-2
7.130972408E1,-3.420031443E-2,-5.674417131E-3,-1.455334481E-2
7.131973108E1,-2.919445559E-2,9.572915733E-4,8.777715266E-7
7.132973908E1,-2.420475706E-2,-5.135754589E-3,1.133582368E-2
7.133974708E1,-1.340917218E-2,-1.102653146E-2,1.773913391E-2
7.134975408E1,-4.897443578E-3,-1.677789539E-2,2.084198222E-2
7.135976208E1,6.236762274E-3,-1.485095918E-2,2.137739584E-2
7.136977008E1,1.485022344E-2,-7.329660002E-3,3.426176682E-2
7.137977708E1,1.980047114E-2,-9.100330062E-4,4.413675144E-2
7.138978508E1,1.989714429E-2,-9.093926288E-3,5.245886371E-2
7.139979208E1,1.509736665E-2,-2.672016248E-2,5.445903167E-2
7.140980008E1,1.046053600E-2,-4.360886663E-2,4.798595235E-2
7.141980808E1,4.679561593E-3,-4.872442037E-2,3.903140500E-2
7.142981508E1,1.612931257E-3,-2.768811397E-2,3.155245259E-2
7.143982308E1,1.441258239E-3,1.036987081E-2,3.286886960E-2
7.144983008E1,-5.501336418E-3,3.878499940E-2,3.707826138E-2
7.145983808E1,-1.210234687E-2,4.774008691E-2,3.963529691E-2
7.146984608E1,-1.982817799E-2,3.765948862E-2,4.149977490E-2
7.147985308E1,-2.179520205E-2,9.872091934E-3,4.281705245E-2
7.148986108E1,-1.594876312E-2,-2.038141713E-2,4.816148430E-2
7.149986908E1,-7.267988753E-3,-4.187301174E-2,5.551980063E-2
7.150987608E1,1.359321643E-3,-5.455072597E-2,5.957499892E-2
7.151988408E1,4.859604407E-3,-6.143116951E-2,6.319459528E-2
7.152989108E1,3.386077238E-3,-5.736105889E-2,6.278526783E-2
7.153989908E1,7.439625449E-3,-4.353062809E-2,6.278027594E-2
7.154990708E1,1.686188951E-2,-2.201681398E-2,6.341756880E-2
7.155991408E1,2.730237879E-2,-1.268863678E-3,6.541534513E-2
7.156992208E1,3.185451776E-2,1.031029411E-2,7.054672390E-2
7.157993008E1,3.888982907E-2,1.027479582E-2,7.673432678E-2
7.158993708E1,4.482228681E-2,-1.249234658E-3,8.128806949E-2
7.159994508E1,5.193221569E-2,-1.430956274E-2,8.270801604E-2
7.160995208E1,5.683243275E-2,-2.650950104E-2,7.916894555E-2
7.161996008E1,5.271953717E-2,-3.566960990E-2,7.448080927E-2
7.162996808E1,5.141432211E-2,-3.194278106E-2,6.623006612E-2
7.163997508E1,4.225631058E-2,-2.023275942E-2,5.807410553E-2
7.164998308E1,3.082974814E-2,-7.659176830E-3,5.171314627E-2
7.165999108E1,1.890013181E-2,4.263001960E-3,4.825243726E-2
7.166999808E1,7.666118443E-3,2.777224407E-3,4.053778946E-2
7.168000608E1,-4.533910658E-3,-2.367310226E-3,3.320148215E-2
7.169001308E1,-1.415937394E-2,-8.959965780E-3,1.999752782E-2
7.170002108E1,-2.516895905E-2,-1.935625263E-2,9.815431200E-3
7.171002908E1,-3.649272025E-2,-3.570966050E-2,8.195396513E-4
7.172003608E1,-4.566147551E-2,-4.830502719E-2,-5.304765888E-3
7.173004408E1,-5.570931733E-2,-6.814584136E-2,-1.174082793E-2
7.174005208E1,-6.006658822E-2,-7.064133137E-2,-8.407115936E-3
7.175005908E1,-4.982220754E-2,-5.773006380E-2,-9.550584364E-4
7.176006708E1,-3.052918985E-2,-3.362102062E-2,1.118407864E-2
7.177007408E1,-7.211618125E-3,-7.954807952E-3,2.105615102E-2
7.178008208E1,1.439451985E-2,3.396564862E-3,3.299754858E-2
7.179009008E1,2.746052109E-2,3.086839104E-3,4.316389933E-2
7.180009708E1,3.883356228E-2,-6.761314813E-3,5.189989880E-2
7.181010508E1,4.574739560E-2,-1.122237742E-2,6.724290550E-2
7.182011308E1,5.805860460E-2,-1.224518754E-2,8.184188604E-2
7.183012008E1,6.480918080E-2,-1.461619884E-2,9.326472133E-2
7.184012808E1,6.523322314E-2,-2.132323943E-2,9.729979187E-2
7.185013508E1,5.607381463E-2,-3.629926220E-2,9.509682655E-2
7.186014308E1,4.167189449E-2,-5.166367441E-2,8.352748305E-2
7.187015108E1,1.784272864E-2,-6.529772282E-2,6.851231307E-2
7.188015808E1,-9.368424304E-3,-7.295370102E-2,5.664125830E-2
7.189016608E1,-3.249984235E-2,-6.269200146E-2,5.093570426E-2
7.190017408E1,-4.092035070E-2,-4.595830292E-2,5.396614596E-2
7.191018108E1,-3.803481534E-2,-2.584504709E-2,5.661412701E-2
7.192018846E1,-2.999711595E-2,-1.123819873E-2,6.289735436E-2
7.193019546E1,-1.598009840E-2,-6.282588933E-3,6.863992661E-2
7.194020346E1,-2.868446521E-3,-9.976865724E-3,6.798792630E-2
7.195021146E1,8.949063718E-3,-2.150275931E-2,6.461822987E-2
7.196021846E1,1.962576248E-2,-3.256095946E-2,5.693595484E-2
7.197022646E1,2.636888623E-2,-4.233475775E-2,5.098379031E-2
7.198023446E1,1.633958891E-2,-5.138686299E-2,3.882932290E-2
7.199024146E1,5.315700546E-3,-5.120922998E-2,2.824245766E-2
7.200024946E1,-1.061119419E-2,-4.244849831E-2,1.970519684E-2
7.201025646E1,-1.981987059E-2,-2.951432392E-2,1.089599077E-2
7.202026446E1,-1.874672063E-2,-1.073991507E-2,6.442371756E-3
7.203027246E1,-7.270094007E-3,2.742338693E-3,-4.895705497E-4
7.204027946E1,3.214024706E-3,5.291429348E-3,-1.034398377E-2
7.205028746E1,1.901242882E-2,7.987880148E-3,-1.582263783E-2
7.206029546E1,3.287050501E-2,1.185015962E-2,-1.769251004E-2
7.207030246E1,3.769508749E-2,1.318174042E-2,-1.858972758E-2
7.208031046E1,3.629639372E-2,1.046078838E-2,-2.042038552E-2
7.209031746E1,2.685069479E-2,6.229025312E-3,-2.881866321E-2
7.210032546E1,1.109221298E-2,1.742982771E-3,-3.787004948E-2
7.211033346E1,6.680676597E-4,-1.972659957E-3,-4.461477324E-2
7.212034046E1,-1.072829776E-2,-4.881572444E-3,-4.529720917E-2
7.213034846E1,-1.660908945E-2,-2.026646398E-4,-3.961535171E-2
7.214035546E1,-1.584934071E-2,1.218236983E-3,-3.153072670E-2
7.215036346E1,-1.157443412E-2,-3.772793803E-3,-2.133375034E-2
7.216037146E1,-4.628148396E-3,-5.300838035E-3,-1.936915331E-2
7.217037846E1,3.580779303E-3,-8.996240795E-3,-1.879044808E-2
7.218038646E1,8.434275165E-3,-6.587193348E-3,-1.487313677E-2
7.219039446E1,7.308823522E-3,-1.074225828E-2,-9.474110790E-3
7.220040146E1,-4.130448797E-4,-1.499790233E-2,-5.107728764E-3
7.221040946E1,-4.758791067E-3,-1.940916106E-2,3.808001988E-3
7.222041646E1,-7.729600184E-3,-2.338839509E-2,9.741028771E-3
7.223042446E1,-6.741833873E-3,-2.371969074E-2,1.522847172E-2
7.224043246E1,-2.894114237E-3,-2.708293498E-2,1.525214128E-2
7.225043946E1,1.258552889E-3,-2.743367478E-2,1.748227328E-2
7.226044746E1,6.075716577E-3,-2.539004385E-2,2.280834503E-2
7.227045546E1,4.713776056E-3,-2.585449815E-2,2.891603857E-2
7.228046246E1,4.782257136E-3,-2.104384266E-2,3.617610037E-2
7.229047046E1,5.795589648E-3,-1.102849282E-2,3.736892715E-2
7.230047746E1,7.442844100E-3,-6.951915100E-3,3.827062622E-2
7.231048546E1,1.013663132E-2,-8.458731696E-3,3.585700318E-2
7.232049346E1,1.224595681E-2,-8.308449760E-3,3.491399437E-2
7.233050046E1,1.349497959E-2,-6.833591033E-3,3.622053936E-2
7.234050846E1,9.644148871E-3,-5.758151412E-3,3.362355754E-2
7.235051646E1,3.897314426E-3,-6.467618048E-3,3.461611643E-2
7.236052346E1,-7.255344186E-3,-7.912892848E-3,3.523648158E-2
7.237053146E1,-1.669012383E-2,-1.259925589E-2,2.782011405E-2
7.238053846E1,-2.037252672E-2,-1.483647525E-2,2.574637532E-2
7.239054646E1,-2.467246726E-2,-2.042059228E-2,2.125175856E-2
7.240055446E1,-2.649602480E-2,-2.311128378E-2,1.462944411E-2
7.241056146E1,-2.324483730E-2,-1.564244740E-2,1.525715180E-2
7.242056946E1,-2.180621959E-2,-2.653666772E-3,2.534761839E-2
7.243057746E1,-1.332991011E-2,1.369760931E-2,3.635179996E-2
7.244058446E1,-8.312404156E-3,1.780853048E-2,4.320884123E-2
7.245059246E1,-6.067625247E-3,5.580627359E-3,3.748730570E-2
7.246059946E1,-8.909712546E-3,-1.201253571E-2,2.687983401E-2
7.247060746E1,-1.989178918E-2,-3.340490907E-2,1.936918683E-2
7.248061546E1,-3.651779145E-2,-4.524502903E-2,1.568581909E-2
7.249062246E1,-4.958778620E-2,-4.374886304E-2,1.787493750E-2
7.250063046E1,-5.389656499E-2,-3.032749146E-2,2.327136882E-2
7.251063846E1,-4.683519527E-2,-1.007707976E-2,3.384145349E-2
7.252064546E1,-2.993075363E-2,1.773401164E-3,4.414186254E-2
7.253065346E1,-8.373264223E-3,5.366804078E-3,4.990787059E-2
7.254066046E1,9.119127877E-3,-2.875472419E-4,6.025070697E-2
7.255066846E1,2.318647690E-2,-7.208836731E-3,6.643936038E-2
7.256067646E1,3.015393764E-2,-1.810161024E-2,6.973930448E-2
7.257068346E1,3.070574440E-2,-1.835434511E-2,6.698559225E-2
7.258069146E1,2.123760059E-2,-1.410085149E-2,6.194792315E-2
7.259069946E1,5.095381290E-3,-1.812222414E-2,5.192378536E-2
7.260070646E1,-1.824385114E-2,-2.313733101E-2,3.734580800E-2
7.261071446E1,-3.388486430E-2,-2.367795259E-2,3.001625650E-2
7.262072146E1,-4.259101301E-2,-1.996973902E-2,2.690443583E-2
7.263072946E1,-3.415172175E-2,-8.169539273E-3,2.883416228E-2
7.264073746E1,-1.912085526E-2,4.361991771E-3,3.313897923E-2
7.265074446E1,-3.677983768E-3,2.297243103E-3,3.283085302E-2
7.266075246E1,4.302951973E-3,-7.519114763E-3,2.946105413E-2
7.267076046E1,3.673114348E-3,-2.358623222E-2,2.182044461E-2
7.268076746E1,-5.446095020E-3,-3.223162144E-2,1.406487077E-2
7.269077546E1,-1.877388358E-2,-2.954662405E-2,5.894825328E-3
7.270078246E1,-2.574464306E-2,-2.288404107E-2,-1.496779500E-3
7.271079046E1,-2.680031955E-2,-1.011258643E-2,-7.554405835E-3
7.272079846E1,-2.130927704E-2,1.410891302E-3,-7.483947091E-3
7.273080546E1,-1.629534364E-2,-2.294364385E-3,-4.589890130E-3
7.274081346E1,-1.352218166E-2,-1.207538135E-2,-1.267816406E-4
7.275082046E1,-6.239234935E-3,-1.654336788E-2,1.366452780E-3
7.276082846E1,-6.804611534E-3,-2.322207019E-2,9.586396627E-4
7.277083646E1,-9.794541635E-3,-2.841842920E-2,-9.889299981E-4
7.278084346E1,-1.171755977E-2,-2.777644992E-2,-1.250669593E-4
7.279085146E1,-1.780181751E-2,-2.932561189E-2,-2.834833227E-3
7.280085946E1,-1.946835965E-2,-2.793155611E-2,-1.694469247E-3
7.281086646E1,-2.288120054E-2,-2.633259445E-2,2.828376833E-3
7.282087446E1,-2.090534940E-2,-2.346210741E-2,9.271680377E-3
7.283088146E1,-1.722912304E-2,-2.279392071E-2,1.534422114E-2
7.284088946E1,-8.625831455E-3,-2.502820455E-2,1.783221215E-2
7.285089746E1,-3.476620186E-4,-2.353709936E-2,2.398864180E-2
7.286090446E1,8.048769087E-4,-2.362721786E-2,2.799773030E-2
7.287091246E1,1.171061536E-3,-2.927471511E-2,2.873223089E-2
7.288092046E1,5.741489585E-4,-3.299764171E-2,2.414864674E-2
7.289092746E1,3.238908015E-3,-3.381230310E-2,1.399960648E-2
7.290093546E1,1.895518741E-3,-3.377772495E-2,4.551175982E-3
7.291094246E1,3.345077159E-3,-2.692834288E-2,-6.435859250E-4
7.292095042E1,5.758648738E-3,-1.508012228E-2,3.097439185E-4
7.293095842E1,6.511790678E-3,-1.110242493E-2,2.591438824E-4
7.294096542E1,6.457996555E-3,-9.340193123E-3,-1.562843216E-3
7.295097342E1,7.881988771E-3,-1.034313813E-2,-9.675897658E-3
7.296098142E1,4.885372706E-3,-1.210585050E-2,-1.895166934E-2
7.297098842E1,2.618583967E-4,-1.339721680E-2,-2.199885808E-2
7.298099642E1,-2.195858397E-3,-6.931276992E-3,-2.566556446E-2
7.299100342E1,8.944737492E-4,1.783384942E-3,-1.613251306E-2
7.300101142E1,1.044313796E-2,1.012221351E-2,-1.662895083E-3
7.301101942E1,1.932664402E-2,7.386614569E-3,8.098921739E-3
7.302102642E1,1.417857502E-2,-5.199663807E-3,7.973438129E-3
7.303103442E1,-3.861944424E-3,-2.061617002E-2,-3.943941090E-3
7.304104242E1,-3.408042714E-2,-3.205207363E-2,-2.282720059E-2
7.305104942E1,-6.222125143E-2,-2.759553865E-2,-2.763660252E-2
7.306105742E1,-7.267399132E-2,-1.474557631E-2,-2.309657820E-2
7.307106442E1,-6.401339173E-2,1.486390363E-3,-1.512334123E-2
7.308107242E1,-4.090636224E-2,9.400001727E-3,-7.193995174E-3
7.309108042E1,-1.048827078E-2,3.652279265E-4,-1.274853712E-3
7.310108742E1,1.396833640E-2,-1.035399549E-2,-2.125733532E-3
7.311109542E1,3.287491947E-2,-1.632746495E-2,1.365404227E-3
7.312110342E1,4.363347962E-2,-1.383139007E-2,3.279916942E-3
7.313111042E1,5.002266914E-2,-1.275067963E-2,8.846700657E-4
7.314111842E1,4.735853150E-2,-9.388361126E-3,-4.220659379E-3
7.315112542E1,4.406499863E-2,-1.340020914E-3,-1.304531004E-2
7.316113342E1,3.680332005E-2,5.720897578E-3,-2.453287132E-2
7.317114142E1,2.855790593E-2,1.108849794E-2,-3.784521669E-2
7.318114842E1,2.175734751E-2,7.596374489E-3,-5.253073573E-2
7.319115642E1,1.583447680E-2,-4.761996679E-4,-6.094152853E-2
7.320116442E1,2.099484764E-2,-4.068190232E-3,-6.868575513E-2
7.321117142E1,3.470346704E-2,-2.645796165E-3,-6.725137681E-2
7.322117942E1,5.408865958E-2,1.337167807E-3,-6.359522045E-2
7.323118642E1,7.922144234E-2,1.038871985E-2,-6.306391954E-2
7.324119442E1,9.751955420E-2,1.027141232E-2,-7.388821989E-2
7.325120242E1,1.092467830E-1,8.889231831E-3,-8.436882496E-2
7.326120942E1,1.134695113E-1,8.478519507E-3,-9.425225109E-2
7.327121742E1,1.198565736E-1,9.507831186E-3,-9.416915476E-2
7.328122542E1,1.279495656E-1,-2.412317321E-3,-9.524091333E-2
7.329123242E1,1.381619871E-1,-1.559123583E-2,-9.470321983E-2
7.330124042E1,1.550700217E-1,-5.406282376E-3,-9.873855859E-2
7.331124742E1,1.876255572E-1,9.261609986E-3,-1.016874835E-1
7.332125542E1,2.616723478E-1,3.554092348E-2,-8.862665296E-2
7.333126342E1,3.582375050E-1,6.786930561E-2,-6.621509045E-2
7.334127042E1,4.636772871E-1,1.018665731E-1,-3.393873945E-2
7.335127842E1,5.650377274E-1,8.015462011E-2,-1.785511337E-2
7.336128642E1,6.663770676E-1,7.675281167E-2,-5.045772996E-3
7.337129342E1,7.013097405E-1,6.790392101E-2,3.627237305E-2
7.338130142E1,6.965298653E-1,7.745905221E-2,6.783051789E-2
7.339130842E1,6.540164351E-1,8.509566635E-2,9.317369014E-2
7.340131642E1,5.833529830E-1,7.863574475E-2,1.042540669E-1
7.341132442E1,5.175700188E-1,6.408583373E-2,1.107042432E-1
7.342133142E1,4.491406977E-1,3.408939019E-2,1.038406938E-1
7.343133942E1,3.904901743E-1,-1.164469868E-3,8.299586922E-2
7.344134742E1,3.486941457E-1,-1.039317064E-2,8.219864964E-2
7.345135442E1,3.181902766E-1,-4.646601621E-3,1.006152108E-1
7.346136242E1,2.950427532E-1,-5.052418448E-3,9.397608042E-2
7.347136942E1,2.757390738E-1,1.565632224E-2,1.120392382E-1
7.348137742E1,2.644055486E-1,1.825194806E-2,1.322862953E-1
7.349138542E1,2.336713374E-1,4.569426179E-3,1.362347007E-1
7.350139242E1,1.906665266E-1,-1.772826537E-2,1.354993582E-1
7.351140042E1,1.483265311E-1,-4.653913900E-2,1.213364005E-1
7.352140842E1,1.051669717E-1,-7.068847120E-2,1.069231704E-1
7.353141542E1,5.897710472E-2,-8.589752018E-2,8.807411790E-2
7.354142342E1,2.904336900E-3,-8.913504332E-2,6.610698253E-2
7.355143042E1,-5.076927692E-2,-7.556251436E-2,4.916395247E-2
7.356143842E1,-9.255862236E-2,-5.216964334E-2,2.683978900E-2
7.357144642E1,-1.072819084E-1,-2.152465098E-2,5.531037692E-3
7.358145342E1,-1.002944857E-1,6.881499663E-3,-1.255453937E-2
7.359146142E1,-8.420100063E-2,2.980332822E-2,-3.257245570E-2
7.360146942E1,-7.179468125E-2,3.502821177E-2,-4.667434469E-2
7.361147642E1,-7.116271555E-2,1.602841914E-2,-5.034285039E-2
7.362148442E1,-7.454514503E-2,-9.281009436E-3,-5.638574064E-2
7.363149142E1,-7.540055364E-2,-3.253040463E-2,-6.347268075E-2
7.364149942E1,-7.133737206E-2,-4.751865193E-2,-6.547342986E-2
7.365150742E1,-6.286932528E-2,-4.484590143E-2,-6.281426549E-2
7.366151442E1,-5.789990351E-2,-4.038052633E-2,-5.784150958E-2
7.367152242E1,-5.363298580E-2,-3.062989749E-2,-5.113993213E-2
7.368152942E1,-4.653540999E-2,-1.370412577E-2,-4.114459082E-2
7.369153742E1,-3.543109074E-2,3.198958235E-3,-3.687740490E-2
7.370154542E1,-2.382188477E-2,1.187610254E-2,-2.618797682E-2
7.371155242E1,-1.134817116E-2,1.501916535E-2,-1.188413985E-2
7.372156042E1,-1.559932949E-3,1.820049435E-2,5.219312152E-4
7.373156842E1,3.294210648E-3,1.725107618E-2,1.481272094E-2
7.374157542E1,-1.921920921E-3,6.438246462E-3,2.308491431E-2
7.375158342E1,-1.486195438E-2,-1.188217197E-2,2.179541066E-2
7.376159042E1,-3.478956595E-2,-2.584890649E-2,2.138352022E-2
7.377159842E1,-5.285724998E-2,-2.796159312E-2,2.458144538E-2
7.378160642E1,-6.017838046E-2,-2.217406221E-2,3.469226882E-2
7.379161342E1,-6.674040854E-2,-1.732071862E-2,3.838474303E-2
7.380162142E1,-5.667429045E-2,-1.445672009E-3,3.649429604E-2
7.381162942E1,-4.038613290E-2,1.569549739E-2,3.354271129E-2
7.382163642E1,-1.212763507E-2,2.868993580E-2,2.743207291E-2
7.383164442E1,2.610284276E-2,3.285858408E-2,1.405847818E-2
7.384165142E1,4.860600829E-2,1.646203734E-2,1.568187587E-2
7.385165942E1,6.572400779E-2,-1.450306922E-2,2.481944673E-2
7.386166742E1,6.954985112E-2,-1.395115443E-2,3.443166241E-2
7.387167442E1,6.140004843E-2,-1.746253297E-2,4.633758962E-2
7.388168242E1,5.477511510E-2,-1.892902702E-2,5.370742083E-2
7.389169042E1,5.569949746E-2,-4.257939290E-3,5.743531510E-2
7.390169742E1,7.153008878E-2,1.041296124E-2,6.447962672E-2
7.391170542E1,9.062948078E-2,1.239568554E-2,6.057010219E-2
7.392171271E1,1.181231961E-1,2.325757407E-2,6.231209263E-2
7.393172071E1,1.411627382E-1,2.524029836E-2,5.613862351E-2
7.394172871E1,1.518367678E-1,2.669765800E-2,5.204902217E-2
7.395173571E1,1.525867134E-1,3.709730133E-2,5.468874797E-2
7.396174371E1,1.461248845E-1,4.219608009E-2,5.406476557E-2
7.397175171E1,1.373305917E-1,4.653357342E-2,4.554717615E-2
7.398175871E1,1.198166236E-1,4.436165467E-2,3.831097111E-2
7.399176671E1,1.033281982E-1,5.152023211E-2,3.126504645E-2
7.400177371E1,8.494161814E-2,5.857361108E-2,1.953951269E-2
7.401178171E1,5.833637342E-2,6.321842968E-2,7.116664667E-3
7.402178971E1,3.015860729E-2,8.312351257E-2,3.581470577E-3
7.403179671E1,5.705729127E-3,1.129557118E-1,3.797452664E-3
7.404180471E1,-7.093715481E-3,1.372019947E-1,5.587145686E-3
7.405181271E1,-1.297796890E-2,1.541444957E-1,6.749082822E-3
7.406181971E1,-1.794607192E-2,1.526219100E-1,1.020117197E-2
7.407182771E1,-3.157399967E-2,1.388890594E-1,1.772460341E-2
7.408183471E1,-4.975566640E-2,1.175779179E-1,2.631622739E-2
7.409184271E1,-7.704268396E-2,9.809689969E-2,2.840734087E-2
7.410185071E1,-1.042774990E-1,8.087953180E-2,3.139845654E-2
7.411185771E1,-1.289729923E-1,7.060398906E-2,2.679011971E-2
7.412186571E1,-1.382617503E-1,7.147070020E-2,2.797186375E-2
7.413187371E1,-1.377906352E-1,7.990279794E-2,3.310697153E-2
7.414188071E1,-1.373998672E-1,8.705428988E-2,3.581677377E-2
7.415188871E1,-1.433871984E-1,1.064415649E-1,3.613075987E-2
7.416189571E1,-1.602472961E-1,1.111980528E-1,3.458800539E-2
7.417190371E1,-1.821363568E-1,1.090387627E-1,3.591452539E-2
7.418191171E1,-1.991233826E-1,1.092093363E-1,3.771070763E-2
7.419191871E1,-2.034459561E-1,9.832818806E-2,3.896638751E-2
7.420192671E1,-1.804489046E-1,8.895389736E-2,3.978083655E-2
7.421193471E1,-1.406599581E-1,7.146598399E-2,4.525097087E-2
7.422194171E1,-9.018780291E-2,4.946975783E-2,4.931491986E-2
7.423194971E1,-3.930145502E-2,1.775177568E-2,5.990710855E-2
7.424195671E1,3.683094634E-3,-2.080746368E-2,6.990446895E-2
7.425196471E1,3.386123851E-2,-5.473187566E-2,8.154487610E-2
7.426197271E1,4.477270693E-2,-1.041848585E-1,9.677692503E-2
7.427197971E1,3.251710534E-2,-1.657427549E-1,1.007769927E-1
7.428198771E1,7.483577356E-3,-2.333924770E-1,7.906766981E-2
7.429199571E1,-2.247485332E-2,-2.892576158E-1,3.471006081E-2
7.430200271E1,-6.609482318E-2,-3.315306008E-1,-2.532235347E-2
7.431201071E1,-1.334842592E-1,-3.570564687E-1,-9.747670591E-2
7.432201771E1,-2.157779485E-1,-3.585454226E-1,-1.606327146E-1
7.433202571E1,-2.953753173E-1,-3.305209875E-1,-2.019218355E-1
7.434203371E1,-3.524678946E-1,-2.959572077E-1,-2.108236849E-1
7.435204071E1,-3.815805018E-1,-2.582737505E-1,-1.938343197E-1
7.436204871E1,-3.700573146E-1,-2.109375149E-1,-1.596708745E-1
7.437205671E1,-3.079838455E-1,-1.644139439E-1,-1.207916439E-1
7.438206371E1,-2.103271782E-1,-1.364603192E-1,-8.829031140E-2
7.439207171E1,-9.868560731E-2,-1.359452754E-1,-7.058721036E-2
7.440207871E1,-2.535395033E-4,-1.530998349E-1,-6.288933009E-2
7.441208671E1,6.614119560E-2,-1.660808772E-1,-5.904319510E-2
7.442209471E1,8.892130852E-2,-1.758122593E-1,-5.700030178E-2
7.443210171E1,7.486621290E-2,-1.724090129E-1,-6.321451813E-2
7.444210971E1,3.386124969E-2,-1.380619556E-1,-8.994120359E-2
7.445211771E1,-2.826417238E-2,-9.737310559E-2,-1.382520050E-1
7.446212471E1,-1.060061306E-1,-4.987876862E-2,-1.791257858E-1
7.447213271E1,-1.856050938E-1,-1.040922944E-3,-2.066578120E-1
7.448213971E1,-2.544214725E-1,2.956952900E-2,-2.193398029E-1
7.449214771E1,-2.975777388E-1,3.933747113E-2,-2.214245200E-1
7.450215571E1,-3.022242486E-1,3.046745807E-2,-2.172896415E-1
7.451216271E1,-2.786118686E-1,6.409259513E-3,-2.131532282E-1
7.452217071E1,-2.373326272E-1,-1.530902088E-2,-2.103309631E-1
7.453217871E1,-1.983886957E-1,-3.347630799E-2,-1.959741265E-1
7.454218571E1,-1.664400548E-1,-5.039648712E-2,-1.743662059E-1
7.455219371E1,-1.407472044E-1,-6.885831803E-2,-1.412058622E-1
7.456220071E1,-1.205793768E-1,-9.243257344E-2,-1.112959981E-1
7.457220871E1,-9.712331742E-2,-1.030143648E-1,-9.614048153E-2
7.458221671E1,-7.568877935E-2,-9.878759086E-2,-8.894067258E-2
7.459222371E1,-6.738158315E-2,-8.202245831E-2,-8.848500997E-2
7.460223171E1,-7.373566926E-2,-5.966857448E-2,-8.353092521E-2
7.461223971E1,-1.001100168E-1,-4.435033724E-2,-7.659418881E-2
7.462224671E1,-1.403585821E-1,-4.949354380E-2,-7.026818395E-2
7.463225471E1,-1.839697063E-1,-6.924460828E-2,-6.666759402E-2
7.464226171E1,-2.175062448E-1,-9.197147936E-2,-7.262077183E-2
7.465226971E1,-2.406320721E-1,-1.061458811E-1,-7.678888738E-2
7.466227771E1,-2.550834715E-1,-1.172386631E-1,-7.828606665E-2
7.467228471E1,-2.617762685E-1,-1.187289730E-1,-7.603036612E-2
7.468229271E1,-2.627039552E-1,-1.150141507E-1,-6.984902173E-2
7.469230071E1,-2.525690496E-1,-9.636429697E-2,-6.381216645E-2
7.470230771E1,-2.311092168E-1,-6.844015419E-2,-6.851468235E-2
7.471231571E1,-1.864037961E-1,-4.705363512E-2,-8.476635069E-2
7.472232271E1,-1.173438877E-1,-2.120261081E-2,-1.066577733E-1
7.473233071E1,-4.631125554E-2,1.382648014E-2,-1.271768957E-1
7.474233871E1,1.156811975E-2,5.772848800E-2,-1.331592798E-1
7.475234571E1,5.018715188E-2,1.061388999E-1,-1.367979646E-1
7.476235371E1,5.906918645E-2,1.256675869E-1,-1.485489309E-1
7.477236171E1,4.304281622E-2,1.415839791E-1,-1.769392937E-1
7.478236871E1,1.990320347E-2,1.682828367E-1,-2.043500245E-1
7.479237671E1,-1.069625001E-2,1.930659413E-1,-2.252007127E-1
7.480238371E1,-4.133954272E-2,2.189340889E-1,-2.311025262E-1
7.481239171E1,-6.501078606E-2,2.356619388E-1,-2.275258899E-1
7.482239971E1,-6.736753136E-2,2.497002333E-1,-2.196824104E-1
7.483240671E1,-5.377049372E-2,2.424348593E-1,-2.121877372E-1
7.484241471E1,-2.055080421E-2,2.332334220E-1,-2.093269378E-1
7.485242271E1,2.401746251E-2,2.249336839E-1,-1.960793138E-1
7.486242971E1,6.174580380E-2,2.213485688E-1,-1.759165972E-1
7.487243771E1,9.550616890E-2,2.221022397E-1,-1.516733170E-1
7.488244471E1,1.301358789E-1,2.329855561E-1,-1.299658269E-1
7.489245271E1,1.653705686E-1,2.294848263E-1,-1.058834046E-1
7.490246071E1,2.065163255E-1,2.183093131E-1,-8.720474690E-2
7.491246771E1,2.492408752E-1,2.111440897E-1,-6.527121365E-2
7.492247571E1,2.860403955E-1,2.064764202E-1,-4.313705117E-2
7.493248371E1,3.104583919E-1,1.923235953E-1,-2.548614889E-2
7.494249071E1,2.970509231E-1,1.599351466E-1,-1.844486967E-2
7.495249871E1,2.458127588E-1,1.235630289E-1,-2.306651883E-2
7.496250571E1,1.693737656E-1,1.045326665E-1,-4.079498351E-2
7.497251371E1,8.453185111E-2,1.022338271E-1,-6.972196698E-2
7.498252171E1,6.815163884E-3,1.118514016E-1,-1.052633896E-1
7.499252871E1,-5.748313293E-2,1.400438845E-1,-1.385973692E-1
7.500253671E1,-9.056646377E-2,1.995270848E-1,-1.634657681E-1
7.501254371E1,-9.240537882E-2,2.807455063E-1,-1.704648286E-1
7.502255171E1,-5.679355189E-2,3.634072840E-1,-1.583628654E-1
7.503255971E1,9.581476450E-3,4.394599795E-1,-1.204176173E-1
7.504256671E1,1.012593359E-1,5.062903762E-1,-6.216401979E-2
7.505257471E1,2.055724263E-1,5.500168204E-1,1.047582831E-2
7.506258271E1,3.025030792E-1,5.476810336E-1,9.087880701E-2
7.507258971E1,3.849859834E-1,5.042129159E-1,1.640422344E-1
7.508259771E1,4.344696999E-1,3.920603991E-1,2.120912820E-1
7.509260471E1,4.660446644E-1,2.417158931E-1,2.341326773E-1
7.510261271E1,5.126236677E-1,8.359545469E-2,2.557701766E-1
7.511262071E1,5.841814280E-1,-4.452868924E-2,2.682143152E-1
7.512262771E1,6.920309663E-1,-1.253660470E-1,2.628511488E-1
7.513263571E1,8.036738634E-1,-1.642138362E-1,2.494882047E-1
7.514264371E1,8.885906339E-1,-1.709859967E-1,2.302274257E-1
7.515265071E1,9.201384187E-1,-1.545172781E-1,2.017643601E-1
7.516265871E1,9.070817828E-1,-1.216227561E-1,1.786189228E-1
7.517266571E1,8.590852618E-1,-7.114946097E-2,1.580827534E-1
7.518267371E1,7.679339051E-1,-6.951888092E-3,1.276778579E-1
7.519268171E1,6.693663597E-1,7.610811293E-2,1.149791032E-1
7.520268871E1,5.697395802E-1,1.508553326E-1,1.008505821E-1
7.521269671E1,4.795106053E-1,2.291608006E-1,8.635073900E-2
7.522270471E1,3.964827657E-1,2.966012955E-1,7.702653855E-2
7.523271171E1,3.124576211E-1,3.363223374E-1,6.063212454E-2
7.524271971E1,2.151099443E-1,3.537606299E-1,4.617778212E-2
7.525272671E1,1.086117327E-1,3.374820650E-1,3.858511150E-2
7.526273471E1,9.934561327E-3,2.924618423E-1,3.507775813E-2
7.527274271E1,-7.162820548E-2,2.270767093E-1,3.722080588E-2
7.528274971E1,-1.353474110E-1,1.484511495E-1,2.593482845E-2
7.529275771E1,-1.826978773E-1,6.810411811E-2,1.897092909E-2
7.530276571E1,-2.368276715E-1,-3.403852507E-2,9.931279346E-3
7.531277271E1,-3.014620841E-1,-1.537564099E-1,2.114102244E-3
7.532278071E1,-3.764579296E-1,-2.705219984E-1,-1.786226965E-2
7.533278871E1,-4.438553452E-1,-3.564155996E-1,-4.443795606E-2
7.534279571E1,-4.943477809E-1,-3.935979903E-1,-5.912968144E-2
7.535280371E1,-5.276149511E-1,-3.708252907E-1,-5.304116383E-2
7.536281071E1,-5.520796776E-1,-3.205455542E-1,-3.010856733E-2
7.537281871E1,-5.792502761E-1,-2.555244863E-1,7.936820388E-3
7.538282671E1,-6.156199574E-1,-1.881032735E-1,4.855458811E-2
7.539283371E1,-6.544552445E-1,-1.430662870E-1,7.423624396E-2
7.540284171E1,-6.841758490E-1,-1.081274822E-1,9.381234646E-2
7.541284871E1,-7.053335905E-1,-1.098385602E-1,1.038410068E-1
7.542285671E1,-7.193285823E-1,-1.344433576E-1,9.252733737E-2
7.543286471E1,-7.203943729E-1,-1.662023515E-1,6.717910618E-2
7.544287171E1,-6.832397580E-1,-1.599232852E-1,2.913336642E-2
7.545287971E1,-6.294417977E-1,-1.374312937E-1,-9.641459212E-3
7.546288771E1,-5.761333108E-1,-1.071547866E-1,-3.506061435E-2
7.547289471E1,-5.266182423E-1,-5.191869661E-2,-2.808100171E-2
7.548290271E1,-5.088710189E-1,-1.858513337E-3,-1.337515935E-2
7.549290971E1,-5.194826722E-1,1.853837073E-2,-2.051132498E-3
7.550291771E1,-5.441696644E-1,-1.559922006E-3,-3.212702693E-3
7.551292571E1,-5.709443092E-1,-5.319568887E-2,-2.735106274E-2
7.552293271E1,-5.876482725E-1,-1.230943650E-1,-6.211362034E-2
7.553294071E1,-5.818473697E-1,-1.753794104E-1,-1.014469042E-1
7.554294871E1,-5.343634486E-1,-1.835993677E-1,-1.303923428E-1
7.555295571E1,-4.646994174E-1,-1.606663465E-1,-1.368734092E-1
7.556296371E1,-3.906559944E-1,-1.163184643E-1,-1.260834336E-1
7.557297071E1,-3.207903504E-1,-5.502580851E-2,-9.321097285E-2
7.558297871E1,-2.560944259E-1,8.223649114E-3,-5.865863338E-2
7.559298671E1,-1.999512613E-1,2.458291501E-2,-3.395302221E-2
7.560299371E1,-1.582287848E-1,-1.086787879E-2,-2.904250287E-2
7.561300171E1,-1.262391508E-1,-8.725132793E-2,-4.913418740E-2
7.562300971E1,-1.019423455E-1,-2.162580341E-1,-8.231922239E-2
7.563301671E1,-8.096995205E-2,-3.760138452E-1,-1.368676871E-1
7.564302471E1,-2.781004645E-2,-5.200224519E-1,-1.897641271E-1
7.565303171E1,5.816025287E-2,-6.567118168E-1,-2.427919209E-1
7.566303971E1,1.702782214E-1,-7.166411877E-1,-2.906676531E-1
7.567304771E1,2.842923999E-1,-6.821822524E-1,-3.208958507E-1
7.568305471E1,3.613721132E-1,-6.079617739E-1,-3.376052976E-1
7.569306271E1,3.733656704E-1,-5.452024937E-1,-3.585233390E-1
7.570307071E1,3.131306171E-1,-5.246462226E-1,-3.995374143E-1
7.571307771E1,1.933410913E-1,-5.657843351E-1,-4.544264972E-1
7.572308571E1,1.676175371E-2,-6.733328104E-1,-5.269761682E-1
7.573309271E1,-1.887882054E-1,-8.110579252E-1,-6.263440251E-1
7.574310071E1,-3.888664842E-1,-9.225592613E-1,-7.369749546E-1
7.575310871E1,-5.352788568E-1,-9.844726920E-1,-8.545807004E-1
7.576311571E1,-5.777534246E-1,-9.119253755E-1,-9.384599328E-1
7.577312371E1,-4.777860641E-1,-6.425261497E-1,-9.578922391E-1
7.578313171E1,-2.777785063E-1,-2.224179208E-1,-9.073569775E-1
7.579313871E1,-5.530707538E-2,2.647450566E-1,-7.817902565E-1
7.580314671E1,1.260962039E-1,6.913679242E-1,-6.003928185E-1
7.581315371E1,2.600595653E-1,9.991074204E-1,-4.166858196E-1
7.582316171E1,3.523443937E-1,1.158490300E0,-2.502285242E-1
7.583316971E1,4.040169120E-1,1.170889735E0,-1.152020022E-1
7.584317671E1,4.338292480E-1,1.081947207E0,-1.118004881E-2
7.585318471E1,4.727025926E-1,9.083433747E-1,7.519611716E-2
7.586319271E1,5.289756060E-1,6.657739878E-1,1.324019283E-1
7.587319971E1,5.934224725E-1,3.733553886E-1,1.597161144E-1
7.588320771E1,6.443488002E-1,7.125326991E-2,1.614861488E-1
7.589321471E1,6.662428975E-1,-1.974764466E-1,1.457173079E-1
7.590322271E1,6.567721367E-1,-4.125042856E-1,1.204743758E-1
7.591323071E1,6.038959026E-1,-5.664421916E-1,7.652103901E-2
7.592323767E1,5.107968450E-1,-6.401492357E-1,2.058022656E-2
7.593324567E1,3.828700781E-1,-6.353672147E-1,-3.185262159E-2
7.594325367E1,2.333575040E-1,-5.386318564E-1,-8.152511716E-2
7.595326067E1,7.455827296E-2,-3.843298852E-1,-1.295200735E-1
7.596326867E1,-8.359990269E-2,-1.961065680E-1,-1.694884002E-1
7.597327567E1,-2.190008759E-1,4.286992364E-3,-2.083116919E-1
7.598328367E1,-3.303640783E-1,1.866945326E-1,-2.328310609E-1
7.599329167E1,-4.067954719E-1,3.288199902E-1,-2.406445146E-1
7.600329867E1,-4.467636049E-1,4.334445298E-1,-2.436447889E-1
7.601330667E1,-4.293899536E-1,4.774996042E-1,-2.380540073E-1
7.602331467E1,-3.827817142E-1,4.588372707E-1,-2.211263478E-1
7.603332167E1,-3.135821223E-1,4.073628783E-1,-1.974207610E-1
7.604332967E1,-2.356316447E-1,3.226722181E-1,-1.548243761E-1
7.605333667E1,-1.637156457E-1,2.157755643E-1,-1.083716601E-1
7.606334467E1,-1.017742455E-1,1.193821579E-1,-6.364901364E-2
7.607335267E1,-6.394910067E-2,3.894671053E-2,-3.162290528E-2
7.608335967E1,-6.041750312E-2,-3.033031523E-2,-1.276090089E-2
7.609336767E1,-8.844780922E-2,-8.013223112E-2,-4.336789716E-3
7.610337567E1,-1.448887289E-1,-1.175219119E-1,3.710034303E-3
7.611338267E1,-2.243031263E-1,-1.458654106E-1,1.948473603E-2
7.612339067E1,-2.982801199E-1,-1.683726311E-1,4.235233366E-2
7.613339767E1,-3.347023129E-1,-1.749996394E-1,9.060775489E-2
7.614340567E1,-3.150660694E-1,-1.728413403E-1,1.574951559E-1
7.615341367E1,-2.273551226E-1,-1.561587602E-1,2.336290628E-1
7.616342067E1,-6.999348849E-2,-1.309569627E-1,3.016705215E-1
7.617342867E1,1.138008386E-1,-9.679179639E-2,3.544724882E-1
7.618343667E1,2.831715345E-1,-9.578780085E-2,3.958356380E-1
7.619344367E1,4.001697898E-1,-1.068335325E-1,4.174943268E-1
7.620345167E1,4.540078938E-1,-1.129362732E-1,4.220780432E-1
7.621345867E1,4.554848671E-1,-1.035936400E-1,4.082615674E-1
7.622346667E1,4.171544909E-1,-8.335776627E-2,3.796731532E-1
7.623347467E1,3.510870337E-1,-4.218423367E-2,3.315019011E-1
7.624348167E1,2.728892565E-1,2.737950720E-2,2.815970182E-1
7.625348967E1,1.958274990E-1,1.214788407E-1,2.426035255E-1
7.626349767E1,1.381551325E-1,2.219498158E-1,2.065497488E-1
7.627350467E1,9.253332019E-2,2.911688387E-1,1.568176150E-1
7.628351267E1,6.036199629E-2,3.353207409E-1,9.578644484E-2
7.629351967E1,2.404580265E-2,3.688190579E-1,2.299319953E-2
7.630352767E1,-3.297884017E-2,4.188749194E-1,-4.924935475E-2
7.631353567E1,-1.091106310E-1,4.937611520E-1,-1.074668542E-1
7.632354267E1,-1.923493147E-1,5.888709426E-1,-1.441785246E-1
7.633355067E1,-2.503117025E-1,7.135103345E-1,-1.588213891E-1
7.634355867E1,-2.659791708E-1,8.200529218E-1,-1.513930708E-1
7.635356567E1,-2.238631546E-1,8.690388799E-1,-1.266057044E-1
7.636357367E1,-1.455502510E-1,8.360820413E-1,-8.966172487E-2
7.637358067E1,-3.399230540E-2,7.272426486E-1,-4.585884884E-2
7.638358867E1,1.027191654E-1,5.764496922E-1,1.465774141E-2
7.639359667E1,2.509741485E-1,4.065901339E-1,8.982333541E-2
7.640360367E1,3.990066350E-1,2.261521518E-1,1.766262949E-1
7.641361167E1,5.387107134E-1,7.623242587E-2,2.599637806E-1
7.642361867E1,6.569291949E-1,-4.174875095E-2,3.286804259E-1
7.643362667E1,7.519814372E-1,-1.403794587E-1,3.594268858E-1
7.644363467E1,8.145708442E-1,-1.978101283E-1,3.426480889E-1
7.645364167E1,8.109545708E-1,-2.161206901E-1,2.753249705E-1
7.646364967E1,7.213293314E-1,-2.250918448E-1,1.706226617E-1
7.647365767E1,5.750520229E-1,-1.887969375E-1,6.586454809E-2
7.648366467E1,4.172523916E-1,-1.284733713E-1,-7.557800040E-3
7.649367267E1,2.830783427E-1,-4.477873445E-2,-4.793851078E-2
7.650368067E1,1.916077733E-1,8.860654384E-2,-3.744149581E-2
7.651368767E1,1.770908833E-1,2.682649791E-1,1.681055687E-2
7.652369567E1,2.413456440E-1,4.563019872E-1,1.112225726E-1
7.653370267E1,3.438885212E-1,5.695601106E-1,2.255840451E-1
7.654371067E1,4.524931908E-1,5.944557786E-1,3.190609813E-1
7.655371867E1,5.382874608E-1,5.254788399E-1,3.871556222E-1
7.656372567E1,5.999559760E-1,3.843836486E-1,4.416842163E-1
7.657373367E1,6.290518045E-1,2.165003717E-1,4.846990407E-1
7.658374067E1,6.274129152E-1,3.846799955E-2,5.194603801E-1
7.659374867E1,6.001240015E-1,-1.204550788E-1,5.427185893E-1
7.660375667E1,5.599946380E-1,-2.482290715E-1,5.522756577E-1
7.661376367E1,5.016874075E-1,-3.430889845E-1,5.477514863E-1
7.662377167E1,4.208081961E-1,-4.199522436E-1,5.201130509E-1
7.663377967E1,3.153736293E-1,-4.772778451E-1,4.731620252E-1
7.664378667E1,1.814684570E-1,-5.197217464E-1,4.074589610E-1
7.665379467E1,1.935091428E-2,-5.274111032E-1,3.492987454E-1
7.666380267E1,-1.599229276E-1,-5.086084604E-1,2.905983925E-1
7.667380967E1,-3.326158822E-1,-4.670844674E-1,2.397213727E-1
7.668381767E1,-4.873476624E-1,-3.988574743E-1,1.956070065E-1
7.669382467E1,-6.026055813E-1,-3.015793860E-1,1.679412872E-1
7.670383267E1,-6.669808626E-1,-1.865546554E-1,1.598377675E-1
7.671384067E1,-6.858251095E-1,-8.204821497E-2,1.801611483E-1
7.672384767E1,-6.667367816E-1,-1.229655929E-2,2.193316966E-1
7.673385567E1,-6.158459187E-1,2.137240954E-3,2.640320659E-1
7.674386267E1,-5.415955186E-1,-4.725886136E-2,3.006517291E-1
7.675387067E1,-4.545692503E-1,-1.462501585E-1,3.107741177E-1
7.676387867E1,-3.570229411E-1,-2.346648127E-1,2.982124388E-1
7.677388567E1,-2.588228583E-1,-2.830357850E-1,2.889257371E-1
7.678389367E1,-1.860113293E-1,-2.980442047E-1,2.775623798E-1
7.679390167E1,-1.427120566E-1,-2.652604282E-1,2.596795261E-1
7.680390867E1,-1.278362572E-1,-1.856165677E-1,2.527823448E-1
7.681391667E1,-1.420349032E-1,-9.263655543E-2,2.417049557E-1
7.682392367E1,-1.794574857E-1,-1.912231091E-3,2.231459469E-1
7.683393167E1,-2.302729934E-1,5.627144873E-2,1.924530119E-1
7.684393967E1,-2.808417976E-1,8.086156845E-2,1.586025357E-1
7.685394667E1,-3.172179163E-1,9.373448789E-2,1.208152175E-1
7.686395467E1,-3.427702188E-1,7.512178272E-2,7.737933099E-2
7.687396267E1,-3.572913706E-1,3.941811249E-2,3.471548483E-2
7.688396967E1,-3.645699918E-1,-6.213685032E-3,-4.856838845E-3
7.689397767E1,-3.592188954E-1,-4.183133319E-2,-3.859402984E-2
7.690398467E1,-3.456810415E-1,-5.258163810E-2,-7.473234087E-2
7.691399267E1,-3.260884285E-1,-4.233672470E-2,-1.068199724E-1
7.692400067E1,-3.089692295E-1,-1.669387892E-2,-1.328534186E-1
7.693400767E1,-2.990020812E-1,1.571146585E-2,-1.484939009E-1
7.694401567E1,-2.937950194E-1,4.642656818E-2,-1.556452215E-1
7.695402367E1,-2.727914751E-1,6.960777938E-2,-1.469798237E-1
7.696403067E1,-2.307838351E-1,7.545004040E-2,-1.402342618E-1
7.697403867E1,-1.682293862E-1,5.775306746E-2,-1.418734342E-1
7.698404567E1,-1.005720869E-1,1.054677181E-2,-1.454627663E-1
7.699405367E1,-3.952844068E-2,-6.779490411E-2,-1.664205194E-1
7.700406167E1,-6.780135445E-3,-1.610057205E-1,-1.980898529E-1
7.701406867E1,8.231037296E-3,-2.439381629E-1,-2.195037901E-1
7.702407667E1,2.518760040E-2,-2.798595428E-1,-2.152983248E-1
7.703408467E1,7.732377201E-2,-2.476734072E-1,-1.994802207E-1
7.704409167E1,1.628658175E-1,-1.585733294E-1,-1.610328853E-1
7.705409967E1,2.673773170E-1,-6.111041456E-2,-1.191661209E-1
7.706410667E1,3.491168022E-1,1.319042500E-2,-8.594623208E-2
7.707411467E1,3.825847507E-1,4.652334750E-2,-7.113187015E-2
7.708412267E1,3.758773804E-1,3.308889642E-2,-7.413792610E-2
7.709412967E1,3.139186502E-1,-7.156880945E-2,-9.984116256E-2
7.710413767E1,2.309292704E-1,-2.129108012E-1,-1.424630135E-1
7.711414567E1,1.413612962E-1,-3.635362685E-1,-2.011761367E-1
7.712415267E1,5.347262695E-2,-5.075140595E-1,-2.756860852E-1
7.713416067E1,-3.557628766E-2,-6.332240105E-1,-3.661613762E-1
7.714416767E1,-1.275756359E-1,-7.040957212E-1,-4.566170275E-1
7.715417567E1,-1.995227933E-1,-6.747868061E-1,-5.279412270E-1
7.716418367E1,-2.376368791E-1,-5.271630287E-1,-5.780603290E-1
7.717419067E1,-2.418348193E-1,-2.692715526E-1,-5.987195373E-1
7.718419867E1,-2.245356888E-1,6.528800726E-2,-5.907030702E-1
7.719420667E1,-1.871947199E-1,4.133900702E-1,-5.501095653E-1
7.720421367E1,-1.412314624E-1,6.954967976E-1,-4.741850197E-1
7.721422167E1,-9.859425575E-2,8.645612001E-1,-3.871577084E-1
7.722422867E1,-5.603016540E-2,9.062495232E-1,-2.935500443E-1
7.723423667E1,-1.541535929E-2,8.093759418E-1,-2.186616659E-1
7.724424467E1,2.375932224E-2,6.000307798E-1,-1.668336987E-1
7.725425167E1,6.755553931E-2,3.096583784E-1,-1.456658244E-1
7.726425967E1,1.205188259E-1,-1.832257956E-2,-1.433130354E-1
7.727426667E1,1.790423244E-1,-3.125914931E-1,-1.581388563E-1
7.728427467E1,2.304694951E-1,-5.131854415E-1,-1.809419096E-1
7.729428267E1,2.509723604E-1,-6.090043783E-1,-2.044131458E-1
7.730428967E1,2.378583699E-1,-6.042558551E-1,-2.254564911E-1
7.731429767E1,1.938283294E-1,-5.217527151E-1,-2.499016374E-1
7.732430567E1,1.259284467E-1,-3.738557994E-1,-2.800667286E-1
7.733431267E1,3.801244497E-2,-1.922498196E-1,-3.141849935E-1
7.734432067E1,-5.834163353E-2,-5.425630137E-3,-3.402299583E-1
7.735432767E1,-1.562503427E-1,1.485348940E-1,-3.712454140E-1
7.736433567E1,-2.505466044E-1,2.466838360E-1,-3.979954720E-1
7.737434367E1,-3.332127333E-1,2.712682784E-1,-4.171859622E-1
7.738435067E1,-3.891041279E-1,2.447711825E-1,-4.248092175E-1
7.739435867E1,-4.027981162E-1,1.910328567E-1,-4.148942530E-1
7.740436667E1,-3.831171095E-1,1.212243214E-1,-3.951596618E-1
7.741437367E1,-3.436296284E-1,5.046732724E-2,-3.750650287E-1
7.742438167E1,-2.934095562E-1,-8.401419967E-3,-3.583412468E-1
7.743438867E1,-2.533431053E-1,-4.750674590E-2,-3.417529464E-1
7.744439667E1,-2.366499901E-1,-6.566686928E-2,-3.336641490E-1
7.745440467E1,-2.328696251E-1,-4.662846774E-2,-3.166934252E-1
7.746441167E1,-2.389626801E-1,6.369509269E-3,-2.913162708E-1
7.747441967E1,-2.399517894E-1,6.676413864E-2,-2.606145442E-1
7.748442767E1,-2.301845551E-1,1.137932763E-1,-2.239829153E-1
7.749443467E1,-2.157193273E-1,1.407394111E-1,-1.899482459E-1
7.750444267E1,-1.897967905E-1,1.361736804E-1,-1.630522162E-1
7.751444967E1,-1.427251399E-1,1.153110117E-1,-1.366853267E-1
7.752445767E1,-8.739470690E-2,9.387056530E-2,-1.100713760E-1
7.753446567E1,-2.522240952E-2,8.767898381E-2,-8.755195141E-2
7.754447267E1,3.652456403E-2,8.489278704E-2,-6.928513199E-2
7.755448067E1,8.888071030E-2,9.570308775E-2,-5.652432516E-2
7.756448867E1,1.249944568E-1,1.237348393E-1,-4.215423018E-2
7.757449567E1,1.330095083E-1,1.527622342E-1,-2.738886513E-2
7.758450367E1,1.115638837E-1,1.798665226E-1,-1.862250082E-2
7.759451067E1,7.199490070E-2,2.064097077E-1,-2.455788851E-2
7.760451867E1,2.365019545E-2,2.364828140E-1,-4.019893333E-2
7.761452667E1,-2.431839518E-2,2.742946446E-1,-5.886023492E-2
7.762453367E1,-5.685486645E-2,3.283173442E-1,-5.926490575E-2
7.763454167E1,-7.170465589E-2,3.833135068E-1,-4.600129649E-2
7.764454967E1,-6.403928250E-2,4.305790067E-1,-1.921628788E-2
7.765455667E1,-3.763855994E-2,4.713064730E-1,1.953030750E-2
7.766456467E1,1.163490699E-3,4.771591723E-1,6.915976852E-2
7.767457167E1,5.686350167E-2,4.489997029E-1,1.317693591E-1
7.768457967E1,1.267023087E-1,3.874376714E-1,1.941740513E-1
7.769458767E1,2.026711106E-1,2.968278527E-1,2.478101104E-1
7.770459467E1,2.700221837E-1,2.096095830E-1,2.778072953E-1
7.771460267E1,3.258199394E-1,1.445733160E-1,2.923409641E-1
7.772460967E1,3.951694071E-1,1.029748544E-1,3.300401866E-1
7.773461767E1,4.817698002E-1,5.217132717E-2,3.752239048E-1
7.774462567E1,5.868197083E-1,-1.362324134E-2,4.112462699E-1
7.775463267E1,6.935594678E-1,-8.626389503E-2,4.190482497E-1
7.776464067E1,7.518255115E-1,-1.608752012E-1,3.883345723E-1
7.777464867E1,7.257097960E-1,-2.014481872E-1,3.203406036E-1
7.778465567E1,5.939607620E-1,-1.833548844E-1,2.246651202E-1
7.779466367E1,3.632098734E-1,-1.326901168E-1,1.175272092E-1
7.780467067E1,7.013171911E-2,-8.801545203E-2,2.409911156E-2
7.781467867E1,-2.223896235E-1,-7.028651237E-2,-3.251702711E-2
7.782468667E1,-4.339812100E-1,-2.711300179E-2,-3.618543595E-2
7.783469367E1,-4.947132766E-1,1.230687723E-1,3.682432696E-2
7.784470167E1,-3.830490112E-1,3.692564070E-1,1.758198738E-1
7.785470967E1,-1.600780040E-1,5.790333152E-1,3.482358456E-1
7.786471667E1,9.949214011E-2,6.456097960E-1,5.077720881E-1
7.787472467E1,3.340034485E-1,5.779436231E-1,6.254243851E-1
7.788473167E1,5.316995382E-1,4.420437217E-1,6.977801323E-1
7.789473967E1,6.907869577E-1,2.646085024E-1,7.592027783E-1
7.790474767E1,7.916204333E-1,4.915399104E-2,7.958729267E-1
7.791475467E1,8.439680934E-1,-1.659697741E-1,7.900432348E-1
7.792476267E1,8.570241928E-1,-3.179065585E-1,7.472999096E-1
7.793477067E1,8.221597075E-1,-4.261813462E-1,6.913101673E-1
7.794477767E1,7.303045988E-1,-4.947166145E-1,6.314641833E-1
7.795478567E1,5.971263051E-1,-5.185591578E-1,5.577838421E-1
7.796479267E1,4.478078187E-1,-4.906266034E-1,4.844841659E-1
7.797480067E1,2.875227928E-1,-4.399703443E-1,4.052255750E-1
7.798480867E1,1.086223945E-1,-3.774928153E-1,3.232726753E-1
7.799481567E1,-7.236070186E-2,-3.095830083E-1,2.477901876E-1
7.800482367E1,-2.325820774E-1,-2.488666028E-1,1.793571115E-1
7.801483167E1,-3.542872071E-1,-1.820319295E-1,1.238970459E-1
7.802483867E1,-4.367266595E-1,-1.074344367E-1,7.977309078E-2
7.803484667E1,-4.873160720E-1,-4.897857830E-2,5.569758266E-2
7.804485367E1,-5.211905241E-1,-1.655316912E-2,4.279209301E-2
7.805486167E1,-5.189137459E-1,4.120440036E-2,4.986464977E-2
7.806486967E1,-4.656390846E-1,1.136176437E-1,7.733070850E-2
7.807487667E1,-3.799843788E-1,1.641553789E-1,1.184235513E-1
7.808488467E1,-2.711325884E-1,1.987878829E-1,1.589942127E-1
7.809489267E1,-1.600918025E-1,1.941478550E-1,1.871728599E-1
7.810489967E1,-7.814095169E-2,1.420770735E-1,2.041184753E-1
7.811490767E1,-3.519721702E-2,6.782495230E-2,2.040740103E-1
7.812491467E1,-2.597540058E-2,2.838612068E-3,2.094062865E-1
7.813492267E1,-3.808479384E-2,-5.258336663E-2,2.183824778E-1
7.814493067E1,-6.598559022E-2,-1.016551778E-1,2.115513682E-1
7.815493767E1,-1.019286811E-1,-1.290117055E-1,1.967066377E-1
7.816494567E1,-1.474230736E-1,-1.109911278E-1,1.823053956E-1
7.817495367E1,-2.094116211E-1,-7.096381485E-2,1.648097485E-1
7.818496067E1,-2.771832943E-1,-1.931244507E-2,1.551266611E-1
7.819496867E1,-3.407987356E-1,1.546311285E-2,1.520906687E-1
7.820497567E1,-3.885514140E-1,2.611613274E-2,1.500598043E-1
7.821498367E1,-4.093397856E-1,-1.012176648E-2,1.287278831E-1
7.822499167E1,-3.956086338E-1,-6.032051891E-2,9.820002317E-2
7.823499867E1,-3.502259851E-1,-1.119493544E-1,6.796728075E-2
7.824500667E1,-2.944251299E-1,-1.538382769E-1,5.383535102E-2
7.825501367E1,-2.433028221E-1,-1.942304522E-1,6.781774759E-2
7.826502167E1,-1.889320910E-1,-2.143986225E-1,8.171238750E-2
7.827502967E1,-1.208121628E-1,-2.244491279E-1,8.064259589E-2
7.828503667E1,-5.039365217E-2,-2.168351561E-1,5.489408970E-2
7.829504467E1,1.869993098E-2,-1.869494170E-1,-9.585035965E-3
7.830505267E1,7.700367272E-2,-1.174304634E-1,-9.545483440E-2
7.831505967E1,9.180206060E-2,-5.700439960E-2,-1.711954027E-1
7.832506767E1,6.377125531E-2,-2.249018103E-2,-2.501096427E-1
7.833507467E1,1.769724488E-2,-2.565907501E-2,-3.245130479E-1
7.834508267E1,-4.397723079E-2,-4.576903209E-2,-3.845984638E-1
7.835509067E1,-1.026474610E-1,-6.314375997E-2,-4.326557219E-1
7.836509767E1,-1.327264309E-1,-4.632904381E-2,-4.512507617E-1
7.837510567E1,-1.183203235E-1,5.412613973E-4,-4.439837933E-1
7.838511367E1,-6.319987029E-2,5.887047574E-2,-4.133898020E-1
7.839512067E1,2.100182325E-2,1.236657202E-1,-3.699680269E-1
7.840512867E1,1.113491654E-1,1.484080553E-1,-3.323150575E-1
7.841513567E1,1.897568852E-1,1.045023873E-1,-3.086994588E-1
7.842514367E1,2.340186536E-1,-1.104240771E-3,-3.060746491E-1
7.843515167E1,2.566115856E-1,-1.522322446E-1,-3.249433935E-1
7.844515867E1,2.560093999E-1,-3.232689202E-1,-3.548925221E-1
7.845516667E1,2.280065417E-1,-4.723713100E-1,-3.912689090E-1
7.846517467E1,1.739881188E-1,-5.752824545E-1,-4.282948077E-1
7.847518167E1,1.110411212E-1,-6.071263552E-1,-4.592010379E-1
7.848518967E1,5.119598284E-2,-5.640373826E-1,-4.832319915E-1
7.849519667E1,7.152889855E-3,-4.642934799E-1,-4.986974895E-1
7.850520467E1,-1.624895446E-2,-3.047866821E-1,-5.017626882E-1
7.851521267E1,-2.331005968E-2,-1.221156865E-1,-4.974646270E-1
7.852521967E1,-1.501326915E-2,4.506991059E-2,-4.844830036E-1
7.853522767E1,1.606342569E-2,1.826887578E-1,-4.642594755E-1
7.854523567E1,5.874597654E-2,2.684437037E-1,-4.282667041E-1
7.855524267E1,1.031608433E-1,3.027619720E-1,-3.794837296E-1
7.856525067E1,1.451405734E-1,2.711139619E-1,-3.181985617E-1
7.857525767E1,1.800247878E-1,1.989995390E-1,-2.604953051E-1
7.858526567E1,2.242947221E-1,1.070788056E-1,-2.075464576E-1
7.859527367E1,2.738644183E-1,-2.618418075E-2,-1.612585783E-1
7.860528067E1,3.208996356E-1,-1.618196368E-1,-1.369619071E-1
7.861528867E1,3.667193353E-1,-2.741925120E-1,-1.287583113E-1
7.862529567E1,3.907552660E-1,-3.628422320E-1,-1.363995671E-1
7.863530367E1,3.729451001E-1,-4.230179489E-1,-1.625118554E-1
7.864531167E1,3.091426492E-1,-4.364042580E-1,-1.954636872E-1
7.865531867E1,2.182186097E-1,-3.987229168E-1,-2.301180810E-1
7.866532667E1,1.093464568E-1,-3.249642551E-1,-2.642813027E-1
7.867533467E1,-3.234415781E-3,-2.274180055E-1,-3.038010299E-1
7.868534167E1,-1.083274037E-1,-1.052345708E-1,-3.281803429E-1
7.869534967E1,-1.850773096E-1,2.354497463E-2,-3.360747695E-1
7.870535667E1,-2.253931612E-1,1.395226568E-1,-3.337228596E-1
7.871536467E1,-2.443868220E-1,2.024084181E-1,-3.184826374E-1
7.872537267E1,-2.516184449E-1,2.010759264E-1,-2.903767526E-1
7.873537967E1,-2.466250211E-1,1.528199762E-1,-2.551351190E-1
7.874538767E1,-2.408339530E-1,5.719649792E-2,-2.291363776E-1
7.875539567E1,-2.374882251E-1,-8.042953908E-2,-2.252982259E-1
7.876540267E1,-2.478495836E-1,-2.364595234E-1,-2.370416373E-1
7.877541067E1,-2.761640251E-1,-3.687288761E-1,-2.601669431E-1
7.878541767E1,-3.106163144E-1,-4.329413772E-1,-2.760286331E-1
7.879542567E1,-3.483706117E-1,-4.422131777E-1,-2.799690664E-1
7.880543367E1,-3.921138048E-1,-4.097873569E-1,-2.804865837E-1
7.881544067E1,-4.267716408E-1,-3.209506869E-1,-2.800745964E-1
7.882544867E1,-4.477621317E-1,-1.910814941E-1,-2.617065609E-1
7.883545667E1,-4.557295144E-1,-5.417823046E-2,-2.402433604E-1
7.884546367E1,-4.487741590E-1,5.858144537E-2,-2.211886346E-1
7.885547167E1,-4.373745024E-1,1.238547266E-1,-2.004263699E-1
7.886547867E1,-3.996436000E-1,1.610163897E-1,-1.773743033E-1
7.887548667E1,-3.282727301E-1,1.880980730E-1,-1.390969604E-1
7.888549467E1,-2.285226285E-1,2.022169530E-1,-8.988048881E-2
7.889550167E1,-1.086060852E-1,2.146419287E-1,-4.410580918E-2
7.890550967E1,6.066166796E-3,2.239184976E-1,-2.335074823E-3
7.891551767E1,1.014299691E-1,2.331255823E-1,3.703390434E-2
7.892552433E1,1.671829075E-1,2.423459440E-1,7.495409995E-2
7.893553233E1,2.033811361E-1,2.599526346E-1,1.095749289E-1
7.894553933E1,2.120193541E-1,2.698941827E-1,1.392407268E-1
7.895554733E1,2.116702050E-1,2.758689821E-1,1.594589055E-1
7.896555533E1,2.035937160E-1,2.734832466E-1,1.744443178E-1
7.897556233E1,1.896699071E-1,2.562328577E-1,1.813560277E-1
7.898557033E1,1.795048863E-1,2.361464947E-1,1.874445379E-1
7.899557833E1,1.678795218E-1,2.125969827E-1,1.946692914E-1
7.900558533E1,1.557903588E-1,1.846884042E-1,1.978279948E-1
7.901559333E1,1.443773806E-1,1.671256572E-1,2.053583562E-1
7.902560033E1,1.330498457E-1,1.443900764E-1,2.046043873E-1
7.903560833E1,1.288774610E-1,1.165472493E-1,1.973904222E-1
7.904561633E1,1.315754503E-1,6.957109272E-2,1.874782145E-1
7.905562333E1,1.285466254E-1,-5.133242346E-3,1.774468869E-1
7.906563133E1,1.307680309E-1,-6.541639566E-2,1.529961526E-1
7.907563833E1,1.426606476E-1,-1.014143452E-1,1.344016939E-1
7.908564633E1,1.511363983E-1,-1.145692468E-1,1.170001626E-1
7.909565433E1,1.525774300E-1,-1.019410640E-1,1.039304286E-1
7.910566133E1,1.160658896E-1,-6.886327267E-2,9.301416576E-2
7.911566933E1,3.096804395E-2,-2.775125392E-2,7.870206982E-2
7.912567733E1,-8.956328779E-2,-2.968416084E-3,6.266853958E-2
7.913568433E1,-2.212187797E-1,1.126511488E-2,4.803314060E-2
7.914569233E1,-3.385591805E-1,3.119363263E-2,3.651970997E-2
7.915569933E1,-4.140936136E-1,5.099556968E-2,3.568188101E-2
7.916570733E1,-4.366051555E-1,6.273581833E-2,4.505396262E-2
7.917571533E1,-3.910051882E-1,6.011899933E-2,6.809403002E-2
7.918572233E1,-2.977529168E-1,4.480137303E-2,1.044240966E-1
7.919573033E1,-1.766411364E-1,1.894128136E-2,1.491311044E-1
7.920573833E1,-6.420750171E-2,-3.343811631E-2,1.851445138E-1
7.921574533E1,2.078834921E-2,-8.366266638E-2,2.161636800E-1
7.922575333E1,9.711597860E-2,-1.184280291E-1,2.409105897E-1
7.923576033E1,1.641165912E-1,-1.352411062E-1,2.519925237E-1
7.924576833E1,2.157676071E-1,-1.537971199E-1,2.273826897E-1
7.925577633E1,2.642594874E-1,-1.433229148E-1,1.838402748E-1
7.926578333E1,2.852178812E-1,-1.036137938E-1,1.452323645E-1
7.927579133E1,2.485176772E-1,-7.417121530E-2,1.259848922E-1
7.928579933E1,1.466489285E-1,-6.536222994E-2,1.215846837E-1
7.929580633E1,5.879568867E-3,-7.880719751E-2,1.151041463E-1
7.930581433E1,-1.208670363E-1,-1.182984337E-1,1.023121402E-1
7.931582133E1,-2.295133621E-1,-1.690907925E-1,8.525060117E-2
7.932582933E1,-3.073191047E-1,-2.117284387E-1,8.366969228E-2
7.933583733E1,-3.544525206E-1,-2.659903467E-1,8.448489010E-2
7.934584433E1,-3.758798838E-1,-3.127453923E-1,8.626686037E-2
7.935585233E1,-3.741427064E-1,-3.482360244E-1,8.992471546E-2
7.936585933E1,-3.342818320E-1,-3.517610133E-1,1.009304151E-1
7.937586733E1,-2.649357915E-1,-3.300551772E-1,1.293692440E-1
7.938587533E1,-1.839878410E-1,-2.726328373E-1,1.661722809E-1
7.939588233E1,-1.020426303E-1,-1.850539893E-1,2.158572823E-1
7.940589033E1,-3.822389990E-2,-9.655516595E-2,2.585421801E-1
7.941589833E1,1.054230705E-2,-2.622561157E-2,2.785606384E-1
7.942590533E1,4.913115501E-2,1.495767199E-2,2.878333926E-1
7.943591333E1,6.797834486E-2,3.906780109E-2,2.868682444E-1
7.944592033E1,7.279899716E-2,3.693023697E-2,2.776545286E-1
7.945592833E1,7.305519283E-2,2.715563960E-2,2.632505596E-1
7.946593633E1,7.816552371E-2,2.442912012E-2,2.476141602E-1
7.947594333E1,6.978695095E-2,2.390261367E-2,2.288034558E-1
7.948595133E1,5.310815573E-2,2.720722556E-2,2.078413814E-1
7.949595933E1,2.519476600E-2,2.272246219E-2,1.901374757E-1
7.950596633E1,-2.433110215E-2,7.456399966E-3,1.700683087E-1
7.951597433E1,-7.731042802E-2,-1.948280632E-2,1.557242572E-1
7.952598133E1,-1.251513362E-1,-5.581279844E-2,1.315387040E-1
7.953598933E1,-1.585404575E-1,-9.948012233E-2,9.457669407E-2
7.954599733E1,-1.734786928E-1,-1.367882788E-1,6.059831753E-2
7.955600433E1,-1.756331921E-1,-1.572565436E-1,4.062300920E-2
7.956601233E1,-1.643795222E-1,-1.628309935E-1,3.039912134E-2
7.957602033E1,-1.523388326E-1,-1.752386540E-1,3.297146782E-2
7.958602733E1,-1.409163326E-1,-1.979614198E-1,2.711532637E-2
7.959603533E1,-1.301334500E-1,-2.389804870E-1,8.351225406E-3
7.960604233E1,-1.153005883E-1,-2.718012631E-1,-2.326517366E-2
7.961605033E1,-9.547122568E-2,-2.735812962E-1,-4.993433878E-2
7.962605833E1,-6.918465346E-2,-2.617744207E-1,-6.778150052E-2
7.963606533E1,-3.526530042E-2,-2.239639014E-1,-6.723421812E-2
7.964607333E1,-9.007630870E-4,-1.943903863E-1,-5.438003689E-2
7.965608133E1,2.361097001E-2,-1.877828240E-1,-4.278916121E-2
7.966608833E1,4.643256217E-2,-2.023687661E-1,-3.779894114E-2
7.967609633E1,7.406925410E-2,-2.458193153E-1,-4.106557369E-2
7.968610333E1,1.103509516E-1,-2.812909782E-1,-4.992260039E-2
7.969611133E1,1.600625813E-1,-2.880916297E-1,-6.123757362E-2
7.970611933E1,2.065590620E-1,-2.754612267E-1,-6.553010643E-2
7.971612633E1,2.282475829E-1,-2.696720362E-1,-6.036410481E-2
7.972613433E1,2.230569124E-1,-2.795336843E-1,-5.559976026E-2
7.973614233E1,2.065122873E-1,-3.012126088E-1,-6.244834512E-2
7.974614933E1,1.856800616E-1,-3.391076624E-1,-7.431875169E-2
7.975615733E1,1.495617330E-1,-3.987576962E-1,-8.904763311E-2
7.976616433E1,9.402567148E-2,-4.675299227E-1,-1.166044474E-1
7.977617233E1,1.096594054E-2,-5.434784889E-1,-1.563790292E-1
7.978618033E1,-8.931455016E-2,-6.105031371E-1,-2.237818688E-1
7.979618733E1,-1.884584427E-1,-6.408333182E-1,-3.038191795E-1
7.980619533E1,-2.735615373E-1,-6.258825660E-1,-3.821511269E-1
7.981620233E1,-3.275451362E-1,-5.403516889E-1,-4.489924908E-1
7.982621033E1,-3.341722488E-1,-3.519644737E-1,-4.899525344E-1
7.983621833E1,-2.893472612E-1,-6.259816140E-2,-4.955121577E-1
7.984622533E1,-2.090206444E-1,2.703977525E-1,-4.596459270E-1
7.985623333E1,-1.153769791E-1,5.491207242E-1,-3.861051202E-1
7.986624133E1,-2.750299126E-2,7.173870802E-1,-2.990289927E-1
7.987624833E1,4.815368727E-2,7.560798526E-1,-2.218095511E-1
7.988625633E1,1.049136147E-1,6.679287553E-1,-1.578778177E-1
7.989626333E1,1.538710445E-1,4.718375802E-1,-1.071262136E-1
7.990627133E1,1.930387020E-1,1.993529946E-1,-8.555671573E-2
7.991627933E1,2.349113226E-1,-8.637356758E-2,-8.833012730E-2
7.992628608E1,2.890946567E-1,-3.133161664E-1,-1.146592572E-1
7.993629408E1,3.351756036E-1,-4.455548823E-1,-1.463671178E-1
7.994630208E1,3.483504951E-1,-4.916823804E-1,-1.772054434E-1
7.995630908E1,3.126193881E-1,-4.617756009E-1,-2.114017606E-1
7.996631708E1,2.312413454E-1,-3.575605452E-1,-2.537234426E-1
7.997632408E1,1.150060818E-1,-1.914219260E-1,-2.922670841E-1
7.998633208E1,-1.939845458E-2,5.876226351E-5,-3.292608261E-1
7.999634008E1,-1.490555257E-1,1.997604221E-1,-3.608243465E-1
8.000634708E1,-2.587290108E-1,3.860541284E-1,-3.769010305E-1
8.001635508E1,-3.523612320E-1,5.137172341E-1,-3.759604096E-1
8.002636308E1,-4.334723651E-1,5.585444570E-1,-3.651199639E-1
8.003637008E1,-4.939306378E-1,5.538772941E-1,-3.384055197E-1
8.004637808E1,-5.293722749E-1,4.962486923E-1,-2.995450795E-1
8.005638508E1,-5.396283865E-1,3.948325813E-1,-2.599918246E-1
8.006639308E1,-5.254316926E-1,2.662491798E-1,-2.100427598E-1
8.007640108E1,-5.006528497E-1,1.264111251E-1,-1.566216201E-1
8.008640808E1,-4.495872259E-1,1.088739932E-2,-9.609772265E-2
8.009641608E1,-3.901385367E-1,-8.677364886E-2,-3.450146690E-2
8.010642308E1,-3.408639133E-1,-1.635920554E-1,1.776323654E-2
8.011643108E1,-3.102950752E-1,-2.103723437E-1,5.817697197E-2
8.012643908E1,-2.995845675E-1,-2.232741565E-1,9.828296304E-2
8.013644608E1,-2.966686785E-1,-2.078592479E-1,1.440861374E-1
8.014645408E1,-2.875755429E-1,-1.696440279E-1,1.864075214E-1
8.015646208E1,-2.506100833E-1,-1.086104959E-1,2.268044651E-1
8.016646908E1,-1.852676421E-1,-3.070965409E-2,2.694835365E-1
8.017647708E1,-9.067454934E-2,5.448353663E-2,3.168055117E-1
8.018648408E1,2.250546776E-2,1.314383596E-1,3.648701310E-1
8.019649208E1,1.413005739E-1,1.751046181E-1,4.028300345E-1
8.020650008E1,2.529411316E-1,1.978993118E-1,4.335772395E-1
8.021650708E1,3.463387191E-1,2.102563679E-1,4.615446925E-1
8.022651508E1,4.042241275E-1,2.147192657E-1,4.735077918E-1
8.023652308E1,4.302636981E-1,2.227684110E-1,4.742055237E-1
8.024653008E1,4.217544198E-1,2.345144898E-1,4.668148160E-1
8.025653808E1,3.799622059E-1,2.580981255E-1,4.558955729E-1
8.026654508E1,3.213624060E-1,2.976858020E-1,4.424715936E-1
8.027655308E1,2.609459460E-1,3.426154554E-1,4.459232986E-1
8.028656108E1,2.088363171E-1,3.703673482E-1,4.645807147E-1
8.029656808E1,1.775985062E-1,3.792785406E-1,4.840833247E-1
8.030657608E1,1.799019426E-1,3.795173168E-1,5.004612207E-1
8.031658408E1,2.314045578E-1,3.821655512E-1,5.101357102E-1
8.032659108E1,3.117127419E-1,3.793118894E-1,5.132384300E-1
8.033659908E1,3.998668194E-1,3.645092249E-1,5.073249340E-1
8.034660608E1,4.897227287E-1,3.514671028E-1,5.117073059E-1
8.035661408E1,5.588544011E-1,3.348609507E-1,5.206267834E-1
8.036662208E1,5.948136449E-1,3.132972717E-1,5.192295909E-1
8.037662908E1,5.908998251E-1,2.952479720E-1,4.964211881E-1
8.038663708E1,5.486910939E-1,2.940704226E-1,4.605430067E-1
8.039664508E1,4.735100567E-1,3.139887154E-1,4.110633433E-1
8.040665208E1,3.689983487E-1,3.404242396E-1,3.506583273E-1
8.041666008E1,2.375194132E-1,3.781710863E-1,2.823937833E-1
8.042666708E1,7.715846598E-2,4.420265853E-1,2.098239809E-1
8.043667508E1,-1.138000339E-1,5.096287727E-1,1.308479309E-1
8.044668308E1,-3.372553587E-1,5.582479835E-1,3.918355331E-2
8.045669008E1,-5.733272433E-1,5.907227993E-1,-5.070772022E-2
8.046669808E1,-7.912999392E-1,6.262933612E-1,-1.248496994E-1
8.047670608E1,-9.610735178E-1,6.845542192E-1,-1.729264110E-1
8.048671308E1,-1.044545531E0,7.770006657E-1,-1.691209525E-1
8.049672108E1,-1.010403514E0,8.881705999E-1,-1.043102741E-1
8.050672808E1,-8.511706591E-1,9.822843671E-1,1.578945108E-2
8.051673608E1,-5.968853831E-1,9.996297956E-1,1.767671555E-1
8.052674408E1,-2.906520367E-1,9.078972936E-1,3.501453996E-1
8.053675108E1,2.146723866E-2,7.167633176E-1,5.050926208E-1
8.054675908E1,2.948977947E-1,4.716212749E-1,6.009136438E-1
8.055676608E1,4.963827133E-1,2.260464281E-1,6.363312602E-1
8.056677408E1,6.199741364E-1,9.675791487E-3,6.243866682E-1
8.057678208E1,6.657254100E-1,-1.245073155E-1,5.963382125E-1
8.058678908E1,6.262634993E-1,-2.106232494E-1,5.574783683E-1
8.059679708E1,5.154618621E-1,-2.396860570E-1,5.251374841E-1
8.060680508E1,3.548192978E-1,-2.214518934E-1,5.011274815E-1
8.061681208E1,1.498626769E-1,-1.843870729E-1,4.807210267E-1
8.062682008E1,-8.014141023E-2,-1.671787202E-1,4.614732563E-1
8.063682708E1,-3.257125616E-1,-1.871050149E-1,4.482706487E-1
8.064683508E1,-5.503280163E-1,-2.373787463E-1,4.440059364E-1
8.065684308E1,-7.153438330E-1,-3.189841211E-1,4.548423588E-1
8.066685008E1,-8.184812069E-1,-4.198369682E-1,4.503506124E-1
8.067685808E1,-8.510942459E-1,-5.116433501E-1,4.477332532E-1
8.068686608E1,-8.123637438E-1,-5.803855658E-1,4.597336352E-1
8.069687308E1,-7.017626762E-1,-5.876253843E-1,4.871090651E-1
8.070688108E1,-5.420434475E-1,-5.259218216E-1,5.346246958E-1
8.071688808E1,-3.682980537E-1,-4.266505837E-1,6.009621620E-1
8.072689608E1,-2.165516019E-1,-3.259486258E-1,6.736553907E-1
8.073690408E1,-1.052738130E-1,-2.502576113E-1,7.432504296E-1
8.074691108E1,-4.231283069E-2,-2.117514610E-1,7.936987877E-1
8.075691908E1,-1.467108261E-2,-2.059803903E-1,8.082425594E-1
8.076692708E1,-1.759062288E-3,-2.045674771E-1,8.017644286E-1
8.077693408E1,1.188524417E-3,-2.083409131E-1,7.768839002E-1
8.078694208E1,-3.513565287E-3,-2.082844228E-1,7.418268919E-1
8.079694908E1,-2.316210046E-2,-2.154113054E-1,7.077885270E-1
8.080695708E1,-6.023852900E-2,-2.275139838E-1,6.740546823E-1
8.081696508E1,-1.087573245E-1,-2.441105396E-1,6.403236389E-1
8.082697208E1,-1.536831260E-1,-2.445904613E-1,6.022866368E-1
8.083698008E1,-1.872131228E-1,-2.289758325E-1,5.575127602E-1
8.084698808E1,-2.186195254E-1,-2.166650444E-1,5.104091167E-1
8.085699508E1,-2.427887768E-1,-2.067301273E-1,4.629241526E-1
8.086700308E1,-2.595480680E-1,-1.920163929E-1,4.214276075E-1
8.087701008E1,-2.619249225E-1,-1.873659790E-1,3.914148510E-1
8.088701808E1,-2.551211119E-1,-2.048024237E-1,3.747469783E-1
8.089702608E1,-2.373945862E-1,-2.347653806E-1,3.587794602E-1
8.090703308E1,-1.978580654E-1,-2.519108653E-1,3.395355642E-1
8.091704108E1,-1.360149384E-1,-2.786942720E-1,3.258253336E-1
8.092705046E1,-5.449455976E-2,-3.189441860E-1,3.099258542E-1
8.093705746E1,4.366769269E-2,-3.555216193E-1,2.989363074E-1
8.094706546E1,1.402449757E-1,-3.837098479E-1,2.940813005E-1
8.095707246E1,2.280901521E-1,-3.981457949E-1,2.911736667E-1
8.096708046E1,3.013690412E-1,-3.990699947E-1,2.780573964E-1
8.097708846E1,3.658010364E-1,-3.759084642E-1,2.551550269E-1
8.098709546E1,4.184437692E-1,-3.212875724E-1,2.269396186E-1
8.099710346E1,4.587267339E-1,-2.327747792E-1,1.983420551E-1
8.100711046E1,4.814358056E-1,-1.307896376E-1,1.821250021E-1
8.101711846E1,4.762040377E-1,-4.469522089E-2,1.876268387E-1
8.102712646E1,4.495298266E-1,1.471801288E-2,2.062241435E-1
8.103713346E1,4.170671999E-1,2.298153751E-2,2.352086604E-1
8.104714146E1,3.807548285E-1,-3.764417768E-2,2.742907703E-1
8.105714946E1,3.608548939E-1,-1.559633762E-1,3.149971664E-1
8.106715646E1,3.842303455E-1,-2.853076756E-1,3.591843843E-1
8.107716446E1,4.517987370E-1,-4.052183628E-1,4.089205265E-1
8.108717146E1,5.374335051E-1,-5.098425746E-1,4.409975111E-1
8.109717946E1,6.311488152E-1,-5.889672637E-1,4.524176717E-1
8.110718746E1,7.173624039E-1,-6.444743872E-1,4.533465505E-1
8.111719446E1,7.621652484E-1,-6.777202487E-1,4.389322102E-1
8.112720246E1,7.477037907E-1,-6.837318540E-1,4.169768989E-1
8.113721046E1,6.625420451E-1,-6.810332537E-1,3.956098258E-1
8.114721746E1,5.099737644E-1,-6.985506415E-1,3.787406087E-1
8.115722546E1,3.154399395E-1,-7.552471757E-1,3.605829179E-1
8.116723246E1,1.286123693E-1,-8.071063161E-1,3.271444738E-1
8.117724046E1,-1.807080954E-2,-8.566219211E-1,2.674902081E-1
8.118724846E1,-1.125613973E-1,-8.794190288E-1,1.983436197E-1
8.119725546E1,-1.118047982E-1,-7.642014027E-1,1.493188292E-1
8.120726346E1,-1.574676670E-2,-5.190708637E-1,1.490778029E-1
8.121727146E1,1.358654052E-1,-1.825434566E-1,2.100806981E-1
8.122727846E1,2.875412703E-1,1.637134254E-1,3.310605586E-1
8.123728646E1,3.817141056E-1,4.392542243E-1,4.912750125E-1
8.124729346E1,4.136336744E-1,5.890011191E-1,6.514594555E-1
8.125730146E1,4.019078016E-1,6.098347306E-1,7.798203230E-1
8.126730946E1,3.743792772E-1,5.181073546E-1,8.766527772E-1
8.127731646E1,3.414021730E-1,3.596096337E-1,9.445788264E-1
8.128732446E1,3.093063533E-1,1.598569304E-1,9.914846420E-1
8.129733246E1,2.907137573E-1,-1.999192499E-2,1.036472082E0
8.130733946E1,2.966772318E-1,-1.500668675E-1,1.079701543E0
8.131734746E1,3.361444771E-1,-2.133014947E-1,1.134332299E0
8.132735446E1,3.848276436E-1,-2.099131346E-1,1.187312841E0
8.133736246E1,4.250608087E-1,-1.323600262E-1,1.236536860E0
8.134737046E1,4.271625578E-1,-1.594045572E-2,1.284560680E0
8.135737746E1,3.769909739E-1,1.039699763E-1,1.328271389E0
8.136738546E1,2.787382007E-1,1.913821399E-1,1.369283319E0
8.137739246E1,1.561347693E-1,2.578653097E-1,1.413452148E0
8.138740046E1,3.224609420E-2,2.952020466E-1,1.455382109E0
8.139740846E1,-6.157866865E-2,2.976228595E-1,1.487893224E0
8.140741546E1,-1.253685653E-1,2.778299749E-1,1.503063917E0
8.141742346E1,-1.816866994E-1,2.421518564E-1,1.524526834E0
8.142743146E1,-2.349793911E-1,2.018628418E-1,1.554035425E0
8.143743846E1,-2.745888531E-1,1.649301201E-1,1.599842072E0
8.144744646E1,-2.826923728E-1,1.336162686E-1,1.655583501E0
8.145745346E1,-2.710551620E-1,1.091119945E-1,1.716799498E0
8.146746146E1,-2.511839271E-1,8.539593220E-2,1.789639115E0
8.147746946E1,-2.323436737E-1,6.350847334E-2,1.870987535E0
8.148747646E1,-2.196016759E-1,3.941142932E-2,1.955127001E0
8.149748446E1,-2.059817314E-1,1.765553281E-2,2.039324999E0
8.150749246E1,-1.849201322E-1,7.414372638E-3,2.117642879E0
8.151749946E1,-1.566964835E-1,-2.286710031E-2,2.177459955E0
8.152750746E1,-1.144568622E-1,-7.124959677E-2,2.220485449E0
8.153751446E1,-6.499956548E-2,-1.334985942E-1,2.248929977E0
8.154752246E1,-1.690638624E-2,-1.850666106E-1,2.270879745E0
8.155753046E1,2.279948071E-2,-2.223018706E-1,2.282481432E0
8.156753746E1,5.766519532E-2,-2.326889932E-1,2.283553362E0
8.157754546E1,8.355538547E-2,-2.229780555E-1,2.273029804E0
8.158755346E1,9.382452816E-2,-1.796963662E-1,2.264362335E0
8.159756046E1,8.362063020E-2,-1.068152338E-1,2.251688242E0
8.160756846E1,4.234982282E-2,-2.067195997E-2,2.237900734E0
8.161757546E1,-2.573042922E-2,6.236486882E-2,2.219264269E0
8.162758346E1,-1.113470867E-1,1.408780962E-1,2.195636034E0
8.163759146E1,-1.848074496E-1,2.062949240E-1,2.178416967E0
8.164759846E1,-2.404832691E-1,2.450277209E-1,2.161724329E0
8.165760646E1,-2.684278190E-1,2.398745120E-1,2.143799782E0
8.166761446E1,-2.580409646E-1,2.125454247E-1,2.124581337E0
8.167762146E1,-2.174149603E-1,1.764193773E-1,2.100266695E0
8.168762946E1,-1.648372114E-1,1.115479171E-1,2.066467524E0
8.169763646E1,-1.263974160E-1,2.255811915E-2,2.020531178E0
8.170764446E1,-1.011705399E-1,-5.811344087E-2,1.971954584E0
8.171765246E1,-7.949000597E-2,-1.100125909E-1,1.925622225E0
8.172765946E1,-4.855722934E-2,-1.288199276E-1,1.887237072E0
8.173766746E1,2.289971570E-3,-1.232230291E-1,1.853327036E0
8.174767546E1,8.220990002E-2,-1.042422503E-1,1.816142321E0
8.175768246E1,1.794837266E-1,-9.410252422E-2,1.781784177E0
8.176769046E1,2.784197628E-1,-9.885920584E-2,1.733704805E0
8.177769746E1,3.808944821E-1,-1.138999388E-1,1.663603783E0
8.178770546E1,4.760988355E-1,-1.236190870E-1,1.578660488E0
8.179771346E1,5.494835973E-1,-1.062307805E-1,1.482130170E0
8.180772046E1,6.066626310E-1,-5.754047632E-2,1.379390597E0
8.181772846E1,6.387664676E-1,1.976576075E-2,1.277122259E0
8.182773646E1,6.570153832E-1,1.439910382E-1,1.186225295E0
8.183774346E1,6.504253745E-1,2.753413618E-1,1.110069871E0
8.184775146E1,6.230813861E-1,3.898202777E-1,1.039329886E0
8.185775846E1,5.812330246E-1,4.710559845E-1,9.736267328E-1
8.186776646E1,5.243439674E-1,5.164914727E-1,9.086273313E-1
8.187777446E1,4.552594423E-1,5.230069160E-1,8.440051675E-1
8.188778146E1,3.650833964E-1,4.787468910E-1,7.826548219E-1
8.189778946E1,2.473850101E-1,3.947507739E-1,7.122890353E-1
8.190779646E1,1.066174656E-1,2.706534266E-1,6.342607737E-1
8.191780446E1,-3.646911681E-2,1.283495277E-1,5.518732071E-1
8.192781133E1,-1.519622952E-1,-1.007419545E-3,4.785035551E-1
8.193781833E1,-2.063893080E-1,-6.468040496E-2,4.246789515E-1
8.194782633E1,-1.590197086E-1,4.212176427E-4,4.089891613E-1
8.195783433E1,-1.548757777E-2,1.762175411E-1,4.354167879E-1
8.196784133E1,1.715769321E-1,3.978256583E-1,4.904211164E-1
8.197784933E1,3.385840356E-1,5.878560543E-1,5.469523072E-1
8.198785633E1,4.203184843E-1,6.878589392E-1,5.822525620E-1
8.199786433E1,4.115849137E-1,7.078592777E-1,5.784612894E-1
8.200787233E1,3.308488131E-1,6.324608922E-1,5.486320257E-1
8.201787933E1,1.993145049E-1,4.970168173E-1,4.956942201E-1
8.202788733E1,5.780944601E-2,3.416855037E-1,4.335375428E-1
8.203789533E1,-7.397361845E-2,1.980979741E-1,3.920042217E-1
8.204790233E1,-1.921850443E-1,8.405016363E-2,3.617877066E-1
8.205791033E1,-2.962624431E-1,-5.467464216E-4,3.354375958E-1
8.206791733E1,-3.701372445E-1,-4.620995745E-2,3.128521442E-1
8.207792533E1,-4.206014872E-1,-5.015276745E-2,2.918616533E-1
8.208793333E1,-4.530475736E-1,-3.093411773E-2,2.718400955E-1
8.209794033E1,-4.540095031E-1,5.605783779E-3,2.434486747E-1
8.210794833E1,-4.120682776E-1,6.019010767E-2,2.207371294E-1
8.211795633E1,-3.483361602E-1,1.236625537E-1,2.082141489E-1
8.212796333E1,-2.682167292E-1,1.839142144E-1,2.175977379E-1
8.213797133E1,-1.889573187E-1,2.168846875E-1,2.421837747E-1
8.214797833E1,-1.021299735E-1,2.405534685E-1,2.795753181E-1
8.215798633E1,5.422849674E-3,2.499893010E-1,3.250202835E-1
8.216799433E1,1.357488036E-1,2.421531379E-1,3.606667519E-1
8.217800133E1,2.883692384E-1,2.515937984E-1,3.833891153E-1
8.218800933E1,4.284196794E-1,2.676667571E-1,3.870022595E-1
8.219801733E1,5.171423554E-1,2.841589153E-1,3.692198098E-1
8.220802433E1,5.402755737E-1,2.712718248E-1,3.378053904E-1
8.221803233E1,5.070494413E-1,2.348799706E-1,2.895747423E-1
8.222803933E1,4.271589816E-1,1.772310883E-1,2.251266241E-1
8.223804733E1,3.186040223E-1,1.197968125E-1,1.524777263E-1
8.224805533E1,1.977584362E-1,7.448813319E-2,7.581770420E-2
8.225806233E1,9.253935516E-2,7.271046937E-2,2.710731234E-3
8.226807033E1,6.762724370E-3,1.226379499E-1,-5.002107099E-2
8.227807733E1,-5.991243944E-2,2.093326300E-1,-9.142576903E-2
8.228808533E1,-1.131836548E-1,2.991721928E-1,-1.228163317E-1
8.229809333E1,-1.541547775E-1,3.497003615E-1,-1.450252384E-1
8.230810033E1,-1.919028014E-1,3.412697911E-1,-1.676503420E-1
8.231810833E1,-2.123444229E-1,2.902558744E-1,-1.811898500E-1
8.232811633E1,-2.248250693E-1,2.331113964E-1,-1.795523018E-1
8.233812333E1,-2.257768810E-1,1.650971919E-1,-1.735687107E-1
8.234813133E1,-2.225736678E-1,9.644470364E-2,-1.616522968E-1
8.235813833E1,-2.267273962E-1,3.215146810E-2,-1.473753601E-1
8.236814633E1,-2.280402780E-1,-1.150400285E-2,-1.300969124E-1
8.237815433E1,-2.250982821E-1,-5.103144050E-2,-1.089191958E-1
8.238816133E1,-2.097738087E-1,-9.382306039E-2,-8.785925061E-2
8.239816933E1,-1.677033156E-1,-1.131576076E-1,-5.952481180E-2
8.240817733E1,-1.013435796E-1,-1.293677688E-1,-2.596290782E-2
8.241818433E1,-1.186216716E-2,-1.324913949E-1,1.469781389E-3
8.242819233E1,7.700119168E-2,-1.264051348E-1,2.342020534E-2
8.243819933E1,1.458313912E-1,-1.172417253E-1,5.009842291E-2
8.244820733E1,1.845063567E-1,-1.056690142E-1,7.405338436E-2
8.245821533E1,1.962080300E-1,-1.022833362E-1,9.512484819E-2
8.246822233E1,1.880197972E-1,-1.077538654E-1,1.154925227E-1
8.247823033E1,1.704634428E-1,-1.293534338E-1,1.313066483E-1
8.248823833E1,1.677318662E-1,-1.389778852E-1,1.424584687E-1
8.249824533E1,1.794662923E-1,-1.444373578E-1,1.465557367E-1
8.250825333E1,2.058219165E-1,-1.451051235E-1,1.448265165E-1
8.251826033E1,2.415772527E-1,-1.425333172E-1,1.362793595E-1
8.252826833E1,2.803844213E-1,-1.481248736E-1,1.274614930E-1
8.253827633E1,3.049132228E-1,-1.659057289E-1,1.168961897E-1
8.254828333E1,3.221051395E-1,-1.777534038E-1,1.021726280E-1
8.255829133E1,3.148397505E-1,-1.875687540E-1,9.068721533E-2
8.256829933E1,2.926470339E-1,-2.028234154E-1,7.749183476E-2
8.257830633E1,2.548093498E-1,-2.255196869E-1,5.585071445E-2
8.258831433E1,2.160093486E-1,-2.461607307E-1,2.446023375E-2
8.259832133E1,1.860871315E-1,-2.453335673E-1,5.426518619E-4
8.260832933E1,1.723405421E-1,-2.162690759E-1,-1.692275703E-2
8.261833733E1,1.753051728E-1,-1.782127619E-1,-2.385283448E-2
8.262834433E1,1.875687689E-1,-1.495593190E-1,-2.459460683E-2
8.263835233E1,1.919134557E-1,-1.383820325E-1,-1.998600736E-2
8.264835933E1,1.971879005E-1,-1.354500204E-1,-1.825217344E-2
8.265836733E1,2.021837234E-1,-1.430703998E-1,-1.930039376E-2
8.266837533E1,2.127766162E-1,-1.545630395E-1,-1.691253483E-2
8.267838233E1,2.334493995E-1,-1.529377252E-1,-1.454924699E-2
8.268839033E1,2.497790456E-1,-1.410460472E-1,-9.714394808E-3
8.269839833E1,2.521772087E-1,-1.426173151E-1,1.590990694E-3
8.270840533E1,2.363790423E-1,-1.642716527E-1,5.168931093E-3
8.271841333E1,1.959767640E-1,-2.299998105E-1,-3.691938706E-3
8.272842033E1,1.289189756E-1,-3.376491666E-1,-2.085769549E-2
8.273842833E1,4.757910594E-2,-4.889430702E-1,-5.355172232E-2
8.274843633E1,-5.553844199E-2,-7.056983709E-1,-9.367417544E-2
8.275844333E1,-1.752792299E-1,-9.485810995E-1,-1.580651551E-1
8.276845133E1,-2.668179572E-1,-1.127648234E0,-2.401303649E-1
8.277845933E1,-3.226844370E-1,-1.183955669E0,-3.213509023E-1
8.278846633E1,-3.217923343E-1,-1.090683699E0,-3.789289594E-1
8.279847433E1,-2.587939203E-1,-8.669291735E-1,-4.032015502E-1
8.280848133E1,-1.712593585E-1,-5.625473261E-1,-3.892321289E-1
8.281848933E1,-9.482051432E-2,-2.238714993E-1,-3.586238921E-1
8.282849733E1,-6.509233266E-2,6.562054902E-2,-3.151827157E-1
8.283850433E1,-9.093484282E-2,2.456507683E-1,-2.755170465E-1
8.284851233E1,-1.432064027E-1,2.966507375E-1,-2.378068715E-1
8.285852033E1,-1.925526559E-1,2.385131121E-1,-2.151644081E-1
8.286852733E1,-2.309918702E-1,1.126688495E-1,-2.059578896E-1
8.287853533E1,-2.559920251E-1,-4.469760135E-2,-2.079635262E-1
8.288854233E1,-2.615340650E-1,-2.114525139E-1,-2.089767456E-1
8.289855033E1,-2.532910705E-1,-3.338481784E-1,-2.098521143E-1
8.290855833E1,-2.125898153E-1,-3.847473562E-1,-2.090625912E-1
8.291856533E1,-1.213688254E-1,-3.457901180E-1,-1.953912526E-1
8.292857317E1,-1.385464333E-2,-2.501663268E-1,-1.765348464E-1
8.293858017E1,8.355979621E-2,-1.321970820E-1,-1.601470858E-1
8.294858817E1,1.417141259E-1,-3.654102236E-2,-1.446335763E-1
8.295859617E1,1.496918947E-1,2.032385953E-2,-1.301662177E-1
8.296860317E1,1.097477078E-1,3.723248094E-2,-1.152923033E-1
8.297861117E1,2.839559503E-2,8.814955130E-3,-1.094533205E-1
8.298861917E1,-7.775938511E-2,-4.298531264E-2,-1.131589264E-1
8.299862617E1,-1.848570853E-1,-1.082346216E-1,-1.260515600E-1
8.300863417E1,-2.779343724E-1,-1.805493534E-1,-1.525866240E-1
8.301864117E1,-3.455608189E-1,-2.296236902E-1,-1.747686267E-1
8.302864917E1,-3.706468344E-1,-2.333338261E-1,-1.705888659E-1
8.303865717E1,-3.660973608E-1,-2.125814110E-1,-1.480121911E-1
8.304866417E1,-3.555520475E-1,-2.000179738E-1,-1.256980598E-1
8.305867217E1,-3.488070369E-1,-1.682142317E-1,-1.071619242E-1
8.306868017E1,-3.339188993E-1,-1.438556314E-1,-7.853560150E-2
8.307868717E1,-3.086939752E-1,-9.712354094E-2,-5.395862088E-2
8.308869517E1,-2.814456224E-1,-6.047330797E-2,-3.805264458E-2
8.309870217E1,-2.442236841E-1,-1.607121900E-2,-2.421885170E-2
8.310871017E1,-1.905733049E-1,3.364240378E-2,-1.949617406E-3
8.311871817E1,-1.270337403E-1,8.137343824E-2,3.079554625E-2
8.312872517E1,-5.892259628E-2,1.110607386E-1,7.525580376E-2
8.313873317E1,-3.043086035E-3,1.203107014E-1,1.156674102E-1
8.314874117E1,4.674047604E-2,1.370137334E-1,1.501364261E-1
8.315874817E1,8.960724622E-2,1.641702652E-1,1.872683465E-1
8.316875617E1,1.178701818E-1,2.011836469E-1,2.207691967E-1
8.317876317E1,1.270245314E-1,2.266810238E-1,2.363524139E-1
8.318877117E1,1.203535572E-1,2.511358559E-1,2.263137698E-1
8.319877917E1,1.043783128E-1,2.690120339E-1,2.086125314E-1
8.320878617E1,6.511249393E-2,2.894737124E-1,2.003428638E-1
8.321879417E1,1.978096552E-2,3.193706274E-1,2.018371671E-1
8.322880117E1,-3.427632153E-2,3.333403468E-1,2.190130502E-1
8.323880917E1,-9.187224507E-2,3.086184859E-1,2.353960276E-1
8.324881717E1,-1.303791255E-1,2.715051472E-1,2.604162395E-1
8.325882417E1,-1.228900477E-1,2.397527993E-1,2.916801572E-1
8.326883217E1,-7.255411148E-2,2.209113389E-1,3.256984353E-1
8.327884017E1,1.785913855E-2,2.254043519E-1,3.650077581E-1
8.328884717E1,1.495887190E-1,2.629535198E-1,4.219522178E-1
8.329885517E1,2.911080420E-1,3.124741912E-1,4.780498445E-1
8.330886217E1,3.942250609E-1,3.181864917E-1,5.278666615E-1
8.331887017E1,4.383296967E-1,2.820934653E-1,5.645359755E-1
8.332887817E1,4.211092889E-1,2.252021581E-1,5.757126808E-1
8.333888517E1,3.476441503E-1,1.388691366E-1,5.566660166E-1
8.334889317E1,2.134279013E-1,-2.661961131E-3,4.927272201E-1
8.335890117E1,2.567611262E-2,-1.654929519E-1,3.729805946E-1
8.336890817E1,-1.770188361E-1,-3.134602308E-1,2.456034720E-1
8.337891617E1,-3.283295333E-1,-3.944413662E-1,1.373853832E-1
8.338892317E1,-3.748292625E-1,-3.763542175E-1,8.263457566E-2
8.339893117E1,-2.997361124E-1,-2.349113375E-1,9.175430238E-2
8.340893917E1,-1.299952269E-1,4.416135140E-3,1.626010835E-1
8.341894617E1,8.231332153E-2,2.562670112E-1,2.810217142E-1
8.342895417E1,2.957698703E-1,4.535503983E-1,4.185554981E-1
8.343896217E1,4.991264641E-1,5.726016760E-1,5.385946035E-1
8.344896917E1,6.697999835E-1,5.963169932E-1,6.214595437E-1
8.345897717E1,7.724382281E-1,5.145507455E-1,6.567866802E-1
8.346898417E1,8.092497587E-1,3.956217766E-1,6.436098218E-1
8.347899217E1,7.837691903E-1,2.661748528E-1,5.949357152E-1
8.348900017E1,7.109479904E-1,1.499699950E-1,5.361458063E-1
8.349900717E1,6.061110497E-1,6.581437588E-2,4.778167307E-1
8.350901517E1,4.612080753E-1,9.427325800E-3,4.140514731E-1
8.351902217E1,2.775074840E-1,-4.768283293E-2,3.422593176E-1
8.352903017E1,7.938183099E-2,-9.525208175E-2,2.687117159E-1
8.353903817E1,-1.086716950E-1,-1.258182526E-1,2.131565958E-1
8.354904517E1,-2.579654753E-1,-1.448159069E-1,1.806532294E-1
8.355905317E1,-3.517851830E-1,-1.550448388E-1,1.521534026E-1
8.356906117E1,-3.880481720E-1,-1.468930244E-1,1.293987930E-1
8.357906817E1,-3.763267994E-1,-1.042451486E-1,1.196132675E-1
8.358907617E1,-3.181761503E-1,-3.934367374E-2,1.257722676E-1
8.359908317E1,-2.276424915E-1,2.950995788E-2,1.368408948E-1
8.360909117E1,-1.239119694E-1,9.850420058E-2,1.476821303E-1
8.361909917E1,-1.408240758E-2,1.439153552E-1,1.580570042E-1
8.362910617E1,9.630689770E-2,1.885156631E-1,1.618878841E-1
8.363911417E1,1.841842830E-1,2.411796749E-1,1.726696938E-1
8.364912217E1,2.230693251E-1,2.587164640E-1,1.622803807E-1
8.365912917E1,2.116896510E-1,2.609817386E-1,1.608036608E-1
8.366913717E1,1.580501944E-1,2.464718372E-1,1.503292471E-1
8.367914417E1,8.989164978E-2,2.089593410E-1,1.269943714E-1
8.368915217E1,1.788087562E-2,1.679774970E-1,8.825965226E-2
8.369916017E1,-4.686269909E-2,1.387466341E-1,4.410497844E-2
8.370916717E1,-9.520971030E-2,1.256662160E-1,-1.360740513E-3
8.371917517E1,-1.234706491E-1,1.187845990E-1,-3.978881985E-2
8.372918317E1,-1.353806406E-1,1.208566949E-1,-6.627286226E-2
8.373919017E1,-1.431325674E-1,1.131369919E-1,-6.873948127E-2
8.374919817E1,-1.550919563E-1,8.857583255E-2,-6.157501414E-2
8.375920517E1,-1.664529890E-1,5.367137492E-2,-5.486837402E-2
8.376921317E1,-1.744048893E-1,-8.012572303E-3,-4.920114949E-2
8.377922117E1,-1.785767227E-1,-7.206825167E-2,-5.533600971E-2
8.378922817E1,-1.745421141E-1,-1.222183481E-1,-7.155390084E-2
8.379923617E1,-1.709758639E-1,-1.531397849E-1,-8.282972127E-2
8.380924417E1,-1.659090817E-1,-1.449156702E-1,-8.652622253E-2
8.381925117E1,-1.590133607E-1,-1.140730679E-1,-7.239522040E-2
8.382925917E1,-1.518784016E-1,-7.676046342E-2,-5.378833041E-2
8.383926617E1,-1.502522826E-1,-5.684188381E-2,-3.040125035E-2
8.384927417E1,-1.448119879E-1,-9.097190201E-2,-1.543230098E-2
8.385928217E1,-1.274950504E-1,-1.552403718E-1,-6.348791532E-3
8.386928917E1,-1.138412431E-1,-2.282792479E-1,-2.015593275E-2
8.387929717E1,-1.236491278E-1,-2.934236526E-1,-4.448497295E-2
8.388930417E1,-1.447200775E-1,-3.565533161E-1,-5.217343569E-2
8.389931217E1,-1.570734084E-1,-3.950274587E-1,-5.027833208E-2
8.390932017E1,-1.269907206E-1,-3.611595333E-1,-5.043270066E-2
8.391932717E1,-5.873203650E-2,-2.406349629E-1,-2.478699200E-2
8.392933504E1,7.158050314E-3,-8.901700377E-2,7.547467016E-3
8.393934304E1,4.129524902E-2,2.578707039E-2,2.982480638E-2
8.394935004E1,4.578537494E-2,7.743100822E-2,4.326952621E-2
8.395935804E1,1.404209342E-2,5.673691630E-2,3.764066845E-2
8.396936504E1,-4.150248319E-2,-3.482184187E-2,6.643389352E-3
8.397937304E1,-9.442721307E-2,-1.806815863E-1,-5.016183481E-2
8.398938104E1,-1.270021349E-1,-3.561925292E-1,-1.125406772E-1
8.399938804E1,-1.329484433E-1,-5.052767992E-1,-1.714948118E-1
8.400939604E1,-1.129832938E-1,-5.875210762E-1,-2.179952115E-1
8.401940404E1,-8.399718255E-2,-5.975286961E-1,-2.611948848E-1
8.402941104E1,-4.543923959E-2,-5.196485519E-1,-3.015822768E-1
8.403941904E1,5.332594272E-3,-3.795420825E-1,-3.355982900E-1
8.404942604E1,4.952386767E-2,-1.934161037E-1,-3.656489551E-1
8.405943404E1,9.850872308E-2,4.661781341E-2,-3.689733744E-1
8.406944204E1,1.404534280E-1,2.720601559E-1,-3.488324583E-1
8.407944904E1,1.525598913E-1,4.054190218E-1,-3.167940974E-1
8.408945704E1,1.205282360E-1,4.512447417E-1,-3.005557060E-1
8.409946404E1,6.222524866E-2,4.185043871E-1,-2.795550823E-1
8.410947204E1,-5.579249933E-3,2.996278405E-1,-2.578168213E-1
8.411948004E1,-6.233574077E-2,1.309732944E-1,-2.384577841E-1
8.412948704E1,-9.352330863E-2,-5.624675751E-2,-2.329302281E-1
8.413949504E1,-1.068593562E-1,-2.464553267E-1,-2.449259013E-1
8.414950304E1,-1.293961704E-1,-4.027957618E-1,-2.827531993E-1
8.415951004E1,-1.636950225E-1,-4.815441072E-1,-3.225650787E-1
8.416951804E1,-1.875826567E-1,-4.674956203E-1,-3.567056656E-1
8.417952504E1,-1.948259324E-1,-3.624890447E-1,-3.811683953E-1
8.418953304E1,-1.840265244E-1,-1.977536678E-1,-3.955338299E-1
8.419954104E1,-1.754599363E-1,-6.236962043E-3,-4.038860500E-1
8.420954804E1,-1.745872498E-1,1.906138659E-1,-3.921791911E-1
8.421955604E1,-1.780996919E-1,3.443461657E-1,-3.700304925E-1
8.422956404E1,-1.768663526E-1,4.263674915E-1,-3.422528803E-1
8.423957104E1,-1.760168076E-1,4.223349094E-1,-3.150478899E-1
8.424957904E1,-1.784507185E-1,3.502591848E-1,-2.921374440E-1
8.425958604E1,-1.800161153E-1,2.384527475E-1,-2.670299709E-1
8.426959404E1,-1.781119257E-1,1.035010144E-1,-2.479722649E-1
8.427960204E1,-1.675330549E-1,-2.409342863E-2,-2.259660363E-1
8.428960904E1,-1.475362480E-1,-1.077817753E-1,-1.953791380E-1
8.429961704E1,-1.268482804E-1,-1.568574458E-1,-1.642672867E-1
8.430962504E1,-1.075063646E-1,-1.780176908E-1,-1.344738007E-1
8.431963204E1,-9.131461382E-2,-1.637263745E-1,-1.097370312E-1
8.432964004E1,-8.343622088E-2,-1.440769434E-1,-8.692798764E-2
8.433964704E1,-8.114323765E-2,-1.168088317E-1,-6.984540820E-2
8.434965504E1,-7.554596663E-2,-9.367389232E-2,-5.562426522E-2
8.435966304E1,-4.529858753E-2,-7.816790789E-2,-4.719216377E-2
8.436967004E1,3.149321675E-2,-5.311013758E-2,-2.831386216E-2
8.437967804E1,1.535962224E-1,-2.605295740E-2,4.542089067E-3
8.438968504E1,2.986411154E-1,1.254993491E-2,3.547234461E-2
8.439969304E1,4.242078364E-1,6.292336434E-2,7.228441536E-2
8.440970104E1,4.963812232E-1,1.030526683E-1,1.064156666E-1
8.441970804E1,5.025016665E-1,1.400090903E-1,1.431307942E-1
8.442971604E1,4.457659423E-1,1.781016886E-1,1.743676662E-1
8.443972404E1,3.402477801E-1,2.094734609E-1,2.039700300E-1
8.444973104E1,2.115560323E-1,2.331227362E-1,2.146989107E-1
8.445973904E1,8.023635298E-2,2.564509511E-1,2.118434757E-1
8.446974604E1,-4.064070433E-2,2.731179297E-1,1.919449717E-1
8.447975404E1,-1.086136326E-1,2.999375761E-1,1.834633350E-1
8.448976204E1,-1.349127889E-1,3.229345679E-1,1.996782124E-1
8.449976904E1,-1.326112896E-1,3.256403506E-1,2.318917960E-1
8.450977704E1,-1.090492979E-1,2.971225381E-1,2.752551436E-1
8.451978504E1,-6.436518580E-2,2.421578169E-1,3.153058887E-1
8.452979204E1,-1.768125221E-2,1.549988538E-1,3.493175805E-1
8.453980004E1,1.872495748E-2,5.563364923E-2,3.704777062E-1
8.454980704E1,5.394402146E-2,-3.221274912E-2,3.853113651E-1
8.455981504E1,8.491259068E-2,-8.814153075E-2,3.895255327E-1
8.456982304E1,1.182260439E-1,-9.741675109E-2,3.912592828E-1
8.457983004E1,1.692194492E-1,-2.631114982E-2,3.880816102E-1
8.458983804E1,2.298816592E-1,8.952669054E-2,3.802884519E-1
8.459984604E1,2.951029837E-1,2.078037858E-1,3.764982224E-1
8.460985304E1,3.320325315E-1,3.030729890E-1,3.745786548E-1
8.461986104E1,3.275035620E-1,3.427088261E-1,3.744902313E-1
8.462986804E1,2.950927317E-1,3.180121481E-1,3.702629805E-1
8.463987604E1,2.431296557E-1,2.467810810E-1,3.444103599E-1
8.464988404E1,1.889251918E-1,1.642325670E-1,2.873515487E-1
8.465989104E1,1.086644381E-1,8.102396876E-2,2.023932636E-1
8.466989904E1,-1.037776191E-2,5.529455096E-2,1.053741798E-1
8.467990604E1,-1.306266785E-1,1.005083621E-1,2.962535620E-2
8.468991404E1,-2.118669003E-1,1.866535544E-1,-7.300155237E-3
8.469992204E1,-2.194688916E-1,3.267803192E-1,9.767510928E-3
8.470992904E1,-1.455726027E-1,5.010589957E-1,7.805947214E-2
8.471993704E1,-1.698519918E-3,6.527166963E-1,1.762859076E-1
8.472994504E1,1.818124652E-1,7.283075452E-1,2.809392512E-1
8.473995204E1,3.613033891E-1,6.990231276E-1,3.670376539E-1
8.474996004E1,4.989166856E-1,5.591903329E-1,4.148381054E-1
8.475996704E1,5.861607790E-1,3.677730262E-1,4.373535216E-1
8.476997504E1,6.202767491E-1,1.839175224E-1,4.471284151E-1
8.477998304E1,6.090201139E-1,5.062631890E-2,4.382108152E-1
8.478999004E1,5.538860559E-1,-3.358427063E-2,4.270401597E-1
8.479999804E1,4.591749907E-1,-1.028474942E-1,4.101325274E-1
8.481000604E1,3.272704780E-1,-1.656855941E-1,3.839257061E-1
8.482001304E1,1.716856956E-1,-2.182175070E-1,3.433012962E-1
8.483002104E1,-3.730991390E-3,-2.613785565E-1,2.894452810E-1
8.484002804E1,-1.708912253E-1,-2.906376421E-1,2.208739668E-1
8.485003604E1,-3.137892485E-1,-2.990529239E-1,1.490975767E-1
8.486004404E1,-4.140775204E-1,-2.822747529E-1,9.009152651E-2
8.487005104E1,-4.702762961E-1,-2.365728617E-1,5.502670258E-2
8.488005904E1,-4.905389547E-1,-1.670869887E-1,6.360261142E-2
8.489006704E1,-4.687741399E-1,-8.038807660E-2,1.023632735E-1
8.490007404E1,-4.005870819E-1,-2.022913098E-2,1.571436971E-1
8.491008204E1,-2.921832800E-1,1.449025981E-2,2.071043849E-1
8.492008904E1,-1.680805087E-1,4.246064276E-2,2.365853041E-1
8.493009742E1,-3.904382512E-2,4.932920262E-2,2.670074403E-1
8.494010542E1,7.129146904E-2,4.127580300E-2,2.921681702E-1
8.495011242E1,1.445300579E-1,4.163600877E-2,3.041111231E-1
8.496012042E1,1.799716800E-1,5.095334351E-2,3.125650585E-1
8.497012742E1,1.861968189E-1,7.009214908E-2,3.222688138E-1
8.498013542E1,1.839054376E-1,7.486853004E-2,3.165291846E-1
8.499014342E1,1.750692278E-1,8.653603494E-2,3.140660226E-1
8.500015042E1,1.582734734E-1,9.213054180E-2,3.010554016E-1
8.501015842E1,1.259644479E-1,7.331868261E-2,2.703169882E-1
8.502016642E1,8.133518696E-2,3.761128709E-2,2.312678397E-1
8.503017342E1,2.405702509E-2,-1.894423738E-2,1.763756871E-1
8.504018142E1,-4.449540377E-2,-8.127232641E-2,1.181922927E-1
8.505018842E1,-1.103991419E-1,-1.185902208E-1,6.167020649E-2
8.506019642E1,-1.755099744E-1,-1.299067885E-1,1.668329164E-2
8.507020442E1,-2.378204465E-1,-1.162000895E-1,-1.363077480E-2
8.508021142E1,-2.942637205E-1,-9.725622088E-2,-3.348091245E-2
8.509021942E1,-3.263776600E-1,-7.802433521E-2,-4.704134539E-2
8.510022742E1,-3.345309198E-1,-6.212872267E-2,-5.682659894E-2
8.511023442E1,-3.207224905E-1,-5.490855128E-2,-6.054951251E-2
8.512024242E1,-2.876345813E-1,-5.313887447E-2,-5.705118552E-2
8.513024942E1,-2.421967685E-1,-7.010670751E-2,-4.724038392E-2
8.514025742E1,-1.929565221E-1,-9.713166207E-2,-3.201509267E-2
8.515026542E1,-1.521369815E-1,-1.447643340E-1,-2.695475332E-2
8.516027242E1,-1.136787981E-1,-2.049448490E-1,-1.989817433E-2
8.517028042E1,-7.597386092E-2,-2.745018899E-1,-1.758337021E-2
8.518028842E1,-4.716405645E-2,-3.379524946E-1,-2.016503923E-2
8.519029542E1,-2.719643153E-2,-3.844199181E-1,-2.883932367E-2
8.520030342E1,-1.700877398E-2,-4.113295674E-1,-4.386487976E-2
8.521031042E1,2.996563679E-3,-3.826384246E-1,-5.411017686E-2
8.522031842E1,3.726319224E-2,-2.995778918E-1,-6.470184028E-2
8.523032642E1,8.503102511E-2,-1.823592335E-1,-6.646665931E-2
8.524033342E1,1.422016323E-1,-7.108650357E-2,-5.881326273E-2
8.525034142E1,2.064255923E-1,8.012094535E-3,-4.615748674E-2
8.526034842E1,2.640162110E-1,3.562241793E-2,-1.786007173E-2
8.527035642E1,3.021216094E-1,-4.493230954E-3,5.271828733E-3
8.528036442E1,3.207357526E-1,-1.145150736E-1,-1.494730706E-3
8.529037142E1,3.034766018E-1,-2.877997756E-1,-4.285435751E-2
8.530037942E1,2.513082325E-1,-4.617382884E-1,-1.220727414E-1
8.531038742E1,1.712390780E-1,-5.764361024E-1,-2.176179439E-1
8.532039442E1,3.787969053E-2,-6.482485533E-1,-3.201797307E-1
8.533040242E1,-1.426546723E-1,-6.401066780E-1,-4.146116078E-1
8.534040942E1,-3.381999433E-1,-5.532716513E-1,-4.897471070E-1
8.535041742E1,-5.082514882E-1,-4.268230796E-1,-5.412032604E-1
8.536042542E1,-6.233775020E-1,-2.823567092E-1,-5.765412450E-1
8.537043242E1,-6.852802038E-1,-1.609768569E-1,-6.014377475E-1
8.538044042E1,-6.768025756E-1,-6.270780414E-2,-6.122155190E-1
8.539044842E1,-5.933642983E-1,2.487339452E-2,-6.143766046E-1
8.540045542E1,-4.673107564E-1,1.137947440E-1,-5.860655904E-1
8.541046342E1,-3.198657334E-1,2.204478681E-1,-5.357225537E-1
8.542047042E1,-1.912555397E-1,3.137871325E-1,-4.597028792E-1
8.543047842E1,-9.461145848E-2,3.574411869E-1,-3.698224723E-1
8.544048642E1,-5.221387371E-3,3.407735229E-1,-2.675624192E-1
8.545049342E1,8.133468777E-2,2.696069181E-1,-1.687745303E-1
8.546050142E1,1.614537537E-1,1.313824654E-1,-9.763724357E-2
8.547050942E1,2.191560864E-1,-6.742014736E-2,-6.925971061E-2
8.548051642E1,2.385191321E-1,-2.834078372E-1,-8.181758225E-2
8.549052442E1,2.011005431E-1,-4.768103659E-1,-1.246332452E-1
8.550053142E1,1.132191643E-1,-6.075274348E-1,-1.935987324E-1
8.551053942E1,2.592914039E-3,-6.616963148E-1,-2.852771282E-1
8.552054742E1,-1.021843627E-1,-6.308614612E-1,-3.868375719E-1
8.553055442E1,-1.742351502E-1,-5.173130035E-1,-4.807374775E-1
8.554056242E1,-2.113185972E-1,-3.174321055E-1,-5.495085716E-1
8.555056942E1,-2.186618745E-1,-4.582325742E-2,-5.881208777E-1
8.556057742E1,-2.056829482E-1,2.346454263E-1,-5.985764265E-1
8.557058542E1,-1.981646568E-1,4.443660676E-1,-5.880926251E-1
8.558059242E1,-2.157811970E-1,5.362200737E-1,-5.779361129E-1
8.559060042E1,-2.599568963E-1,5.282193422E-1,-5.664674640E-1
8.560060842E1,-3.168745041E-1,4.516390860E-1,-5.522560477E-1
8.561061542E1,-3.544096947E-1,3.483079970E-1,-5.351343155E-1
8.562062342E1,-3.566033244E-1,2.352735847E-1,-5.156210661E-1
8.563063042E1,-3.186826110E-1,1.417897493E-1,-4.874766469E-1
8.564063842E1,-2.452698946E-1,8.825196326E-2,-4.430250227E-1
8.565064642E1,-1.515404731E-1,7.057602704E-2,-3.850477338E-1
8.566065342E1,-5.771012232E-2,8.960086107E-2,-3.265253007E-1
8.567066142E1,2.958458476E-2,1.294326782E-1,-2.594061196E-1
8.568066942E1,8.219853044E-2,1.689966023E-1,-1.930555850E-1
8.569067642E1,1.004916504E-1,1.982559413E-1,-1.262838691E-1
8.570068442E1,9.130773693E-2,1.994005740E-1,-6.072722748E-2
8.571069142E1,6.940346956E-2,1.713109463E-1,1.849049935E-3
8.572069942E1,5.853271484E-2,1.379950643E-1,5.968172103E-2
8.573070742E1,6.555986404E-2,9.851102531E-2,1.157547310E-1
8.574071442E1,8.616501093E-2,4.887289554E-2,1.667561382E-1
8.575072242E1,1.209622622E-1,-5.476606544E-3,2.146124393E-1
8.576073042E1,1.566225290E-1,-4.882727563E-2,2.610329390E-1
8.577073742E1,1.852038354E-1,-8.830014616E-2,2.855475247E-1
8.578074542E1,2.018427402E-1,-1.013957039E-1,2.888548970E-1
8.579075242E1,2.045112252E-1,-8.418156207E-2,2.914176583E-1
8.580076042E1,1.849364638E-1,-4.330630228E-2,2.933670878E-1
8.581076842E1,1.449751705E-1,6.017115433E-3,2.884258628E-1
8.582077542E1,9.721057117E-2,6.044600159E-2,2.735846043E-1
8.583078342E1,3.967681900E-2,1.035178751E-1,2.501299083E-1
8.584079142E1,-1.421757136E-2,1.463513523E-1,2.218085229E-1
8.585079842E1,-6.231207773E-2,1.816850007E-1,2.028124034E-1
8.586080642E1,-9.918380529E-2,2.045604885E-1,2.021026760E-1
8.587081342E1,-1.203337312E-1,2.064021379E-1,2.265323997E-1
8.588082142E1,-1.131027192E-1,2.029424310E-1,2.558956146E-1
8.589082942E1,-7.265023142E-2,2.083574086E-1,2.972005606E-1
8.590083642E1,1.295442041E-2,2.145809531E-1,3.419629931E-1
8.591084442E1,1.286494136E-1,2.439834327E-1,3.855703175E-1
8.592085142E1,2.526754737E-1,2.895344198E-1,4.157929122E-1
8.593085933E1,3.651358485E-1,3.266834319E-1,4.408381581E-1
8.594086733E1,4.475401640E-1,3.317103982E-1,4.571457505E-1
8.595087433E1,4.817830920E-1,2.925134301E-1,4.654690027E-1
8.596088233E1,4.821940064E-1,2.269005924E-1,4.643102586E-1
8.597089033E1,4.583492577E-1,1.590653956E-1,4.575342536E-1
8.598089733E1,4.227262735E-1,1.094136834E-1,4.491186738E-1
8.599090533E1,3.738600016E-1,7.122991979E-2,4.378639460E-1
8.600091233E1,2.993697822E-1,5.242160708E-2,3.992750049E-1
8.601092033E1,1.816291213E-1,7.098557055E-2,3.413644731E-1
8.602092833E1,2.195957117E-2,1.121892035E-1,2.675949037E-1
8.603093533E1,-1.548334658E-1,1.427252740E-1,1.888055205E-1
8.604094333E1,-2.666979432E-1,1.737955809E-1,1.408084333E-1
8.605095133E1,-2.784464061E-1,2.216050774E-1,1.441791356E-1
8.606095833E1,-1.878025383E-1,3.194570541E-1,1.896081418E-1
8.607096633E1,7.359423209E-3,4.490035176E-1,2.768316865E-1
8.608097333E1,2.535023391E-1,5.365373492E-1,3.825400174E-1
8.609098133E1,4.940563440E-1,5.667450428E-1,4.821814597E-1
8.610098933E1,6.869277954E-1,5.304394960E-1,5.541616678E-1
8.611099633E1,8.020637631E-1,4.345454574E-1,5.929272175E-1
8.612100433E1,8.249666691E-1,2.870691717E-1,5.962612629E-1
8.613101233E1,7.802638412E-1,1.400630474E-1,5.746269822E-1
8.614101933E1,6.808142066E-1,2.380542085E-2,5.527323484E-1
8.615102733E1,5.324940085E-1,-7.889859378E-2,5.280125141E-1
8.616103433E1,3.627467752E-1,-1.750581563E-1,4.936483800E-1
8.617104233E1,1.883955449E-1,-2.658222318E-1,4.464493990E-1
8.618105033E1,1.033818163E-2,-3.539017737E-1,3.839039803E-1
8.619105733E1,-1.657658219E-1,-4.397544265E-1,3.127177358E-1
8.620106533E1,-3.258383274E-1,-5.194476843E-1,2.379329801E-1
8.621107233E1,-4.518996477E-1,-5.815972090E-1,1.685241461E-1
8.622108033E1,-5.331500173E-1,-6.151612997E-1,1.139477268E-1
8.623108833E1,-5.711691380E-1,-5.963788629E-1,8.932826668E-2
8.624109533E1,-5.609506369E-1,-5.140262246E-1,9.967064857E-2
8.625110333E1,-4.954130650E-1,-3.830978870E-1,1.364061385E-1
8.626111133E1,-4.005725682E-1,-2.492559701E-1,1.822050661E-1
8.627111833E1,-3.001382351E-1,-1.444102377E-1,2.168053538E-1
8.628112633E1,-2.246184647E-1,-1.123255268E-1,2.318814993E-1
8.629113333E1,-1.843599230E-1,-1.505859643E-1,2.220582813E-1
8.630114133E1,-1.640421301E-1,-2.217261940E-1,1.929395348E-1
8.631114933E1,-1.524333209E-1,-2.780575156E-1,1.658009589E-1
8.632115633E1,-1.340449899E-1,-2.683569491E-1,1.445723772E-1
8.633116433E1,-1.097796559E-1,-2.001770288E-1,1.335726380E-1
8.634117233E1,-9.655998647E-2,-1.042281315E-1,1.229980290E-1
8.635117933E1,-1.042022333E-1,-1.787425764E-2,1.118361726E-1
8.636118733E1,-1.304074824E-1,3.933790326E-2,9.136045724E-2
8.637119433E1,-1.670457423E-1,6.180240959E-2,7.268703729E-2
8.638120233E1,-2.135546505E-1,4.882349446E-2,4.360771552E-2
8.639121033E1,-2.687143087E-1,3.969202749E-3,-2.946470398E-3
8.640121733E1,-3.282878995E-1,-6.892924011E-2,-6.027207896E-2
8.641122533E1,-3.923154771E-1,-1.557663679E-1,-1.215460375E-1
8.642123333E1,-4.413118064E-1,-2.239739299E-1,-1.660969853E-1
8.643124033E1,-4.744620025E-1,-2.671108544E-1,-1.851551682E-1
8.644124833E1,-4.728640914E-1,-2.637065351E-1,-1.935760826E-1
8.645125533E1,-4.311082065E-1,-2.186938375E-1,-1.800252497E-1
8.646126333E1,-3.536906540E-1,-1.654796153E-1,-1.491935700E-1
8.647127133E1,-2.585797906E-1,-1.222363487E-1,-1.066604182E-1
8.648127833E1,-1.526722759E-1,-9.624470025E-2,-6.363971531E-2
8.649128633E1,-4.030436277E-2,-9.556047618E-2,-3.249737248E-2
8.650129333E1,6.788123399E-2,-1.318806708E-1,-1.456444431E-2
8.651130133E1,1.499685496E-1,-2.083978802E-1,-1.594782434E-2
8.652130933E1,1.977589726E-1,-2.968177497E-1,-2.486302331E-2
8.653131633E1,2.121895254E-1,-3.965269327E-1,-3.957067803E-2
8.654132433E1,2.179826945E-1,-4.667936265E-1,-6.773680449E-2
8.655133233E1,2.452044189E-1,-4.978004694E-1,-1.013594940E-1
8.656133933E1,2.901631296E-1,-4.679751992E-1,-1.421993226E-1
8.657134733E1,3.483929932E-1,-3.876763582E-1,-1.744799316E-1
8.658135433E1,3.919567168E-1,-2.987062633E-1,-1.938853264E-1
8.659136233E1,4.118913412E-1,-2.260593474E-1,-1.977267265E-1
8.660137033E1,4.207572639E-1,-1.906435639E-1,-1.867036223E-1
8.661137733E1,4.276506007E-1,-2.145955861E-1,-1.674628258E-1
8.662138533E1,4.257437885E-1,-2.869680226E-1,-1.528726965E-1
8.663139333E1,4.110392332E-1,-4.132113457E-1,-1.444460005E-1
8.664140033E1,3.700294793E-1,-5.597331524E-1,-1.512663513E-1
8.665140833E1,3.132114708E-1,-7.007526159E-1,-1.583852917E-1
8.666141533E1,2.483864278E-1,-8.292448521E-1,-1.873229295E-1
8.667142333E1,1.815395057E-1,-9.393975139E-1,-2.852753401E-1
8.668143133E1,1.494159251E-1,-9.709879160E-1,-4.715464413E-1
8.669143833E1,1.504607052E-1,-8.724283576E-1,-6.913239360E-1
8.670144633E1,1.839427650E-1,-6.029415131E-1,-8.555238247E-1
8.671145433E1,2.807376683E-1,-1.583103389E-1,-9.174301624E-1
8.672146133E1,3.847719133E-1,3.270028532E-1,-8.520088196E-1
8.673146933E1,4.422518015E-1,7.668567896E-1,-7.076599598E-1
8.674147633E1,4.602377415E-1,1.105125308E0,-5.686003566E-1
8.675148433E1,4.545151591E-1,1.251988173E0,-4.644633532E-1
8.676149233E1,4.319760203E-1,1.211583495E0,-4.049470425E-1
8.677149933E1,4.138778746E-1,9.995458126E-1,-3.892281651E-1
8.678150733E1,3.853642046E-1,6.742031574E-1,-4.065770507E-1
8.679151533E1,3.330139816E-1,3.012368977E-1,-4.459554553E-1
8.680152233E1,2.387063801E-1,-1.031284332E-1,-5.027444363E-1
8.681153033E1,9.180647135E-2,-4.645567834E-1,-5.759931803E-1
8.682153733E1,-9.411918372E-2,-6.955468655E-1,-6.485009193E-1
8.683154533E1,-2.933794856E-1,-8.134206533E-1,-7.158436775E-1
8.684155333E1,-4.893849194E-1,-7.948467135E-1,-7.735479474E-1
8.685156033E1,-6.746832728E-1,-6.598133445E-1,-8.120278120E-1
8.686156833E1,-8.088517189E-1,-4.351746738E-1,-8.086962104E-1
8.687157533E1,-8.672442436E-1,-1.593216211E-1,-7.595861554E-1
8.688158333E1,-8.645219803E-1,9.991954267E-2,-6.672695875E-1
8.689159133E1,-8.195004463E-1,2.587861717E-1,-5.385142565E-1
8.690159833E1,-7.501410842E-1,3.130717874E-1,-3.981736600E-1
8.691160633E1,-6.481190920E-1,2.642765641E-1,-2.536776364E-1
8.692161433E1,-5.207805634E-1,1.366863698E-1,-1.324638575E-1
8.693162179E1,-3.645582795E-1,-2.746355534E-2,-3.988584504E-2
8.694162979E1,-1.938645691E-1,-1.902375668E-1,3.534898534E-2
8.695163679E1,-2.639732324E-2,-3.185363114E-1,9.205485880E-2
8.696164479E1,1.001651436E-1,-3.918456733E-1,1.349671632E-1
8.697165279E1,1.689227670E-1,-4.040309787E-1,1.661120057E-1
8.698165979E1,1.965357512E-1,-3.573859632E-1,1.945367306E-1
8.699166779E1,1.915981174E-1,-2.682039142E-1,2.165786773E-1
8.700167579E1,1.735118032E-1,-1.560230404E-1,2.238672227E-1
8.701168279E1,1.481480449E-1,-5.500413477E-2,2.125588655E-1
8.702169079E1,1.239676028E-1,2.420253493E-2,1.978283823E-1
8.703169779E1,1.126551554E-1,7.422789186E-2,1.966816038E-1
8.704170579E1,1.133361235E-1,8.732185513E-2,1.982645839E-1
8.705171379E1,1.372400522E-1,7.925423235E-2,1.988266706E-1
8.706172079E1,1.691641510E-1,6.519301236E-2,1.875742823E-1
8.707172879E1,1.963095218E-1,6.693094224E-2,1.717539430E-1
8.708173679E1,2.049301714E-1,9.067115188E-2,1.615372598E-1
8.709174379E1,1.920383722E-1,1.202556267E-1,1.662807316E-1
8.710175179E1,1.663210243E-1,1.542889476E-1,1.836519986E-1
8.711175879E1,1.424708962E-1,1.891024709E-1,2.098785341E-1
8.712176679E1,1.367839724E-1,2.164526135E-1,2.492278069E-1
8.713177479E1,1.480201185E-1,2.222441435E-1,2.872055769E-1
8.714178179E1,1.780091822E-1,2.130189538E-1,3.209092319E-1
8.715178979E1,2.180066407E-1,1.893903762E-1,3.497151732E-1
8.716179679E1,2.652226090E-1,1.530749798E-1,3.688915372E-1
8.717180479E1,3.064521551E-1,1.235851273E-1,3.829247057E-1
8.718181279E1,3.391560614E-1,1.067305133E-1,3.964181542E-1
8.719181979E1,3.533811867E-1,1.028486714E-1,4.033934176E-1
8.720182779E1,3.544472456E-1,9.827496111E-2,3.997177184E-1
8.721183579E1,3.485831618E-1,1.249621212E-1,3.909609318E-1
8.722184279E1,3.380266726E-1,1.557280123E-1,3.703515232E-1
8.723185079E1,3.204791248E-1,1.834059060E-1,3.468685150E-1
8.724185779E1,3.154340386E-1,2.224766016E-1,3.187122345E-1
8.725186579E1,3.015283048E-1,2.498781830E-1,2.843891382E-1
8.726187379E1,2.917971015E-1,2.652771473E-1,2.438057512E-1
8.727188079E1,2.697857022E-1,2.731225491E-1,2.069293410E-1
8.728188879E1,2.477861345E-1,2.973471880E-1,1.743013561E-1
8.729189679E1,2.300552875E-1,3.144548833E-1,1.596338302E-1
8.730190379E1,2.309405208E-1,3.306575418E-1,1.568953097E-1
8.731191179E1,2.515037358E-1,3.385660946E-1,1.604723185E-1
8.732191879E1,2.866401374E-1,3.321537375E-1,1.667081118E-1
8.733192679E1,3.282958865E-1,3.113961518E-1,1.790343672E-1
8.734193479E1,3.593533933E-1,2.810137272E-1,1.890704930E-1
8.735194179E1,3.734683990E-1,2.522199452E-1,1.946691573E-1
8.736194979E1,3.717320263E-1,2.267007232E-1,1.924499422E-1
8.737195679E1,3.524023294E-1,2.042237669E-1,1.754313260E-1
8.738196479E1,3.077099621E-1,1.776366383E-1,1.493954659E-1
8.739197279E1,2.385049313E-1,1.596903950E-1,1.187047660E-1
8.740197979E1,1.513495147E-1,1.613325030E-1,9.381938726E-2
8.741198779E1,6.144605577E-2,1.805899590E-1,8.525930345E-2
8.742199579E1,-7.788674906E-3,2.181562483E-1,7.300183922E-2
8.743200279E1,-5.419481546E-2,2.526130676E-1,6.666821241E-2
8.744201079E1,-6.704430282E-2,2.995188236E-1,6.491319090E-2
8.745201779E1,-6.890378147E-2,3.373059928E-1,7.047189027E-2
8.746202579E1,-6.784703583E-2,3.537662029E-1,8.108724654E-2
8.747203379E1,-6.575645506E-2,3.492878377E-1,9.822948277E-2
8.748204079E1,-5.880454183E-2,3.177035451E-1,1.151943505E-1
8.749204879E1,-5.401470512E-2,2.657604516E-1,1.230256781E-1
8.750205679E1,-5.869627744E-2,1.913519651E-1,1.280907393E-1
8.751206379E1,-7.513132691E-2,1.229433641E-1,1.312864423E-1
8.752207179E1,-8.589742333E-2,8.269421011E-2,1.376934797E-1
8.753207879E1,-8.258610219E-2,7.397142798E-2,1.454828978E-1
8.754208679E1,-6.349097192E-2,1.042848527E-1,1.558859944E-1
8.755209479E1,-3.755185753E-2,1.669931114E-1,1.795685142E-1
8.756210179E1,-2.117767930E-2,2.357884198E-1,1.998753846E-1
8.757210979E1,-1.881392114E-2,2.779272199E-1,2.162228078E-1
8.758211779E1,-3.875833377E-2,2.919898033E-1,2.245185524E-1
8.759212479E1,-6.692562252E-2,2.933426201E-1,2.263043374E-1
8.760213279E1,-7.333745062E-2,2.669911683E-1,2.375535369E-1
8.761213979E1,-4.978847131E-2,2.176524103E-1,2.535644770E-1
8.762214779E1,-4.705152009E-3,1.552822441E-1,2.672073245E-1
8.763215579E1,5.764406547E-2,9.842199087E-2,2.794630229E-1
8.764216279E1,1.233335957E-1,5.064914376E-2,2.845238447E-1
8.765217079E1,1.818392128E-1,1.288583688E-2,2.691519558E-1
8.766217779E1,2.194015086E-1,-2.800593525E-2,2.496179491E-1
8.767218579E1,2.281260043E-1,-6.029993296E-2,2.249614149E-1
8.768219379E1,2.202326655E-1,-7.040876150E-2,2.051437646E-1
8.769220079E1,2.185318470E-1,-5.355761945E-2,1.883256733E-1
8.770220879E1,2.295584083E-1,-8.971244097E-3,1.720497608E-1
8.771221679E1,2.371601611E-1,4.175872728E-2,1.525339484E-1
8.772222379E1,2.174916565E-1,9.138832986E-2,1.329232305E-1
8.773223179E1,1.744037420E-1,1.315947473E-1,1.103532910E-1
8.774223879E1,1.127758101E-1,1.634256542E-1,9.181316197E-2
8.775224679E1,5.383943394E-2,1.912854165E-1,7.222379744E-2
8.776225479E1,-2.301220223E-2,1.923400313E-1,4.487260059E-2
8.777226179E1,-1.058907509E-1,2.113779932E-1,1.257639658E-2
8.778226979E1,-1.837852895E-1,2.330388129E-1,-9.684167802E-3
8.779227779E1,-2.638627291E-1,2.301491499E-1,-3.326261416E-2
8.780228479E1,-3.270938993E-1,2.123419195E-1,-4.422764853E-2
8.781229279E1,-3.747014999E-1,1.730490625E-1,-4.352736846E-2
8.782229979E1,-3.937364221E-1,1.212524474E-1,-4.208074138E-2
8.783230779E1,-3.816072047E-1,6.373465061E-2,-4.962671176E-2
8.784231579E1,-3.406651020E-1,2.739501931E-2,-6.277846545E-2
8.785232279E1,-2.807861865E-1,2.125548664E-3,-8.217507601E-2
8.786233079E1,-2.136476189E-1,-1.551477704E-3,-9.527277201E-2
8.787233879E1,-1.473320127E-1,2.264419198E-2,-8.949301392E-2
8.788234579E1,-9.803636372E-2,5.431317165E-2,-7.512925565E-2
8.789235379E1,-6.773917377E-2,9.475697577E-2,-6.182391569E-2
8.790236079E1,-4.925922677E-2,1.271183789E-1,-5.590690672E-2
8.791236879E1,-3.464107588E-2,1.583376825E-1,-5.521276966E-2
8.792237679E1,-2.003603242E-2,1.771180183E-1,-6.566408277E-2
8.793238333E1,-1.293296181E-2,1.649329662E-1,-7.759003341E-2
8.794239133E1,-1.356386486E-2,1.359745562E-1,-7.928486913E-2
8.795239833E1,-2.070475183E-2,1.071376130E-1,-6.913524866E-2
8.796240633E1,-2.143312618E-2,7.483586669E-2,-4.794420302E-2
8.797241433E1,-1.172871795E-2,5.221395940E-2,-2.417582646E-2
8.798242133E1,6.130440161E-3,4.656699300E-2,-3.378403373E-3
8.799242933E1,2.984543145E-2,5.595980585E-2,1.386719663E-2
8.800243733E1,4.920394719E-2,6.940051168E-2,2.989410050E-2
8.801244433E1,6.147849932E-2,6.773698330E-2,5.425629765E-2
8.802245233E1,7.239080220E-2,5.851126462E-2,8.021173626E-2
8.803245933E1,7.862129062E-2,3.668371215E-2,9.821894765E-2
8.804246733E1,8.158858120E-2,5.555888638E-3,9.377866238E-2
8.805247533E1,8.148418367E-2,-2.616475523E-2,7.797493041E-2
8.806248233E1,7.490458339E-2,-5.250128731E-2,6.084174663E-2
8.807249033E1,6.250935793E-2,-6.043042988E-2,5.091664195E-2
8.808249833E1,4.660762101E-2,-3.644706681E-2,4.446247220E-2
8.809250533E1,4.080319777E-2,-1.657284796E-3,4.555916414E-2
8.810251333E1,4.746109992E-2,4.493871331E-2,5.120186880E-2
8.811252033E1,6.608980149E-2,7.622817159E-2,6.058892980E-2
8.812252833E1,8.523526788E-2,9.067741781E-2,6.667505205E-2
8.813253633E1,9.918289632E-2,8.646511286E-2,6.236590445E-2
8.814254333E1,9.908462316E-2,6.418324262E-2,5.222832039E-2
8.815255133E1,7.385202497E-2,3.062464669E-2,2.901400998E-2
8.816255833E1,3.517147526E-2,6.695877761E-3,5.116665736E-3
8.817256633E1,-1.650849357E-3,1.531490963E-2,-7.592587266E-3
8.818257433E1,-3.802803159E-2,3.284170479E-2,-1.330373622E-2
8.819258133E1,-6.892094761E-2,3.508726880E-2,-1.813118532E-2
8.820258933E1,-8.527489007E-2,1.818125695E-2,-1.742677763E-2
8.821259733E1,-8.433059603E-2,-1.133999322E-3,-9.299075231E-3
8.822260433E1,-6.711645424E-2,-2.451921627E-2,-4.122155719E-3
8.823261233E1,-4.678557068E-2,-4.387384653E-2,3.437426873E-3
8.824261933E1,-3.336084262E-2,-5.386309698E-2,5.055563524E-3
8.825262733E1,-3.395536169E-2,-5.384957045E-2,4.359106533E-4
8.826263533E1,-3.566324711E-2,-3.902028874E-2,5.490949843E-4
8.827264233E1,-5.340611190E-2,-2.529018186E-2,6.704241037E-3
8.828265033E1,-7.886753231E-2,-2.971609123E-2,3.693803446E-4
8.829265833E1,-9.386634082E-2,-4.127044603E-2,-1.108908467E-2
8.830266533E1,-1.004374251E-1,-4.939601570E-2,-2.004769444E-2
8.831267333E1,-1.051667631E-1,-5.883138627E-2,-2.183267847E-2
8.832268033E1,-1.061228365E-1,-6.476171315E-2,-1.755830273E-2
8.833268833E1,-1.011213511E-1,-6.490728259E-2,-1.851744717E-3
8.834269633E1,-8.953446895E-2,-7.017048448E-2,1.530646905E-2
8.835270333E1,-7.439189404E-2,-7.801423967E-2,2.586150914E-2
8.836271133E1,-5.678094551E-2,-8.824077249E-2,3.173271194E-2
8.837271833E1,-4.478176683E-2,-9.640582651E-2,3.511482850E-2
8.838272633E1,-3.783730790E-2,-9.649637341E-2,3.863206506E-2
8.839273433E1,-3.331338242E-2,-9.203559905E-2,4.202085361E-2
8.840274133E1,-3.188779205E-2,-7.690485567E-2,3.979205340E-2
8.841274933E1,-2.849686891E-2,-6.163201854E-2,3.624853864E-2
8.842275733E1,-2.182218805E-2,-3.843056038E-2,2.861751430E-2
8.843276433E1,-1.305453014E-2,-1.320962235E-2,2.376869693E-2
8.844277233E1,8.694174699E-3,2.266804688E-3,2.636394836E-2
8.845277933E1,3.102988005E-2,4.581823945E-3,2.150197886E-2
8.846278733E1,5.658344552E-2,-7.442315109E-4,9.650379419E-3
8.847279533E1,7.511759549E-2,-9.179906920E-5,-6.664076820E-3
8.848280233E1,7.613199204E-2,-1.573848072E-3,-2.560447715E-2
8.849281033E1,6.443282962E-2,5.334991030E-3,-4.545167461E-2
8.850281733E1,4.365139082E-2,2.614493109E-2,-6.722860783E-2
8.851282533E1,2.258677594E-2,5.538818985E-2,-7.741683722E-2
8.852283333E1,1.464979723E-3,8.368986100E-2,-7.845466584E-2
8.853284033E1,-2.209996246E-2,9.294480830E-2,-7.745839655E-2
8.854284833E1,-4.604497552E-2,8.305195719E-2,-8.055112511E-2
8.855285633E1,-6.527490914E-2,5.473411456E-2,-8.119121194E-2
8.856286333E1,-7.948766649E-2,2.098786831E-2,-8.490978181E-2
8.857287133E1,-8.312667161E-2,5.232030526E-4,-9.349086881E-2
8.858287833E1,-8.322095126E-2,1.275696605E-2,-9.742861986E-2
8.859288633E1,-8.190637082E-2,4.374543205E-2,-9.184049070E-2
8.860289433E1,-7.863734663E-2,7.435660064E-2,-8.415700495E-2
8.861290133E1,-7.122285664E-2,9.959410131E-2,-7.134969532E-2
8.862290933E1,-6.363764405E-2,9.812856466E-2,-6.298284233E-2
8.863291733E1,-5.997664854E-2,6.713186949E-2,-6.074918434E-2
8.864292433E1,-5.592544749E-2,2.576099336E-2,-6.733225286E-2
8.865293233E1,-4.992009699E-2,-4.973078612E-3,-7.674697787E-2
8.866293933E1,-4.578953236E-2,-1.190209016E-2,-8.728963137E-2
8.867294733E1,-5.331131443E-2,-3.636525478E-3,-9.453281760E-2
8.868295533E1,-6.687798351E-2,1.191686746E-2,-9.385877103E-2
8.869296233E1,-7.888972014E-2,4.271407053E-2,-8.853182942E-2
8.870297033E1,-8.431937546E-2,5.458644032E-2,-8.977126330E-2
8.871297733E1,-6.960855424E-2,5.919947848E-2,-9.251450747E-2
8.872298533E1,-3.898166865E-2,5.378393829E-2,-8.856982738E-2
8.873299333E1,3.269042936E-4,3.793083876E-2,-8.064859360E-2
8.874300033E1,4.192574695E-2,1.694246754E-2,-6.928595155E-2
8.875300833E1,7.609730214E-2,-5.825695582E-3,-5.647987127E-2
8.876301633E1,9.165441990E-2,-1.905228570E-2,-5.093330517E-2
8.877302333E1,9.582106024E-2,-1.842377335E-2,-4.581127688E-2
8.878303133E1,8.652050793E-2,-9.897131473E-3,-5.171630532E-2
8.879303833E1,7.162155211E-2,8.377285674E-3,-5.390514433E-2
8.880304633E1,5.277569592E-2,9.289684705E-3,-5.088245496E-2
8.881305433E1,3.874485195E-2,5.113264080E-3,-4.629106447E-2
8.882306133E1,3.628702462E-2,-7.640880998E-3,-3.846989200E-2
8.883306933E1,4.166883603E-2,-1.497277059E-2,-2.937293425E-2
8.884307733E1,5.454521999E-2,-2.474710345E-2,-2.651589550E-2
8.885308433E1,6.166273728E-2,-2.643198147E-2,-2.321723662E-2
8.886309233E1,5.478565767E-2,-3.237402812E-2,-2.263693511E-2
8.887309933E1,3.141532838E-2,-4.043083638E-2,-2.456596307E-2
8.888310733E1,-2.393235918E-3,-4.944403842E-2,-2.435104549E-2
8.889311533E1,-3.714322671E-2,-6.261390448E-2,-2.577557042E-2
8.890312233E1,-6.428376585E-2,-7.629216462E-2,-3.152613342E-2
8.891313033E1,-8.628074080E-2,-9.366516769E-2,-4.465723410E-2
8.892313733E1,-9.840984643E-2,-1.050091684E-1,-5.821006000E-2
8.893314579E1,-9.926944226E-2,-1.126091555E-1,-7.281099260E-2
8.894315379E1,-9.506990761E-2,-1.273604184E-1,-8.029287308E-2
8.895316079E1,-9.609139711E-2,-1.564297825E-1,-9.070999920E-2
8.896316879E1,-1.006294265E-1,-1.627396196E-1,-8.010529727E-2
8.897317679E1,-1.031794995E-1,-1.574980766E-1,-6.836298108E-2
8.898318379E1,-1.010564268E-1,-1.467516869E-1,-6.668039411E-2
8.899319179E1,-8.928941935E-2,-1.287007183E-1,-6.762088835E-2
8.900319879E1,-7.490089536E-2,-9.003295004E-2,-6.797961146E-2
8.901320679E1,-5.965220183E-2,-3.940644860E-2,-6.013502553E-2
8.902321479E1,-4.073523730E-2,3.413453465E-3,-5.259987712E-2
8.903322179E1,-1.820731536E-2,3.245953843E-2,-4.022480175E-2
8.904322979E1,1.186089939E-3,5.010005087E-2,-4.083493352E-2
8.905323679E1,1.315470785E-2,3.718351573E-2,-4.590930417E-2
8.906324479E1,1.174696069E-2,3.961915150E-3,-5.377494916E-2
8.907325279E1,3.376502311E-3,-2.173278108E-2,-6.217831746E-2
8.908325979E1,-3.023339901E-3,-2.494535223E-2,-6.334877759E-2
8.909326779E1,7.922459627E-4,-9.365798905E-4,-5.683971196E-2
8.910327579E1,1.010585297E-2,3.071029671E-2,-4.326664656E-2
8.911328279E1,2.160912938E-2,5.641909689E-2,-2.375067212E-2
8.912329079E1,3.306711465E-2,6.582218409E-2,-1.651495695E-3
8.913329779E1,4.002219439E-2,5.253945291E-2,1.604656316E-2
8.914330579E1,4.258202389E-2,2.659840137E-2,2.352738194E-2
8.915331379E1,4.611202702E-2,1.447360963E-2,3.160985187E-2
8.916332079E1,4.805533588E-2,2.164470218E-2,3.633350134E-2
8.917332879E1,4.087850079E-2,3.343985230E-2,4.497208446E-2
8.918333679E1,2.268937789E-2,4.439449683E-2,5.028642341E-2
8.919334379E1,5.715992884E-4,4.199439287E-2,6.065933406E-2
8.920335179E1,-1.651843823E-2,2.945782803E-2,6.627994031E-2
8.921335879E1,-1.996991970E-2,1.488772407E-2,6.760769337E-2
8.922336679E1,-1.200200710E-2,6.754430942E-3,6.857628375E-2
8.923337479E1,-1.390060410E-3,1.058235765E-2,6.732399762E-2
8.924338179E1,1.563651487E-3,1.772335730E-2,6.104718894E-2
8.925338979E1,-4.772516433E-3,2.512130141E-2,5.429191887E-2
8.926339679E1,-2.630470507E-2,2.024531923E-2,4.268186912E-2
8.927340479E1,-4.834817350E-2,1.520571671E-2,3.020888753E-2
8.928341279E1,-5.708627030E-2,1.062055305E-2,2.017995343E-2
8.929341979E1,-5.146994442E-2,4.445772618E-3,1.370083261E-2
8.930342779E1,-3.102458827E-2,3.162752837E-4,8.325774223E-3
8.931343579E1,-6.284925621E-3,1.262202114E-2,2.140033292E-3
8.932344279E1,1.139872987E-2,2.584035322E-2,-4.474940943E-4
8.933345079E1,1.463222411E-2,4.083736613E-2,-5.909835920E-3
8.934345779E1,-5.238250596E-4,4.677568004E-2,-1.069633476E-2
8.935346579E1,-3.029702604E-2,4.152605683E-2,-2.172285505E-2
8.936347379E1,-5.863305926E-2,2.891971730E-2,-2.571493387E-2
8.937348079E1,-7.866941392E-2,1.762404665E-2,-2.473287843E-2
8.938348879E1,-8.856359124E-2,9.311255999E-3,-2.389344946E-2
8.939349579E1,-8.517214656E-2,2.913187258E-3,-2.113809437E-2
8.940350379E1,-7.080891728E-2,2.755923197E-4,-1.447220147E-2
8.941351179E1,-5.172017217E-2,8.564279415E-4,-8.822305128E-3
8.942351879E1,-3.403731808E-2,1.058561727E-3,-5.780443083E-3
8.943352679E1,-1.731643081E-2,2.560392953E-3,-5.474729463E-3
8.944353479E1,-4.154556431E-3,-1.275353134E-4,-4.325042944E-3
8.945354179E1,4.162108991E-3,-2.169405576E-3,-3.453893121E-3
8.946354979E1,1.273349300E-2,9.697373956E-3,-3.362013958E-3
8.947355679E1,1.066685561E-2,2.113382705E-2,-6.251072045E-3
8.948356479E1,2.991626272E-3,3.237156570E-2,-1.509729400E-2
8.949357279E1,-4.829557613E-3,4.490629211E-2,-2.199746110E-2
8.950357979E1,-9.613926522E-3,5.738586560E-2,-2.296605334E-2
8.951358779E1,-8.327885531E-3,6.574713439E-2,-2.017856203E-2
8.952359479E1,-9.011519141E-3,5.291708559E-2,-1.471109316E-2
8.953360279E1,-1.186499745E-2,3.267019242E-2,-9.039716795E-3
8.954361079E1,-2.040628903E-2,9.158210829E-3,1.730373013E-3
8.955361779E1,-3.569108993E-2,-1.010843739E-2,1.016383618E-2
8.956362579E1,-4.413544387E-2,-1.611493155E-2,1.530080847E-2
8.957363379E1,-5.271159485E-2,-1.173594780E-2,1.630225778E-2
8.958364079E1,-5.893513560E-2,-1.091558952E-3,1.246623974E-2
8.959364879E1,-5.868541822E-2,8.334343322E-3,1.367243379E-2
8.960365579E1,-5.987185612E-2,9.729307145E-3,1.311103906E-2
8.961366379E1,-6.154324487E-2,1.172545366E-3,1.274210773E-2
8.962367179E1,-5.659322441E-2,-9.956006892E-3,1.346915215E-2
8.963367879E1,-4.674329609E-2,-2.112043463E-2,1.106216945E-2
8.964368679E1,-3.594950214E-2,-1.937340014E-2,7.253316231E-3
8.965369479E1,-2.020420507E-2,1.232722774E-3,9.140319889E-4
8.966370179E1,-5.114200991E-3,3.426337987E-2,4.474461311E-4
8.967370979E1,9.192468598E-3,6.801331043E-2,3.604636993E-3
8.968371679E1,1.926454529E-2,8.946134150E-2,1.237602346E-2
8.969372479E1,2.455504984E-2,9.167228639E-2,2.225464024E-2
8.970373279E1,2.459792607E-2,7.253454626E-2,3.170193732E-2
8.971373979E1,1.702856645E-2,3.391390666E-2,3.558831662E-2
8.972374779E1,8.720036596E-3,-3.884871956E-3,4.156738147E-2
8.973375479E1,-5.910378415E-3,-3.919078037E-2,3.926983848E-2
8.974376279E1,-2.230293304E-2,-6.626581401E-2,3.015543520E-2
8.975377079E1,-3.528939933E-2,-6.489755958E-2,2.550253086E-2
8.976377779E1,-4.040613398E-2,-4.544849694E-2,2.799791284E-2
8.977378579E1,-4.591432214E-2,-2.160899714E-2,3.919393942E-2
8.978379279E1,-4.176351801E-2,-1.918117050E-3,4.910649359E-2
8.979380079E1,-3.288957104E-2,-8.571972139E-4,5.431718752E-2
8.980380879E1,-2.005180717E-2,-2.179683372E-2,6.056283042E-2
8.981381579E1,-7.043946534E-4,-4.265669361E-2,5.866459385E-2
8.982382379E1,2.243900858E-2,-5.400815234E-2,6.408812106E-2
8.983383179E1,4.194580764E-2,-5.488529801E-2,6.255113333E-2
8.984383879E1,5.524270236E-2,-4.455862567E-2,5.499228090E-2
8.985384679E1,5.641552061E-2,-3.008320183E-2,4.255636409E-2
8.986385379E1,3.990472108E-2,-1.986944675E-2,2.312940545E-2
8.987386179E1,1.762754843E-2,-1.030183583E-2,-3.045341931E-3
8.988386979E1,-4.270560108E-3,-1.552286092E-3,-3.777988628E-2
8.989387679E1,-2.438850328E-2,1.694821753E-2,-7.082358003E-2
8.990388479E1,-4.859796911E-2,4.112865403E-2,-8.785182983E-2
8.991389279E1,-6.576792151E-2,7.643155009E-2,-9.085167944E-2
8.992389979E1,-7.103218883E-2,9.818584472E-2,-8.385714889E-2
8.993390779E1,-6.526412815E-2,9.459686279E-2,-6.994482875E-2
8.994391454E1,-5.143805966E-2,6.464774907E-2,-5.509823933E-2
8.995392254E1,-3.548910096E-2,2.643573470E-2,-3.635948896E-2
8.996393054E1,-1.907550730E-2,-1.312951744E-2,-2.434596792E-2
8.997393754E1,-3.165744012E-3,-2.825421840E-2,-1.322672144E-2
8.998394554E1,8.587052114E-3,-1.834033616E-2,-5.699296482E-3
8.999395254E1,1.793902740E-2,7.437706459E-3,1.925395918E-3
9.000396054E1,2.817941457E-2,2.891184017E-2,1.420256868E-2
9.001396854E1,3.367597237E-2,3.866713867E-2,2.365957014E-2
9.002397554E1,3.237235546E-2,3.632835299E-2,3.125623614E-2
9.003398354E1,3.302808851E-2,3.027379513E-2,3.471660241E-2
9.004399154E1,3.223180398E-2,8.793005720E-3,3.547453508E-2
9.005399854E1,3.080761805E-2,-1.657668687E-2,2.850028500E-2
9.006400654E1,2.611885779E-2,-3.135829791E-2,2.268793620E-2
9.007401354E1,2.279798873E-2,-2.926895954E-2,1.829035580E-2
9.008402154E1,2.486353740E-2,-7.896292023E-3,1.685997099E-2
9.009402954E1,3.886557370E-2,1.596708968E-2,1.925175823E-2
9.010403654E1,6.284946203E-2,4.309964180E-2,2.393812314E-2
9.011404454E1,8.852220327E-2,6.273087859E-2,2.700566687E-2
9.012405154E1,1.056503206E-1,5.854732171E-2,2.399150096E-2
9.013405954E1,1.092874408E-1,4.200448841E-2,1.701883040E-2
9.014406754E1,9.207702428E-2,2.472217008E-2,9.489808232E-3
9.015407454E1,5.227124318E-2,1.021017414E-2,-1.096191700E-3
9.016408254E1,5.476306193E-3,9.840793908E-3,-1.554676984E-2
9.017409054E1,-4.057256505E-2,2.133769728E-2,-2.491998114E-2
9.018409754E1,-8.287049085E-2,3.360794485E-2,-3.036721051E-2
9.019410554E1,-1.184272617E-1,3.555121645E-2,-3.758309782E-2
9.020411254E1,-1.372294426E-1,3.249124438E-2,-4.093468562E-2
9.021412054E1,-1.425336450E-1,2.725651115E-2,-3.619594127E-2
9.022412854E1,-1.369037330E-1,2.221195027E-2,-2.620588802E-2
9.023413554E1,-1.183888763E-1,2.468091622E-2,-1.036237646E-2
9.024414354E1,-9.405610710E-2,2.882612497E-2,4.887416027E-3
9.025415054E1,-7.202429324E-2,3.309115395E-2,2.216911688E-2
9.026415854E1,-5.789409578E-2,2.659890056E-2,4.289516807E-2
9.027416654E1,-5.098773167E-2,1.833390910E-3,5.416521803E-2
9.028417354E1,-4.253698885E-2,-2.811225876E-2,6.111260504E-2
9.029418154E1,-2.919185162E-2,-4.685326293E-2,6.577981263E-2
9.030418954E1,-8.669266477E-3,-5.039659888E-2,7.236820459E-2
9.031419654E1,1.764955558E-2,-3.692419082E-2,7.224927843E-2
9.032420454E1,4.838988930E-2,-1.812809147E-3,7.270627469E-2
9.033421154E1,8.154839277E-2,4.120624065E-2,7.836518437E-2
9.034421954E1,1.031767204E-1,6.828579307E-2,8.329096437E-2
9.035422754E1,1.007741839E-1,6.227019057E-2,7.589815557E-2
9.036423454E1,6.395412236E-2,3.656695783E-2,5.349804461E-2
9.037424254E1,1.961224480E-3,4.242105782E-2,2.145795338E-2
9.038424954E1,-6.485269219E-2,7.512733340E-2,2.485386794E-4
9.039425754E1,-1.278666854E-1,1.119248047E-1,-1.840484329E-2
9.040426554E1,-1.664361954E-1,1.572366208E-1,-2.226616070E-2
9.041427254E1,-1.627282798E-1,1.960037351E-1,4.203117918E-3
9.042428054E1,-1.146217361E-1,2.010283172E-1,4.775991291E-2
9.043428854E1,-3.879527375E-2,1.581463516E-1,8.598323166E-2
9.044429554E1,4.755639285E-2,7.712180167E-2,1.158111691E-1
9.045430354E1,1.244817376E-1,-1.257226989E-2,1.420154870E-1
9.046431054E1,1.750447899E-1,-9.466580302E-2,1.696963757E-1
9.047431854E1,1.966036558E-1,-1.594001502E-1,1.904300600E-1
9.048432654E1,1.969754249E-1,-1.921131015E-1,2.098791301E-1
9.049433354E1,1.928207576E-1,-1.900073588E-1,2.317989916E-1
9.050434154E1,1.918793321E-1,-1.719985306E-1,2.520307600E-1
9.051434854E1,1.905098259E-1,-1.583517045E-1,2.661655247E-1
9.052435654E1,1.910453886E-1,-1.475355476E-1,2.819503546E-1
9.053436454E1,1.912393272E-1,-1.539246291E-1,2.959479690E-1
9.054437154E1,1.921085864E-1,-1.775095761E-1,3.007906377E-1
9.055437954E1,1.993321776E-1,-1.988732368E-1,2.923388183E-1
9.056438754E1,2.135345489E-1,-2.163627595E-1,2.720972002E-1
9.057439454E1,2.228295952E-1,-2.247156501E-1,2.457954288E-1
9.058440254E1,2.271524370E-1,-2.106533498E-1,2.273269445E-1
9.059440954E1,2.278968841E-1,-1.770886630E-1,2.128342986E-1
9.060441754E1,2.229482085E-1,-1.404536963E-1,2.027686238E-1
9.061442554E1,2.222969830E-1,-1.142967641E-1,1.913633347E-1
9.062443254E1,2.200532705E-1,-1.062952951E-1,1.660438627E-1
9.063444054E1,2.171235681E-1,-1.082991660E-1,1.351476759E-1
9.064444754E1,2.155280709E-1,-8.655472100E-2,1.078888774E-1
9.065445554E1,2.111378312E-1,-4.855191708E-2,7.932336628E-2
9.066446354E1,1.933039725E-1,-1.707548276E-2,5.095191300E-2
9.067447054E1,1.656840742E-1,8.534271270E-3,2.408833988E-2
9.068447854E1,1.240897626E-1,2.996259928E-2,-2.380817663E-3
9.069448654E1,7.266217470E-2,4.425593093E-2,-3.187603876E-2
9.070449354E1,1.921892539E-2,5.889080092E-2,-6.153886020E-2
9.071450154E1,-2.451799065E-2,7.807692885E-2,-8.442282677E-2
9.072450854E1,-5.716807768E-2,1.057735384E-1,-9.968699515E-2
9.073451654E1,-7.743715495E-2,1.348046958E-1,-1.006921753E-1
9.074452454E1,-8.044466376E-2,1.546279341E-1,-7.897090167E-2
9.075453154E1,-6.658334285E-2,1.493898332E-1,-5.625293404E-2
9.076453954E1,-3.636738658E-2,1.264874488E-1,-3.567788377E-2
9.077454654E1,-1.091043931E-2,8.087858558E-2,-4.217059538E-2
9.078455454E1,2.403235529E-3,3.586130589E-2,-5.420541763E-2
9.079456254E1,6.506338832E-4,7.096626796E-4,-5.768633261E-2
9.080456954E1,-9.199600667E-3,-1.774737425E-2,-5.308305845E-2
9.081457754E1,-1.945578307E-2,-2.566584386E-2,-4.620540142E-2
9.082458554E1,-2.583831549E-2,-2.815803327E-2,-4.275181144E-2
9.083459254E1,-2.611806802E-2,-2.561767399E-2,-4.168887436E-2
9.084460054E1,-2.490393259E-2,-2.711090818E-2,-4.881043360E-2
9.085460754E1,-3.129065409E-2,-1.494412869E-2,-6.440111995E-2
9.086461554E1,-3.669553995E-2,1.225446910E-2,-8.044958860E-2
9.087462354E1,-5.144676566E-2,4.274468869E-2,-9.923383594E-2
9.088463054E1,-6.634023041E-2,8.306068182E-2,-1.108553335E-1
9.089463854E1,-8.594066650E-2,1.107588336E-1,-1.143957525E-1
9.090464554E1,-1.200885177E-1,1.144899204E-1,-1.252254993E-1
9.091465354E1,-1.520879269E-1,1.055999026E-1,-1.397257596E-1
9.092466154E1,-1.849923581E-1,9.921976179E-2,-1.564986110E-1
9.093466854E1,-2.120070904E-1,8.840818703E-2,-1.678314060E-1
9.094467617E1,-2.184239775E-1,9.133899212E-2,-1.689507365E-1
9.095468417E1,-2.126087546E-1,1.196663454E-1,-1.628601700E-1
9.096469117E1,-2.077551484E-1,1.557503045E-1,-1.576819122E-1
9.097469917E1,-2.010308802E-1,1.820066273E-1,-1.513348371E-1
9.098470617E1,-2.031595558E-1,1.921583265E-1,-1.449525654E-1
9.099471417E1,-2.105444074E-1,1.784039736E-1,-1.339208037E-1
9.100472217E1,-2.122970372E-1,1.471600384E-1,-1.211096793E-1
9.101472917E1,-1.960668862E-1,1.088096201E-1,-9.615193307E-2
9.102473717E1,-1.454500556E-1,7.562396675E-2,-6.280010194E-2
9.103474417E1,-5.620329082E-2,3.633629158E-2,-2.078102902E-2
9.104475217E1,5.112556368E-2,-1.312127151E-2,1.857542992E-2
9.105476017E1,1.544985771E-1,-7.407867908E-2,4.864391312E-2
9.106476717E1,2.338954061E-1,-1.266697198E-1,6.108460203E-2
9.107477517E1,2.909788191E-1,-1.497431397E-1,6.436785311E-2
9.108478317E1,3.198679984E-1,-1.312517375E-1,6.366425008E-2
9.109479017E1,3.202464581E-1,-1.060452014E-1,5.708470568E-2
9.110479817E1,2.919135988E-1,-6.812365353E-2,2.812868729E-2
9.111480517E1,2.516919374E-1,-1.951847784E-2,-1.508881338E-3
9.112481317E1,1.892006248E-1,8.189049549E-3,-2.624565363E-2
9.113482117E1,1.256404519E-1,3.376118839E-2,-4.089237377E-2
9.114482817E1,6.835693121E-2,4.366122559E-2,-4.379308969E-2
9.115483617E1,3.092915379E-2,4.698745906E-2,-4.364172369E-2
9.116484317E1,2.621136233E-2,3.882461041E-2,-4.433787242E-2
9.117485117E1,5.093328282E-2,2.636461891E-2,-3.646891564E-2
9.118485917E1,8.711764961E-2,1.775568351E-2,-3.004376963E-2
9.119486617E1,1.185105518E-1,1.155594736E-2,-1.112156548E-2
9.120487417E1,1.479643136E-1,1.188964024E-2,1.164286956E-2
9.121488117E1,1.734676212E-1,1.153527014E-2,3.274091706E-2
9.122488917E1,1.873674542E-1,-9.752707556E-3,3.989602998E-2
9.123489717E1,1.929768324E-1,-3.351601586E-2,3.762259334E-2
9.124490417E1,1.921091676E-1,-5.821657181E-2,2.890873142E-2
9.125491217E1,1.841213107E-1,-7.934933901E-2,2.035875246E-2
9.126492017E1,1.684709787E-1,-8.990477771E-2,7.166783791E-3
9.127492717E1,1.555480063E-1,-9.022171795E-2,-1.333244890E-2
9.128493517E1,1.539857984E-1,-7.183258981E-2,-2.902805433E-2
9.129494217E1,1.570778340E-1,-4.253428802E-2,-4.074914753E-2
9.130495017E1,1.545022875E-1,-2.375554107E-2,-5.930924416E-2
9.131495817E1,1.412981302E-1,-1.243909821E-2,-7.799786329E-2
9.132496517E1,1.246421784E-1,1.243509259E-2,-9.682454169E-2
9.133497317E1,1.147184595E-1,4.508036375E-2,-1.055419594E-1
9.134498117E1,1.258792430E-1,9.408279508E-2,-1.051693782E-1
9.135498817E1,1.520023793E-1,1.377558559E-1,-1.023943946E-1
9.136499617E1,1.679336727E-1,1.514074802E-1,-1.111213118E-1
9.137500317E1,1.730074733E-1,1.642642915E-1,-1.260601729E-1
9.138501117E1,1.668747365E-1,1.638565660E-1,-1.321063489E-1
9.139501917E1,1.508403718E-1,1.373810172E-1,-1.344329417E-1
9.140502617E1,1.304213703E-1,1.039943099E-1,-1.367528290E-1
9.141503417E1,1.091805100E-1,6.406079978E-2,-1.465939581E-1
9.142504117E1,8.704804629E-2,3.012653254E-2,-1.611180454E-1
9.143504917E1,7.416056097E-2,1.802229136E-2,-1.744669080E-1
9.144505717E1,6.543684006E-2,3.706895187E-2,-1.742578447E-1
9.145506417E1,6.709313393E-2,8.739934862E-2,-1.649548709E-1
9.146507217E1,6.796185672E-2,1.322467029E-1,-1.519623697E-1
9.147507917E1,5.392038450E-2,1.383122504E-1,-1.510558128E-1
9.148508717E1,2.018771879E-2,9.581059963E-2,-1.659500748E-1
9.149509517E1,-2.116000094E-2,3.869780526E-2,-1.792657971E-1
9.150510217E1,-4.744540155E-2,7.894884795E-3,-1.752297729E-1
9.151511017E1,-4.730322585E-2,1.699631475E-2,-1.554291844E-1
9.152511817E1,-1.926093735E-2,4.495045170E-2,-1.326423883E-1
9.153512517E1,4.585152119E-2,8.534175903E-2,-1.108052805E-1
9.154513317E1,1.127157807E-1,9.942268580E-2,-9.904182702E-2
9.155514017E1,1.392430067E-1,5.742217228E-2,-1.065089330E-1
9.156514817E1,1.117647886E-1,-2.928715572E-2,-1.236050949E-1
9.157515617E1,4.582129791E-2,-1.040201858E-1,-1.349722445E-1
9.158516317E1,-2.359026857E-2,-1.444538981E-1,-1.327738017E-1
9.159517117E1,-6.288294494E-2,-1.403140277E-1,-1.247128025E-1
9.160517917E1,-4.224451259E-2,-8.965084702E-2,-1.184333339E-1
9.161518617E1,3.064403869E-2,-2.816477232E-2,-1.119546816E-1
9.162519417E1,1.124773920E-1,8.259548806E-3,-1.095983163E-1
9.163520117E1,1.743016243E-1,1.559144538E-2,-1.183544248E-1
9.164520917E1,1.946585625E-1,-3.883185796E-3,-1.345584244E-1
9.165521717E1,1.642501056E-1,-2.807570994E-2,-1.581365168E-1
9.166522417E1,1.081705987E-1,-2.938385680E-2,-1.846762598E-1
9.167523217E1,4.641141370E-2,-5.798470695E-3,-2.087250501E-1
9.168523917E1,-6.586554926E-3,1.680937037E-2,-2.358770370E-1
9.169524717E1,-1.099156775E-2,9.537556767E-2,-2.479337305E-1
9.170525517E1,-4.783959594E-5,1.714242548E-1,-2.635316253E-1
9.171526217E1,1.468653325E-2,2.337871790E-1,-2.909436524E-1
9.172527017E1,2.579004504E-3,2.839094400E-1,-3.325385153E-1
9.173527817E1,-6.555639207E-2,3.206273019E-1,-3.823277056E-1
9.174528517E1,-1.942967921E-1,3.151718080E-1,-4.164960682E-1
9.175529317E1,-3.289615810E-1,2.522307336E-1,-4.186291397E-1
9.176530017E1,-4.152488112E-1,1.577700227E-1,-3.992573023E-1
9.177530817E1,-4.194701314E-1,7.434184849E-2,-3.723166585E-1
9.178531617E1,-3.399412036E-1,5.065968633E-2,-3.517594337E-1
9.179532317E1,-2.229725868E-1,7.947392762E-2,-3.384409249E-1
9.180533117E1,-1.275765598E-1,1.361340135E-1,-3.166288435E-1
9.181533817E1,-8.239208162E-2,1.947550774E-1,-2.864300311E-1
9.182534617E1,-1.006094366E-1,2.218199819E-1,-2.432995737E-1
9.183535417E1,-1.613988578E-1,2.004930824E-1,-1.889293343E-1
9.184536117E1,-2.260311246E-1,1.343766600E-1,-1.400984228E-1
9.185536917E1,-2.481751591E-1,5.357207730E-2,-9.832484275E-2
9.186537717E1,-2.180113941E-1,-1.167563349E-2,-6.644520164E-2
9.187538417E1,-1.570613682E-1,-4.551214725E-2,-4.445258528E-2
9.188539217E1,-9.073933959E-2,-4.454488680E-2,-1.704519615E-2
9.189539917E1,-7.309839875E-2,-5.160765350E-2,3.056741552E-3
9.190540717E1,-1.051348969E-1,-7.372547686E-2,2.012174577E-2
9.191541517E1,-1.476916969E-1,-8.169147372E-2,4.418623447E-2
9.192542217E1,-1.845069677E-1,-8.141157031E-2,7.468715310E-2
9.193543017E1,-1.908496767E-1,-6.839407980E-2,1.025183201E-1
9.194543917E1,-1.675297171E-1,-5.859205127E-2,1.213513911E-1
9.195544717E1,-1.431504637E-1,-6.829044223E-2,1.307680011E-1
9.196545517E1,-1.274050623E-1,-9.967979044E-2,1.368730217E-1
9.197546217E1,-1.322225034E-1,-1.563779265E-1,1.432899386E-1
9.198547017E1,-1.566103995E-1,-2.213830203E-1,1.545228809E-1
9.199547817E1,-1.849554330E-1,-2.878843546E-1,1.734723598E-1
9.200548517E1,-1.996110827E-1,-3.371445537E-1,1.979569346E-1
9.201549317E1,-1.868004203E-1,-3.549090028E-1,2.243433297E-1
9.202550017E1,-1.438124776E-1,-3.372322619E-1,2.464278638E-1
9.203550817E1,-7.343200594E-2,-2.710512280E-1,2.716258466E-1
9.204551617E1,-1.452741853E-4,-1.955804527E-1,2.955029309E-1
9.205552317E1,5.577110499E-2,-1.552889198E-1,3.041770458E-1
9.206553117E1,8.309886605E-2,-1.648259610E-1,2.929230630E-1
9.207553817E1,8.400955051E-2,-1.990811825E-1,2.769638896E-1
9.208554617E1,7.011344284E-2,-2.326079756E-1,2.631047964E-1
9.209555417E1,6.203084812E-2,-2.251931578E-1,2.512554526E-1
9.210556117E1,6.774093211E-2,-1.693666428E-1,2.415053546E-1
9.211556917E1,7.952899486E-2,-8.845069259E-2,2.297617942E-1
9.212557717E1,8.256074041E-2,-1.913687214E-2,2.127226293E-1
9.213558417E1,6.874389201E-2,1.812121458E-2,1.937060505E-1
9.214559217E1,3.549698740E-2,8.904014714E-3,1.757709831E-1
9.215559917E1,-9.873779491E-3,-3.486430645E-2,1.526398659E-1
9.216560717E1,-4.229350388E-2,-7.047583163E-2,1.343575269E-1
9.217561517E1,-4.050408304E-2,-5.834203213E-2,1.323644668E-1
9.218562217E1,-3.330352483E-3,4.196716473E-3,1.483921707E-1
9.219563017E1,5.056820065E-2,8.510482311E-2,1.675707847E-1
9.220563717E1,9.431408346E-2,1.484094858E-1,1.831201911E-1
9.221564517E1,1.025059819E-1,1.577925682E-1,1.937090904E-1
9.222565317E1,7.870930433E-2,1.129348278E-1,1.968766600E-1
9.223566017E1,3.165067732E-2,4.556038976E-2,2.005230486E-1
9.224566817E1,-2.020213380E-2,-2.328365482E-2,2.057966292E-1
9.225567617E1,-5.884927511E-2,-6.454876810E-2,2.045222521E-1
9.226568317E1,-7.240636647E-2,-6.276684999E-2,2.062945813E-1
9.227569117E1,-6.512712687E-2,-2.917751297E-2,2.122469544E-1
9.228569817E1,-4.866772890E-2,1.180826966E-2,2.229523361E-1
9.229570617E1,-3.273400292E-2,3.574524447E-2,2.450259328E-1
9.230571417E1,-1.243272610E-2,5.213007703E-2,2.729470432E-1
9.231572117E1,1.029723417E-2,5.091271177E-2,2.958146334E-1
9.232572917E1,2.606687695E-2,3.755616024E-2,3.057311773E-1
9.233573717E1,3.995860741E-2,2.538759634E-2,3.106681705E-1
9.234574417E1,4.628787562E-2,9.603307582E-3,3.140730262E-1
9.235575217E1,2.897589654E-2,-1.479103789E-2,3.126132190E-1
9.236575917E1,4.193585366E-3,-2.122070827E-2,3.137724996E-1
9.237576717E1,-2.497921325E-2,-3.180384263E-2,3.251380622E-1
9.238577517E1,-4.091157392E-2,-4.315556586E-2,3.279908597E-1
9.239578217E1,-2.924582921E-2,-3.832571208E-2,3.260139525E-1
9.240579017E1,-9.062798694E-3,-3.929191083E-2,3.168010116E-1
9.241579717E1,1.525555970E-3,-4.409337789E-2,3.026191294E-1
9.242580517E1,1.543071773E-2,-3.523277491E-2,2.866236567E-1
9.243581317E1,2.264524437E-2,-1.432250626E-2,2.727746665E-1
9.244582017E1,1.972375810E-2,4.665565677E-3,2.520368993E-1
9.245582817E1,1.106185280E-2,6.966506597E-3,2.248838097E-1
9.246583617E1,-1.002665423E-2,-1.769915782E-2,1.894904077E-1
9.247584317E1,-3.312250227E-2,-5.238315091E-2,1.510424167E-1
9.248585117E1,-5.513485894E-2,-8.910654485E-2,1.168319806E-1
9.249585817E1,-6.527059525E-2,-9.820333868E-2,8.497521281E-2
9.250586617E1,-5.361633375E-2,-6.075369567E-2,6.133006513E-2
9.251587417E1,-2.286216617E-2,1.882902905E-2,4.008064419E-2
9.252588117E1,1.198316552E-2,1.129265055E-1,2.095062286E-2
9.253588917E1,3.843382001E-2,1.803574562E-1,8.588528261E-3
9.254589717E1,3.611793742E-2,1.860798001E-1,2.392417751E-3
9.255590417E1,1.320128888E-2,1.338627040E-1,-3.262075130E-3
9.256591217E1,-1.610999368E-2,5.572156608E-2,-3.086839104E-3
9.257591917E1,-3.238918260E-2,-1.155292615E-2,6.941369502E-4
9.258592717E1,-2.336852252E-2,-4.125649482E-2,3.563426901E-3
9.259593517E1,4.865043797E-3,-4.165583104E-2,6.232031155E-3
9.260594217E1,4.226807505E-2,-2.696796507E-2,5.685528740E-4
9.261595017E1,5.757088587E-2,-1.269424334E-2,-7.995311171E-3
9.262595817E1,4.603274167E-2,-1.205268688E-2,-1.666922681E-2
9.263596517E1,1.599064097E-2,-2.349754795E-2,-2.297255956E-2
9.264597317E1,-1.955962926E-2,-2.472047135E-2,-2.328947559E-2
9.265598017E1,-4.507755861E-2,-2.576297894E-2,-2.190700173E-2
9.266598817E1,-5.391898751E-2,-3.377536312E-2,-2.800564095E-2
9.267599617E1,-4.118091986E-2,-3.433390707E-2,-3.555499762E-2
9.268600317E1,-1.778531447E-2,-3.221722692E-2,-3.415364400E-2
9.269601117E1,2.970129019E-3,-3.580817208E-2,-3.509680182E-2
9.270601917E1,1.214658283E-2,-4.085353017E-2,-3.770164028E-2
9.271602617E1,9.323217906E-3,-4.623174667E-2,-4.516068846E-2
9.272603417E1,-3.221868770E-3,-5.002781749E-2,-5.224629492E-2
9.273604117E1,-1.771739312E-2,-4.479429871E-2,-5.680444464E-2
9.274604917E1,-2.339099161E-2,-2.921906859E-2,-5.928517878E-2
9.275605717E1,-1.446501631E-2,-1.673495770E-2,-5.085390806E-2
9.276606417E1,-5.782046355E-3,-2.258405834E-2,-4.784480110E-2
9.277607217E1,-4.343501641E-4,-4.272354022E-2,-5.607929826E-2
9.278608017E1,-3.600848606E-3,-5.814776570E-2,-7.291394472E-2
9.279608717E1,-1.406963635E-2,-7.164832950E-2,-8.655851334E-2
9.280609517E1,-2.925551496E-2,-7.159613073E-2,-9.729345143E-2
9.281610217E1,-4.082344845E-2,-4.433156922E-2,-9.556610137E-2
9.282611017E1,-3.634694219E-2,9.726074524E-3,-8.450572938E-2
9.283611817E1,-1.490832679E-2,5.081991851E-2,-6.256461143E-2
9.284612517E1,5.451005884E-3,8.521357924E-2,-3.335852548E-2
9.285613317E1,4.825753719E-2,1.334815919E-1,-3.758024424E-2
9.286614017E1,1.153806522E-1,1.080071405E-1,-4.191320762E-2
9.287614817E1,1.697600633E-1,6.000993028E-2,-5.461755395E-2
9.288615617E1,1.785738021E-1,-7.953941822E-3,-4.813675582E-2
9.289616317E1,1.382802874E-1,-3.416585922E-2,-2.833153680E-2
9.290617117E1,7.470318675E-2,-4.417668283E-2,-3.264053166E-2
9.291617917E1,2.926633693E-2,-4.568906873E-2,-3.054124862E-2
9.292618617E1,-7.109514438E-3,-5.721549317E-2,-3.425636142E-2
9.293619417E1,-3.012678772E-2,-4.032126814E-2,-4.123172536E-2
9.294619971E1,-4.027369991E-2,1.052300259E-2,-2.937746234E-2
9.295620771E1,-3.673985973E-2,6.640499085E-2,-4.606384784E-3
9.296621571E1,-2.076222561E-2,9.968730807E-2,2.737871185E-2
9.297622271E1,3.581733443E-3,9.286004305E-2,5.526455119E-2
9.298623071E1,2.976353653E-2,4.697750881E-2,7.034949213E-2
9.299623871E1,4.627723992E-2,-3.351382166E-2,6.942341477E-2
9.300624571E1,4.381301627E-2,-1.328990012E-1,5.627245829E-2
9.301625371E1,2.173332870E-2,-2.189335972E-1,4.886839166E-2
9.302626071E1,-3.620764008E-3,-2.541711926E-1,5.367886275E-2
9.303626871E1,-2.949574217E-2,-2.418237776E-1,5.825202167E-2
9.304627671E1,-3.094423562E-2,-1.896790862E-1,6.662127376E-2
9.305628371E1,-8.550730534E-3,-1.190936938E-1,7.457367331E-2
9.306629171E1,2.627515979E-2,-5.286407098E-2,8.430352807E-2
9.307629971E1,5.526145175E-2,-5.346173886E-3,9.323368967E-2
9.308630671E1,7.194056362E-2,8.344604634E-3,9.449470043E-2
9.309631471E1,7.912596315E-2,4.273004830E-3,9.577748179E-2
9.310632171E1,8.747071028E-2,5.518831778E-3,1.002198979E-1
9.311632971E1,1.025294811E-1,1.173721440E-2,1.094543710E-1
9.312633771E1,1.212752014E-1,2.015120536E-2,1.193333641E-1
9.313634471E1,1.514301449E-1,3.027262911E-2,1.289596856E-1
9.314635271E1,1.780758798E-1,2.689920180E-2,1.410935819E-1
9.315636071E1,1.960929781E-1,4.915820435E-3,1.319933981E-1
9.316636771E1,2.026448846E-1,-2.701548114E-2,1.175129786E-1
9.317637571E1,1.967892796E-1,-4.689813033E-2,1.021735966E-1
9.318638271E1,1.828071475E-1,-4.182667285E-2,8.310056478E-2
9.319639071E1,1.577958465E-1,-1.284464635E-2,6.571979076E-2
9.320639871E1,1.276880056E-1,3.526189923E-2,5.138932168E-2
9.321640571E1,9.926914424E-2,7.031016797E-2,4.494174570E-2
9.322641371E1,7.800673693E-2,7.980300486E-2,4.105326161E-2
9.323642171E1,7.053653151E-2,6.814856827E-2,3.508989513E-2
9.324642871E1,7.914040983E-2,4.481367767E-2,2.360421419E-2
9.325643671E1,8.408210427E-2,1.729586348E-2,1.244046609E-3
9.326644371E1,9.070884436E-2,9.828625247E-3,-2.695509978E-2
9.327645171E1,9.696742892E-2,3.929704055E-2,-4.411854222E-2
9.328645971E1,1.000513658E-1,1.034869477E-1,-5.270190910E-2
9.329646671E1,9.899763018E-2,1.804888695E-1,-4.652322456E-2
9.330647471E1,9.521540999E-2,2.465704083E-1,-3.458800167E-2
9.331648271E1,9.155737609E-2,2.794693708E-1,-2.181165479E-2
9.332648971E1,9.167882055E-2,2.682984769E-1,-1.241655461E-2
9.333649771E1,1.047682539E-1,2.365029752E-1,-4.637546372E-4
9.334650471E1,1.297604293E-1,1.981816888E-1,2.078267746E-2
9.335651271E1,1.655763090E-1,1.695138961E-1,4.482278228E-2
9.336652071E1,2.026025057E-1,1.509934664E-1,6.736750156E-2
9.337652771E1,2.338209897E-1,1.466000825E-1,8.276109397E-2
9.338653571E1,2.587907910E-1,1.478302032E-1,9.473679215E-2
9.339654371E1,2.731378376E-1,1.426946968E-1,1.008316278E-1
9.340655071E1,2.800460756E-1,1.282063127E-1,1.069443822E-1
9.341655871E1,2.949726582E-1,1.084105223E-1,1.224094033E-1
9.342656571E1,3.238061965E-1,8.507776260E-2,1.426430345E-1
9.343657371E1,3.827425838E-1,7.342303544E-2,1.589007676E-1
9.344658171E1,4.696100950E-1,6.728524715E-2,1.698354483E-1
9.345658871E1,5.630325079E-1,6.702212244E-2,1.691302359E-1
9.346659671E1,6.299918294E-1,7.620283961E-2,1.537286490E-1
9.347660471E1,6.463767886E-1,9.670318663E-2,1.294593960E-1
9.348661171E1,6.095767021E-1,1.226240024E-1,9.390807152E-2
9.349661971E1,5.428931117E-1,1.579165310E-1,5.790919065E-2
9.350662671E1,4.570293725E-1,1.859215349E-1,1.155101322E-2
9.351663471E1,3.609417677E-1,1.893278956E-1,-2.477794886E-2
9.352664271E1,2.576739788E-1,1.495663822E-1,-4.958076403E-2
9.353664971E1,1.466437578E-1,7.360520959E-2,-7.299768925E-2
9.354665771E1,5.166850612E-2,-2.944767475E-2,-9.659808874E-2
9.355666571E1,-1.759346947E-2,-1.652034819E-1,-1.170019358E-1
9.356667271E1,-5.792331323E-2,-3.096248507E-1,-1.372986734E-1
9.357668071E1,-6.831572950E-2,-4.449340105E-1,-1.522368640E-1
9.358668771E1,-5.444359034E-2,-5.256887674E-1,-1.563490480E-1
9.359669571E1,-3.874122724E-2,-5.333809257E-1,-1.604897231E-1
9.360670371E1,-4.848653078E-2,-4.752236307E-1,-1.700022668E-1
9.361671071E1,-9.878690541E-2,-3.630053997E-1,-1.769490838E-1
9.362671871E1,-1.953366101E-1,-2.361843288E-1,-1.739005595E-1
9.363672671E1,-3.066840768E-1,-1.352717280E-1,-1.658551395E-1
9.364673371E1,-3.864492178E-1,-6.510436535E-2,-1.448372006E-1
9.365674171E1,-4.097590446E-1,-2.796213515E-2,-1.208657995E-1
9.366674871E1,-3.642288446E-1,-6.899727043E-3,-8.892917633E-2
9.367675671E1,-2.567475140E-1,-3.021920100E-3,-3.821564466E-2
9.368676471E1,-1.156529635E-1,-2.257671207E-2,2.593244612E-2
9.369677171E1,2.988575026E-2,-6.395779550E-2,9.288236499E-2
9.370677971E1,1.455745250E-1,-1.327722818E-1,1.416376531E-1
9.371678771E1,2.109388560E-1,-2.095141113E-1,1.749394834E-1
9.372679471E1,2.221845835E-1,-2.710139453E-1,1.860477924E-1
9.373680271E1,1.911801398E-1,-3.104781508E-1,1.769011915E-1
9.374681071E1,1.385291815E-1,-3.220834136E-1,1.497856826E-1
9.375681771E1,7.455131412E-2,-3.118040264E-1,1.172004417E-1
9.376682571E1,1.417931914E-2,-2.833753228E-1,8.031326532E-2
9.377683271E1,-4.419074953E-2,-2.533053160E-1,4.598635063E-2
9.378684071E1,-9.734211862E-2,-2.424052656E-1,1.492190920E-2
9.379684871E1,-1.388218254E-1,-2.520543635E-1,-1.083170809E-2
9.380685571E1,-1.634549946E-1,-2.771029770E-1,-4.165593535E-2
9.381686371E1,-1.784382463E-1,-2.990050018E-1,-7.953009754E-2
9.382687171E1,-1.795133650E-1,-3.091641665E-1,-1.154870316E-1
9.383687871E1,-1.642810404E-1,-2.926416397E-1,-1.558610350E-1
9.384688671E1,-1.349721551E-1,-2.470533699E-1,-1.830327362E-1
9.385689371E1,-1.057028323E-1,-1.806947887E-1,-1.949864030E-1
9.386690171E1,-8.240896463E-2,-1.021997184E-1,-1.903501004E-1
9.387690971E1,-7.158228010E-2,-3.777706251E-2,-1.759158075E-1
9.388691671E1,-5.828884989E-2,7.307859138E-3,-1.657057852E-1
9.389692471E1,-3.611471131E-2,3.091868572E-2,-1.649663597E-1
9.390693271E1,-1.412925404E-2,3.678856045E-2,-1.746522784E-1
9.391693971E1,3.184405388E-3,4.168066010E-2,-1.761773080E-1
9.392694771E1,7.407645695E-3,5.024032667E-2,-1.726060063E-1
9.393695571E1,7.416993845E-3,5.922284722E-2,-1.633815169E-1
9.394696258E1,5.944798235E-3,7.230216265E-2,-1.544042677E-1
9.395697058E1,1.215827651E-2,8.142979443E-2,-1.411111057E-1
9.396697758E1,2.045961469E-2,7.631785423E-2,-1.228561997E-1
9.397698558E1,3.202632070E-2,5.892084539E-2,-1.106202528E-1
9.398699358E1,3.771483153E-2,4.309447855E-2,-1.041048318E-1
9.399700058E1,4.173032194E-2,3.293195367E-2,-9.367432445E-2
9.400700858E1,3.918913379E-2,1.644112729E-2,-8.450452983E-2
9.401701658E1,3.422733024E-2,1.957367640E-3,-7.719753683E-2
9.402702358E1,3.273995221E-2,-7.920829579E-3,-6.494033337E-2
9.403703158E1,3.826152533E-2,-6.264430471E-3,-4.702230170E-2
9.404703958E1,5.476700142E-2,3.664100543E-3,-3.048886731E-2
9.405704658E1,7.805722952E-2,1.744396240E-2,-1.027404144E-2
9.406705458E1,1.008333787E-1,3.342346102E-2,8.505504578E-3
9.407706158E1,1.172567606E-1,4.634925351E-2,2.041877247E-2
9.408706958E1,1.187039241E-1,4.158565775E-2,2.757495269E-2
9.409707758E1,1.054859310E-1,2.762866206E-2,2.249553986E-2
9.410708458E1,7.256846130E-2,-2.403273247E-3,8.948039263E-3
9.411709258E1,2.569492161E-2,-3.925658762E-2,-5.480521359E-3
9.412710058E1,-2.060360089E-2,-5.908142030E-2,-1.845091581E-2
9.413710758E1,-6.428299099E-2,-7.076793909E-2,-2.797718905E-2
9.414711558E1,-9.980050474E-2,-6.860278547E-2,-3.278286383E-2
9.415712358E1,-1.159903705E-1,-4.541180283E-2,-2.948450670E-2
9.416713058E1,-1.116941571E-1,-1.949604973E-2,-2.113176882E-2
9.417713858E1,-8.929230273E-2,7.855671458E-3,-1.461532712E-2
9.418714558E1,-5.842786655E-2,1.579055935E-2,-8.811766282E-3
9.419715358E1,-3.212606162E-2,5.806344561E-4,-2.925317734E-3
9.420716158E1,-2.138127200E-2,-3.441037238E-2,-5.161041394E-3
9.421716858E1,-2.842061408E-2,-7.652575523E-2,-1.222065371E-2
9.422717658E1,-5.062685162E-2,-1.118501872E-1,-3.229902312E-2
9.423718458E1,-8.248060942E-2,-1.084504500E-1,-5.555027723E-2
9.424719158E1,-1.198309064E-1,-6.295859814E-2,-8.008491248E-2
9.425719958E1,-1.487529576E-1,2.359300852E-2,-1.010214761E-1
9.426720758E1,-1.686006933E-1,1.147061437E-1,-1.096634343E-1
9.427721458E1,-2.012428641E-1,1.783335358E-1,-1.151990369E-1
9.428722258E1,-2.188239992E-1,2.060346752E-1,-1.208377481E-1
9.429723058E1,-2.262201011E-1,1.845739931E-1,-1.291708350E-1
9.430723758E1,-2.395002097E-1,1.630668491E-1,-1.506231278E-1
9.431724558E1,-2.787584364E-1,1.504504979E-1,-1.713469923E-1
9.432725258E1,-3.406412601E-1,1.360329539E-1,-2.008393705E-1
9.433726058E1,-4.079816639E-1,1.386661828E-1,-2.370988131E-1
9.434726858E1,-4.773135781E-1,1.546448916E-1,-2.431849390E-1
9.435727558E1,-5.241516232E-1,2.119180113E-1,-2.423967421E-1
9.436728358E1,-5.350604653E-1,2.657857835E-1,-2.483015060E-1
9.437729158E1,-5.223229527E-1,2.867572010E-1,-2.287247926E-1
9.438729858E1,-4.952398837E-1,2.922662199E-1,-1.918634474E-1
9.439730658E1,-4.547264576E-1,2.401892841E-1,-1.346033365E-1
9.440731458E1,-3.893202841E-1,1.381643713E-1,-6.028143317E-2
9.441732158E1,-2.766153812E-1,5.741190165E-3,5.354382563E-3
9.442732958E1,-1.300738752E-1,-9.758759290E-2,6.422328949E-2
9.443733758E1,3.038661368E-2,-2.031357884E-1,8.971976489E-2
9.444734458E1,2.009359896E-1,-3.005995154E-1,7.969429344E-2
9.445735258E1,3.375784159E-1,-3.565129042E-1,7.398559153E-2
9.446735958E1,4.005123973E-1,-3.593877852E-1,6.828802824E-2
9.447736758E1,4.039040804E-1,-3.298981190E-1,6.567907333E-2
9.448737558E1,3.711391985E-1,-2.860875130E-1,6.944398582E-2
9.449738258E1,3.059630096E-1,-2.337808162E-1,5.673917755E-2
9.450739058E1,2.367887497E-1,-1.516947299E-1,1.430676691E-2
9.451739858E1,1.914380938E-1,-6.751354784E-2,-2.176956460E-2
9.452740558E1,1.567174047E-1,-8.726136759E-3,-5.206328630E-2
9.453741358E1,1.315805167E-1,2.685147151E-2,-7.854596525E-2
9.454742158E1,1.178711057E-1,4.655513167E-2,-9.336698800E-2
9.455742858E1,1.063552275E-1,4.560667649E-2,-1.207101345E-1
9.456743658E1,9.851035476E-2,2.507290617E-2,-1.389325410E-1
9.457744458E1,9.249389917E-2,-8.449878544E-3,-1.428424865E-1
9.458745158E1,8.216189593E-2,-4.553386569E-2,-1.402656138E-1
9.459745958E1,8.013520390E-2,-8.635180444E-2,-1.433552355E-1
9.460746658E1,8.712573349E-2,-1.175552681E-1,-1.512088925E-1
9.461747458E1,8.779300749E-2,-1.558178067E-1,-1.616174281E-1
9.462748258E1,6.725683808E-2,-2.012593299E-1,-1.675858498E-1
9.463748958E1,2.246746235E-2,-2.398677319E-1,-1.612952501E-1
9.464749758E1,-4.117915779E-2,-2.791115344E-1,-1.475075334E-1
9.465750558E1,-9.625148028E-2,-3.043005466E-1,-1.417367160E-1
9.466751258E1,-1.267462671E-1,-2.939794660E-1,-1.395169795E-1
9.467752058E1,-1.395083964E-1,-2.655510008E-1,-1.376133412E-1
9.468752858E1,-1.282115430E-1,-2.069050074E-1,-1.259175390E-1
9.469753558E1,-1.004397571E-1,-1.284950376E-1,-1.022272781E-1
9.470754358E1,-7.478898764E-2,-6.664337963E-2,-7.616664469E-2
9.471755158E1,-5.815466493E-2,-4.951064289E-2,-5.406908318E-2
9.472755858E1,-5.691896006E-2,-7.806558907E-2,-4.140868038E-2
9.473756658E1,-7.583073527E-2,-1.133620664E-1,-3.112962842E-2
9.474757458E1,-1.016418263E-1,-1.423867941E-1,-2.368955500E-2
9.475758158E1,-1.201002002E-1,-1.558282971E-1,-1.283610985E-2
9.476758958E1,-1.318268925E-1,-1.502646953E-1,-8.597955108E-3
9.477759658E1,-1.432277262E-1,-1.342530251E-1,7.122420939E-4
9.478760458E1,-1.576532722E-1,-1.131344140E-1,1.289593801E-2
9.479761258E1,-1.839540750E-1,-1.050329059E-1,2.085481025E-2
9.480761958E1,-2.171884626E-1,-1.245022193E-1,2.421385422E-2
9.481762758E1,-2.594254613E-1,-1.611229181E-1,1.729191840E-2
9.482763558E1,-2.993574440E-1,-2.005723268E-1,4.960683640E-3
9.483764258E1,-3.299519122E-1,-2.233948410E-1,-1.595777832E-2
9.484765058E1,-3.515589535E-1,-2.189063579E-1,-3.304701671E-2
9.485765858E1,-3.568108678E-1,-1.854543835E-1,-4.010257125E-2
9.486766558E1,-3.482219279E-1,-1.422640383E-1,-3.211282194E-2
9.487767358E1,-3.187505305E-1,-9.334902465E-2,-1.568492502E-2
9.488768158E1,-2.689126432E-1,-4.930407181E-2,9.849997237E-3
9.489768858E1,-2.100543082E-1,-2.412595972E-2,3.270838782E-2
9.490769658E1,-1.513100266E-1,-2.968956903E-2,5.593408272E-2
9.491770458E1,-1.003533676E-1,-6.544627249E-2,7.068870962E-2
9.492771158E1,-7.263492048E-2,-1.289509386E-1,7.086713612E-2
9.493771958E1,-8.100008965E-2,-1.978481263E-1,5.664161965E-2
9.494772779E1,-1.221304834E-1,-2.619954348E-1,4.559589550E-2
9.495773479E1,-1.725180894E-1,-3.095292747E-1,2.848817594E-2
9.496774279E1,-1.999507695E-1,-3.350873590E-1,1.429113187E-2
9.497775079E1,-1.709871143E-1,-3.376076221E-1,1.062757242E-2
9.498775779E1,-7.439053059E-2,-2.856200635E-1,2.894585766E-2
9.499776579E1,8.289468288E-2,-1.603609622E-1,6.372576952E-2
9.500777379E1,2.596534789E-1,-5.777514074E-3,1.030553356E-1
9.501778079E1,3.986429870E-1,1.271522045E-1,1.336999387E-1
9.502778879E1,4.441100657E-1,2.108777314E-1,1.405701041E-1
9.503779579E1,3.913464248E-1,2.464256287E-1,1.295873076E-1
9.504780379E1,2.606067955E-1,2.259110361E-1,9.056081623E-2
9.505781179E1,8.694408834E-2,1.739907563E-1,4.111191630E-2
9.506781879E1,-8.891828358E-2,1.208769456E-1,3.794372082E-3
9.507782679E1,-2.300908417E-1,1.012388244E-1,-5.818398669E-3
9.508783479E1,-2.998528779E-1,1.316907257E-1,1.840852783E-3
9.509784179E1,-2.989894450E-1,1.874099076E-1,3.040627390E-2
9.510784979E1,-2.563684881E-1,2.265264094E-1,5.704427510E-2
9.511785779E1,-1.885422915E-1,2.354053110E-1,7.553853095E-2
9.512786479E1,-1.228572875E-1,2.086075246E-1,8.487050235E-2
9.513787279E1,-8.345882595E-2,1.386075914E-1,9.236007929E-2
9.514788079E1,-6.939787418E-2,6.111306697E-2,9.211800247E-2
9.515788779E1,-7.490631193E-2,-7.919952273E-3,9.540569782E-2
9.516789579E1,-9.397481382E-2,-5.713729560E-2,9.757005423E-2
9.517790379E1,-1.146447733E-1,-6.989010423E-2,1.000833139E-1
9.518791079E1,-1.328048706E-1,-4.763459787E-2,1.039257273E-1
9.519791879E1,-1.386121064E-1,2.249249257E-3,1.048099175E-1
9.520792679E1,-1.378387362E-1,4.849264771E-2,1.055534706E-1
9.521793379E1,-1.339064837E-1,7.716748118E-2,9.843425453E-2
9.522794179E1,-1.200444549E-1,8.971682936E-2,8.713446558E-2
9.523794979E1,-1.048507020E-1,8.445061743E-2,8.036724478E-2
9.524795679E1,-8.559098095E-2,7.896583527E-2,7.323396951E-2
9.525796479E1,-5.999537185E-2,8.404460549E-2,6.108505651E-2
9.526797279E1,-2.600065432E-2,1.166547462E-1,5.301727355E-2
9.527797979E1,3.959260881E-3,1.626013964E-1,4.998913780E-2
9.528798779E1,1.525772177E-2,1.864465326E-1,5.519162491E-2
9.529799579E1,1.100244001E-2,1.897559017E-1,5.639827996E-2
9.530800279E1,9.927055798E-3,1.614640802E-1,5.815117061E-2
9.531801079E1,2.442562580E-2,1.460507065E-1,6.040892377E-2
9.532801779E1,4.615408927E-2,1.310259551E-1,6.088216603E-2
9.533802579E1,6.488787383E-2,1.117919832E-1,5.708051845E-2
9.534803379E1,7.231622934E-2,9.358315170E-2,5.081330240E-2
9.535804079E1,5.466683209E-2,7.057358325E-2,4.336929694E-2
9.536804879E1,3.386434913E-2,5.113544315E-2,3.138560429E-2
9.537805679E1,1.334034372E-2,2.965191379E-2,1.722527854E-2
9.538806379E1,-1.155967917E-2,9.969288483E-3,-1.962529495E-3
9.539807179E1,-2.419308573E-2,8.186142892E-3,-1.534231193E-2
9.540807979E1,-2.902379259E-2,1.106235571E-2,-1.080321986E-2
9.541808679E1,-3.188565373E-2,7.168548647E-3,-5.649828352E-3
9.542809479E1,-3.075513989E-2,-5.002901889E-4,7.066043327E-4
9.543810279E1,-2.830120735E-2,-1.781631634E-2,2.678614575E-3
9.544810979E1,-8.803139441E-3,-1.993459463E-2,-1.263662474E-3
9.545811779E1,1.533887908E-2,-1.173170470E-2,-9.921174496E-3
9.546812579E1,3.678744659E-2,1.872340776E-2,-2.455444448E-2
9.547813279E1,3.374650702E-2,4.485013708E-2,-4.451746121E-2
9.548814079E1,-3.509518225E-3,5.461940914E-2,-5.834539235E-2
9.549814879E1,-5.589840561E-2,6.028157473E-2,-6.598982215E-2
9.550815579E1,-1.054949835E-1,4.993252829E-2,-7.346531004E-2
9.551816379E1,-1.270757467E-1,3.294968233E-2,-8.179872483E-2
9.552817179E1,-1.168577448E-1,2.574823052E-2,-8.545578271E-2
9.553817879E1,-8.885879070E-2,2.229687572E-2,-8.718565851E-2
9.554818679E1,-6.150839478E-2,1.434680633E-2,-8.065159619E-2
9.555819479E1,-3.810856491E-2,1.396158617E-2,-7.062995434E-2
9.556820179E1,-2.497864701E-2,2.260167897E-2,-6.034615636E-2
9.557820979E1,-1.870396920E-2,3.817258030E-2,-5.181577802E-2
9.558821779E1,-1.733244210E-2,5.706690252E-2,-4.585669190E-2
9.559822479E1,-1.840449311E-2,6.847085059E-2,-3.990563750E-2
9.560823279E1,-2.026311308E-2,7.105331868E-2,-3.755433112E-2
9.561824079E1,-2.532866970E-2,6.357353181E-2,-3.483843058E-2
9.562824779E1,-3.298099712E-2,4.565072432E-2,-3.760678694E-2
9.563825579E1,-3.455076367E-2,2.202358469E-2,-4.155113548E-2
9.564826379E1,-2.702440321E-2,-1.023821346E-2,-5.012091994E-2
9.565827079E1,-3.854478709E-3,-2.263930999E-2,-6.360515952E-2
9.566827879E1,2.136405744E-2,-1.914923638E-2,-6.742040068E-2
9.567828679E1,3.977608681E-2,2.358718310E-3,-6.654848158E-2
9.568829379E1,3.835156187E-2,3.213791922E-2,-6.998343021E-2
9.569830179E1,2.787220478E-2,6.982556731E-2,-6.771896780E-2
9.570830979E1,1.344479620E-2,1.096483469E-1,-6.120168790E-2
9.571831679E1,-1.101448759E-2,1.279839724E-1,-5.361692235E-2
9.572832479E1,-3.266678751E-2,1.138500497E-1,-5.107147247E-2
9.573833279E1,-4.572576284E-2,7.114310563E-2,-5.088350549E-2
9.574833979E1,-3.765585274E-2,2.992563136E-2,-5.077724531E-2
9.575834779E1,-2.442176081E-2,-5.439913366E-3,-4.782431945E-2
9.576835579E1,-1.229357673E-3,-2.529298142E-2,-4.327510670E-2
9.577836279E1,2.639010549E-2,-1.822914369E-2,-3.557534516E-2
9.578837079E1,4.889275134E-2,1.013192348E-2,-2.294503897E-2
9.579837879E1,6.701909006E-2,4.365571588E-2,-5.300421733E-3
9.580838579E1,7.475157082E-2,6.940396130E-2,9.174124338E-3
9.581839379E1,7.911445200E-2,7.221613824E-2,1.511273161E-2
9.582840079E1,7.446990162E-2,5.854586512E-2,5.956783425E-3
9.583840879E1,6.210364774E-2,4.227549955E-2,-3.843953833E-3
9.584841679E1,4.324607179E-2,3.536832333E-2,-1.560127735E-2
9.585842379E1,1.165956724E-2,3.284490108E-2,-2.667792700E-2
9.586843179E1,-2.789157070E-2,4.469836503E-2,-3.585624695E-2
9.587843979E1,-6.055104733E-2,6.444153190E-2,-3.993791342E-2
9.588844679E1,-8.254583180E-2,7.202354819E-2,-4.533614218E-2
9.589845479E1,-8.975371718E-2,6.229245663E-2,-4.237605259E-2
9.590846279E1,-7.534015924E-2,5.256339535E-2,-3.400573879E-2
9.591846979E1,-3.429002315E-2,4.968474060E-2,-1.495928876E-2
9.592847779E1,1.752523519E-2,4.880376905E-2,1.973089995E-3
9.593848579E1,5.917705223E-2,4.753174633E-2,9.769486263E-3
9.594849271E1,7.675364614E-2,4.336896166E-2,8.895436302E-3
9.595850071E1,5.914112180E-2,3.798734024E-2,-3.091176972E-3
9.596850871E1,1.941421628E-2,3.109987453E-2,-1.138745621E-2
9.597851571E1,-2.655394934E-2,3.489292413E-2,-2.355717123E-2
9.598852371E1,-7.147881389E-2,3.054132126E-2,-5.177948996E-2
9.599853171E1,-1.018740982E-1,4.214207456E-2,-6.985598803E-2
9.600853871E1,-1.030810401E-1,8.086577058E-2,-7.038009912E-2
9.601854671E1,-7.904296368E-2,1.098239645E-1,-6.264731288E-2
9.602855471E1,-3.637299314E-2,1.273174733E-1,-4.817169905E-2
9.603856171E1,8.366941474E-3,1.156063154E-1,-4.229235649E-2
9.604856971E1,4.538488016E-2,8.338340372E-2,-4.438426718E-2
9.605857771E1,6.517264992E-2,5.079288408E-2,-4.187345877E-2
9.606858471E1,4.977531731E-2,1.836410351E-2,-3.773543984E-2
9.607859271E1,2.928219968E-3,2.257307991E-2,-3.746875376E-2
9.608860071E1,-5.339816958E-2,5.726661533E-2,-5.142211914E-2
9.609860771E1,-1.078515351E-1,7.930402458E-2,-7.148920745E-2
9.610861571E1,-1.454393864E-1,9.385766834E-2,-8.989964426E-2
9.611862371E1,-1.630795896E-1,9.473162889E-2,-9.811308235E-2
9.612863071E1,-1.493477970E-1,8.768383414E-2,-8.846019208E-2
9.613863871E1,-1.071466133E-1,8.374802023E-2,-7.045812905E-2
9.614864671E1,-5.664429814E-2,6.016839296E-2,-5.011637136E-2
9.615865371E1,-1.017120108E-2,2.426927723E-2,-2.920740657E-2
9.616866171E1,1.494906563E-2,-1.102026924E-2,-9.173777886E-3
9.617866971E1,1.642341912E-2,-4.332447797E-2,5.689631216E-4
9.618867671E1,-1.365164295E-3,-5.121515691E-2,-1.125339884E-3
9.619868471E1,-3.916117176E-2,-4.567888752E-2,-2.866391325E-3
9.620869271E1,-8.858038485E-2,-2.921975404E-2,-1.065453887E-2
9.621869971E1,-1.301080883E-1,-1.104090735E-2,-1.773897745E-2
9.622870771E1,-1.512096375E-1,1.540827751E-2,-1.675520651E-2
9.623871571E1,-1.523051113E-1,3.592017666E-2,-1.201392617E-2
9.624872271E1,-1.329457909E-1,4.361325130E-2,-9.499901906E-3
9.625873071E1,-1.090556309E-1,3.311213851E-2,-4.113924690E-3
9.626873871E1,-8.165755868E-2,3.574307635E-2,-9.904968552E-3
9.627874571E1,-6.721054763E-2,2.154945768E-2,-1.274197921E-2
9.628875371E1,-5.727748945E-2,7.303143386E-3,-1.587199233E-2
9.629876171E1,-4.756106809E-2,2.757452987E-2,-1.217876095E-2
9.630876871E1,-5.204077065E-2,7.138752937E-2,-1.359130163E-2
9.631877671E1,-5.898793787E-2,8.443890512E-2,-1.229613461E-2
9.632878471E1,-5.936051160E-2,8.074057102E-2,-1.047692914E-2
9.633879171E1,-4.901260883E-2,6.686273962E-2,-7.782189641E-3
9.634879971E1,-2.687241882E-2,3.340677917E-2,-3.285342827E-4
9.635880771E1,-4.808884114E-3,2.058874350E-3,8.923567832E-3
9.636881471E1,6.617674604E-3,-1.781789586E-2,2.310969494E-2
9.637882271E1,4.682562314E-3,-2.382904477E-2,3.247050941E-2
9.638883071E1,-5.740250926E-3,-1.772055216E-2,2.922970802E-2
9.639883771E1,-1.616643742E-2,-1.682857517E-3,2.336164191E-2
9.640884571E1,-1.742451452E-2,6.914891303E-3,1.592503116E-2
9.641885371E1,-1.336951274E-2,1.061891485E-2,1.152054127E-2
9.642886071E1,5.672622006E-3,1.270816475E-2,1.516694203E-2
9.643886871E1,2.207461931E-2,6.419441197E-3,1.905865967E-2
9.644887671E1,3.200794384E-2,-9.306525812E-3,1.825198717E-2
9.645888471E1,2.777052671E-2,-2.634536475E-2,1.349014509E-2
9.646889171E1,1.165893488E-2,-3.378037736E-2,3.997840919E-3
9.647889971E1,-1.354538370E-2,-2.054010332E-2,6.495729322E-4
9.648890771E1,-3.110147454E-2,-1.505958848E-3,-1.303855795E-3
9.649891471E1,-4.200944304E-2,8.388051763E-3,-6.762157660E-3
9.650892271E1,-5.037949234E-2,8.133720607E-3,-1.722571813E-2
9.651893071E1,-5.761624500E-2,1.097112428E-3,-2.565289848E-2
9.652893771E1,-6.707046926E-2,-1.477106661E-2,-3.070331737E-2
9.653894571E1,-7.659257203E-2,-2.683658712E-2,-2.884539776E-2
9.654895371E1,-8.760128170E-2,-3.726126254E-2,-2.678570896E-2
9.655896071E1,-8.815014362E-2,-2.761879191E-2,-1.535683591E-2
9.656896871E1,-8.234258741E-2,-1.204063091E-2,-6.696502678E-3
9.657897671E1,-8.039544523E-2,4.570676945E-3,3.487487556E-4
9.658898371E1,-7.800445706E-2,1.507311873E-2,2.877419814E-3
9.659899171E1,-7.571697980E-2,1.679322682E-2,1.082680281E-2
9.660899971E1,-7.549593598E-2,2.991701849E-2,1.319328696E-2
9.661900671E1,-6.855951250E-2,2.962479740E-2,2.319096215E-2
9.662901471E1,-5.284313858E-2,1.739103347E-2,2.722644992E-2
9.663902271E1,-3.012493812E-2,8.055884391E-3,3.768356144E-2
9.664902971E1,-8.869716898E-3,2.576430328E-3,5.124996975E-2
9.665903771E1,-9.200626519E-4,-6.982914172E-3,6.742765009E-2
9.666904571E1,-2.890269039E-3,-1.386185922E-2,7.547385991E-2
9.667905271E1,-5.758493673E-3,-1.622834429E-2,7.888217270E-2
9.668906071E1,-1.300708484E-2,-2.298877947E-2,8.021055162E-2
9.669906871E1,-1.436656993E-2,-1.964318380E-2,7.376670092E-2
9.670907571E1,-9.245844558E-3,-1.207154989E-2,7.066065818E-2
9.671908371E1,-7.360281888E-3,-4.017454572E-3,7.083112001E-2
9.672909171E1,-1.142479759E-2,3.638334805E-3,6.819672137E-2
9.673909871E1,-1.872642711E-2,9.197430685E-3,6.417301297E-2
9.674910671E1,-2.187721245E-2,1.366088819E-2,6.481830031E-2
9.675911471E1,-2.762631513E-2,1.338902675E-2,5.979953334E-2
9.676912171E1,-2.433411591E-2,5.971590523E-3,5.539865792E-2
9.677912971E1,-2.144921757E-2,-1.203258056E-3,5.064203963E-2
9.678913771E1,-2.951486781E-2,-1.070142351E-2,4.251993075E-2
9.679914471E1,-3.816589341E-2,-8.998829871E-3,3.065323643E-2
9.680915271E1,-4.704354331E-2,8.923977613E-3,2.055639587E-2
9.681916071E1,-5.741479248E-2,1.807217114E-2,8.575420827E-3
9.682916771E1,-5.862599984E-2,2.407999709E-2,-8.416611701E-3
9.683917571E1,-5.016803741E-2,3.483723849E-2,-2.503463812E-2
9.684918371E1,-4.423158616E-2,4.514686763E-2,-4.255370796E-2
9.685919071E1,-4.571552575E-2,4.949712753E-2,-5.356802419E-2
9.686919871E1,-6.409506500E-2,5.141406879E-2,-6.009010598E-2
9.687920671E1,-8.357919008E-2,4.062778875E-2,-6.396338344E-2
9.688921371E1,-9.733415395E-2,3.000390902E-2,-6.473863125E-2
9.689922171E1,-9.106729180E-2,2.112487331E-2,-6.941436231E-2
9.690922971E1,-6.881764531E-2,8.532648906E-3,-7.077310979E-2
9.691923671E1,-4.105441645E-2,4.067755304E-3,-7.459659874E-2
9.692924471E1,-2.044953965E-2,1.604597550E-3,-8.492965996E-2
9.693925271E1,-1.458915137E-2,-1.194005366E-3,-1.010030434E-1
9.694925929E1,-1.955568045E-2,8.931066841E-3,-1.111619398E-1
9.695926729E1,-2.587857097E-2,3.084545396E-2,-1.141619012E-1
9.696927529E1,-1.954690553E-2,4.691683128E-2,-1.127733290E-1
9.697928229E1,-1.502760453E-3,5.001530796E-2,-1.101774052E-1
9.698929029E1,1.685147919E-2,3.617832065E-2,-1.001130566E-1
9.699929829E1,2.817365527E-2,1.600465924E-2,-9.176900983E-2
9.700930629E1,3.138382733E-2,-1.002286561E-3,-8.492229134E-2
9.701931329E1,3.033870272E-2,-6.673329510E-3,-7.539389282E-2
9.702932129E1,1.838750020E-2,-5.447476171E-3,-6.485789269E-2
9.703932929E1,2.717535710E-3,5.774851888E-4,-6.028060988E-2
9.704933629E1,-7.000072394E-3,-1.292852685E-3,-5.222321302E-2
9.705934429E1,-8.022520691E-3,-6.847002078E-3,-4.176757112E-2
9.706935229E1,4.140402190E-3,-1.030112244E-2,-2.807785943E-2
9.707935929E1,3.551251721E-3,-3.767854720E-2,-2.053252235E-2
9.708936729E1,-6.709908135E-3,-6.771074980E-2,-2.414616570E-2
9.709937529E1,-2.421356365E-2,-7.488895953E-2,-2.211666852E-2
9.710938229E1,-3.700073063E-2,-7.015706599E-2,-1.710166782E-2
9.711939029E1,-5.102881417E-2,-5.900933966E-2,-1.521868818E-2
9.712939829E1,-5.964706838E-2,-4.659182206E-2,-1.977908611E-2
9.713940529E1,-6.180425733E-2,-3.705630079E-2,-2.262157388E-2
9.714941329E1,-6.048812345E-2,-2.152741142E-2,-2.373450994E-2
9.715942129E1,-4.832248017E-2,-6.726234220E-3,-2.122961171E-2
9.716942829E1,-2.621824294E-2,-4.438844509E-3,-1.247207168E-2
9.717943629E1,-2.350387629E-3,-1.119004376E-2,-4.398405552E-3
9.718944429E1,1.163067576E-2,-3.973513842E-2,4.573361948E-4
9.719945129E1,1.402331889E-2,-7.729330659E-2,1.545700361E-3
9.720945929E1,2.669197740E-3,-1.141056493E-1,-5.685847253E-3
9.721946729E1,-8.373655379E-3,-1.249065772E-1,-1.696338132E-2
9.722947429E1,-1.730190217E-2,-1.136989295E-1,-3.406060860E-2
9.723948229E1,-1.543872897E-2,-7.242576778E-2,-4.423147440E-2
9.724949029E1,-4.430552945E-3,-2.680513542E-3,-3.897013515E-2
9.725949729E1,8.850789629E-3,6.718333811E-2,-2.823169343E-2
9.726950529E1,1.639872044E-2,1.064801440E-1,-1.888080314E-2
9.727951329E1,1.033385005E-2,9.459573030E-2,-1.922045089E-2
9.728952029E1,-1.074826531E-2,5.067194998E-2,-3.793155402E-2
9.729952829E1,-2.771353535E-2,7.729725912E-4,-5.247167498E-2
9.730953629E1,-4.139019921E-2,-3.472270444E-2,-5.053182691E-2
9.731954429E1,-5.843948573E-2,-5.627345294E-2,-4.211454093E-2
9.732955129E1,-8.587856591E-2,-7.078395784E-2,-3.957814723E-2
9.733955929E1,-1.233379990E-1,-6.239487231E-2,-3.428331763E-2
9.734956729E1,-1.689651459E-1,-3.999715671E-2,-3.145717084E-2
9.735957429E1,-2.173319012E-1,-9.487112984E-3,-3.159176186E-2
9.736958229E1,-2.658728063E-1,2.410573512E-2,-3.081092238E-2
9.737959029E1,-3.207894266E-1,4.702214524E-2,-2.528570592E-2
9.738959729E1,-3.594710529E-1,5.984073877E-2,-1.409670059E-2
9.739960529E1,-3.724599183E-1,7.242179662E-2,7.234828547E-3
9.740961329E1,-3.646664619E-1,7.842030376E-2,3.307494521E-2
9.741962029E1,-3.445847034E-1,7.619380951E-2,6.058102846E-2
9.742962829E1,-3.256512284E-1,5.635059625E-2,9.011361748E-2
9.743963629E1,-3.135271966E-1,2.898208797E-2,1.210744679E-1
9.744964329E1,-3.103194237E-1,-5.250449758E-3,1.424391568E-1
9.745965129E1,-3.135581017E-1,-4.390562698E-2,1.424275935E-1
9.746965929E1,-3.218567967E-1,-5.570955575E-2,1.342479587E-1
9.747966629E1,-3.276835680E-1,-5.662977323E-2,1.307380646E-1
9.748967429E1,-3.323909938E-1,-4.306043684E-2,1.317498088E-1
9.749968229E1,-3.280745447E-1,-1.667250320E-2,1.352308244E-1
9.750968929E1,-3.133600354E-1,2.301232517E-2,1.429009885E-1
9.751969729E1,-2.781310081E-1,6.560692936E-2,1.583569795E-1
9.752970529E1,-2.176031917E-1,1.044493988E-1,1.722368449E-1
9.753971229E1,-1.469520032E-1,1.310015172E-1,1.774492413E-1
9.754972029E1,-6.781350076E-2,1.175285876E-1,1.693037003E-1
9.755972829E1,2.150578890E-3,8.554956317E-2,1.662527621E-1
9.756973629E1,4.403571039E-2,6.034541130E-2,1.669686288E-1
9.757974329E1,5.184324086E-2,4.686222970E-2,1.793095171E-1
9.758975129E1,4.182336107E-2,4.320464283E-2,1.890902370E-1
9.759975929E1,1.870471239E-2,4.020356014E-2,1.884016395E-1
9.760976629E1,-8.157251868E-4,4.258362949E-2,1.799958944E-1
9.761977429E1,-1.808722317E-2,4.439765215E-2,1.614484489E-1
9.762978229E1,-2.752866223E-2,4.223756492E-2,1.457243413E-1
9.763978929E1,-3.966800496E-2,3.779968992E-2,1.268549263E-1
9.764979729E1,-5.233106762E-2,2.415950969E-2,1.145809516E-1
9.765980529E1,-6.153707579E-2,1.561148092E-3,1.067292318E-1
9.766981229E1,-5.944782495E-2,-1.721839979E-2,8.927780390E-2
9.767982029E1,-4.159546271E-2,-4.625771567E-2,6.959993392E-2
9.768982829E1,-2.033757791E-2,-8.533587307E-2,4.457740486E-2
9.769983529E1,-8.590753190E-3,-1.221120954E-1,1.547007728E-2
9.770984329E1,8.775832830E-4,-1.425364166E-1,-3.168321215E-3
9.771985129E1,8.757816395E-4,-1.520307362E-1,-1.400639303E-2
9.772985829E1,2.669686917E-3,-1.561841965E-1,-2.527822182E-2
9.773986629E1,1.736674830E-2,-1.524924934E-1,-4.235479981E-2
9.774987429E1,3.835618868E-2,-1.438255012E-1,-6.091490388E-2
9.775988129E1,7.080861926E-2,-1.327229440E-1,-7.091987878E-2
9.776988929E1,1.024807990E-1,-1.309774965E-1,-7.324402034E-2
9.777989729E1,1.426434964E-1,-1.258250326E-1,-7.337555289E-2
9.778990529E1,1.798872650E-1,-1.234969050E-1,-7.526426762E-2
9.779991229E1,2.150705606E-1,-1.278724670E-1,-8.117461950E-2
9.780992029E1,2.424340099E-1,-1.293017864E-1,-8.995319903E-2
9.781992829E1,2.605022788E-1,-1.333688498E-1,-9.881493449E-2
9.782993529E1,2.761613727E-1,-1.281866133E-1,-1.133043990E-1
9.783994329E1,2.993160784E-1,-1.103414670E-1,-1.218208745E-1
9.784995129E1,3.255878985E-1,-9.705974907E-2,-1.252379864E-1
9.785995829E1,3.497811854E-1,-1.164218411E-1,-1.301549524E-1
9.786996629E1,3.557200432E-1,-1.673169732E-1,-1.431865990E-1
9.787997429E1,3.416234851E-1,-2.465905994E-1,-1.600521952E-1
9.788998129E1,3.190417290E-1,-3.369135857E-1,-1.832664460E-1
9.789998929E1,2.947329879E-1,-4.010483325E-1,-2.104234844E-1
9.790999729E1,2.545759976E-1,-4.252098799E-1,-2.416716814E-1
9.792000429E1,1.905441731E-1,-4.106585681E-1,-2.708850801E-1
9.793001229E1,1.123108938E-1,-3.702085912E-1,-2.949286401E-1
9.794002029E1,4.337209743E-3,-3.453992307E-1,-3.281822801E-1
9.795002717E1,-1.035583690E-1,-3.148234785E-1,-3.667800128E-1
9.796003517E1,-1.978745610E-1,-2.768930495E-1,-4.000748992E-1
9.797004317E1,-2.607147694E-1,-2.294083685E-1,-4.258513749E-1
9.798005017E1,-2.958669364E-1,-1.853704453E-1,-4.330497980E-1
9.799005817E1,-2.984744310E-1,-1.540016085E-1,-4.296396375E-1
9.800006617E1,-2.762643993E-1,-1.458603144E-1,-4.194685221E-1
9.801007417E1,-2.282808721E-1,-1.314579397E-1,-4.054054320E-1
9.802008117E1,-1.659683883E-1,-1.053367630E-1,-3.897033930E-1
9.803008917E1,-1.074760482E-1,-8.344744146E-2,-3.683930635E-1
9.804009717E1,-4.201074317E-2,-6.338748336E-2,-3.345848322E-1
9.805010417E1,3.125841171E-2,-2.954589948E-2,-2.907015383E-1
9.806011217E1,1.070773825E-1,-2.188476548E-2,-2.481056750E-1
9.807012017E1,1.757368594E-1,-5.123440176E-2,-2.179507017E-1
9.808012717E1,2.353635281E-1,-1.136034131E-1,-1.935770810E-1
9.809013517E1,2.645587027E-1,-1.907104552E-1,-1.826871485E-1
9.810014317E1,2.748474479E-1,-2.534473240E-1,-1.869230270E-1
9.811015017E1,2.566223741E-1,-2.853924632E-1,-2.116206586E-1
9.812015817E1,2.177343518E-1,-2.643439472E-1,-2.483811527E-1
9.813016617E1,1.705657691E-1,-2.023053318E-1,-2.900396585E-1
9.814017317E1,1.222650334E-1,-1.028419882E-1,-3.280226290E-1
9.815018117E1,8.448623121E-2,2.027541585E-2,-3.586777449E-1
9.816018917E1,5.999593437E-2,1.356807798E-1,-3.748918176E-1
9.817019617E1,4.075273126E-2,2.027016282E-1,-3.860113323E-1
9.818020417E1,2.645583637E-2,2.085064948E-1,-3.954517841E-1
9.819021217E1,1.012346800E-2,1.672884822E-1,-3.988670111E-1
9.820022017E1,-1.032096241E-2,1.051731482E-1,-3.944319487E-1
9.821022717E1,-3.302281350E-2,3.652164713E-2,-3.892113268E-1
9.822023517E1,-5.395247042E-2,-3.041977249E-2,-3.806914091E-1
9.823024317E1,-8.020351827E-2,-9.799721837E-2,-3.743434846E-1
9.824025017E1,-1.073878333E-1,-1.366263777E-1,-3.720776141E-1
9.825025817E1,-1.323813498E-1,-1.481509507E-1,-3.672967255E-1
9.826026617E1,-1.547050178E-1,-1.274771839E-1,-3.617864549E-1
9.827027317E1,-1.799611151E-1,-9.396289289E-2,-3.518224955E-1
9.828028117E1,-2.024556845E-1,-5.275589973E-2,-3.360907435E-1
9.829028917E1,-2.151720077E-1,-1.402181853E-2,-3.133055270E-1
9.830029617E1,-2.153057605E-1,-1.755459234E-3,-2.872982025E-1
9.831030417E1,-2.084387988E-1,-3.680392168E-3,-2.639164329E-1
9.832031217E1,-1.976200491E-1,-2.435760759E-2,-2.469677478E-1
9.833031917E1,-1.919776052E-1,-5.555680394E-2,-2.322226316E-1
9.834032717E1,-1.967266947E-1,-8.912011981E-2,-2.186097503E-1
9.835033517E1,-2.003246248E-1,-1.094190031E-1,-2.019514143E-1
9.836034317E1,-1.951316148E-1,-1.079299226E-1,-1.823430508E-1
9.837035017E1,-1.868310720E-1,-1.096045226E-1,-1.682605147E-1
9.838035817E1,-1.757041216E-1,-1.092351377E-1,-1.590382606E-1
9.839036617E1,-1.580236703E-1,-1.002570912E-1,-1.437754184E-1
9.840037317E1,-1.443073303E-1,-9.857953340E-2,-1.250410676E-1
9.841038117E1,-1.342288703E-1,-9.756593406E-2,-1.106559932E-1
9.842038917E1,-1.298888475E-1,-1.029947624E-1,-9.316527843E-2
9.843039617E1,-1.363504678E-1,-1.080222800E-1,-7.473833859E-2
9.844040417E1,-1.441193372E-1,-1.163411438E-1,-5.867971107E-2
9.845041217E1,-1.519421190E-1,-1.223228723E-1,-4.064425081E-2
9.846041917E1,-1.532236189E-1,-1.214070022E-1,-2.396034822E-2
9.847042717E1,-1.469244510E-1,-1.102864444E-1,-5.589063745E-3
9.848043517E1,-1.358805299E-1,-9.347291291E-2,1.271806750E-2
9.849044217E1,-1.244976372E-1,-6.112030149E-2,2.828211524E-2
9.850045017E1,-1.084767953E-1,-2.135104500E-2,4.233748838E-2
9.851045817E1,-9.190793335E-2,2.171732858E-2,5.322049558E-2
9.852046517E1,-7.091898471E-2,6.710182875E-2,6.077919528E-2
9.853047317E1,-5.307660252E-2,1.070820093E-1,6.747571379E-2
9.854048117E1,-3.668971732E-2,1.366336048E-1,8.116548508E-2
9.855048917E1,-2.099624276E-2,1.633395106E-1,1.020840779E-1
9.856049617E1,-8.698406629E-3,1.808894724E-1,1.243849099E-1
9.857050417E1,1.657560933E-3,1.819930822E-1,1.462507993E-1
9.858051217E1,1.068834029E-2,1.685031056E-1,1.626806408E-1
9.859051917E1,1.723731868E-2,1.507701874E-1,1.728896052E-1
9.860052717E1,2.532494813E-2,1.294318140E-1,1.756910235E-1
9.861053517E1,3.347954527E-2,1.087587550E-1,1.774127483E-1
9.862054217E1,5.639117956E-2,1.149777621E-1,1.794338077E-1
9.863055017E1,8.197537065E-2,1.358356327E-1,1.749935299E-1
9.864055817E1,1.072889790E-1,1.740053147E-1,1.623535305E-1
9.865056517E1,1.202878654E-1,2.161956429E-1,1.550058722E-1
9.866057317E1,1.181150079E-1,2.696042359E-1,1.488807797E-1
9.867058117E1,1.104666814E-1,3.271509111E-1,1.521972120E-1
9.868058917E1,9.812969714E-2,3.729583323E-1,1.519167125E-1
9.869059617E1,8.463279903E-2,4.028051794E-1,1.467698961E-1
9.870060417E1,6.955690682E-2,4.102886617E-1,1.444502771E-1
9.871061217E1,7.745264471E-2,4.096271396E-1,1.517896801E-1
9.872061917E1,1.066898182E-1,4.093027711E-1,1.713969409E-1
9.873062717E1,1.479861140E-1,4.248622954E-1,1.900894046E-1
9.874063517E1,2.105270475E-1,4.510857165E-1,2.093753964E-1
9.875064217E1,2.839951217E-1,4.845997095E-1,2.302348763E-1
9.876065017E1,3.524625599E-1,5.208712220E-1,2.536661923E-1
9.877065817E1,4.197973907E-1,5.576737523E-1,2.862284184E-1
9.878066517E1,4.801284075E-1,5.923587680E-1,3.287772536E-1
9.879067317E1,5.261830091E-1,6.230003238E-1,3.680937588E-1
9.880068117E1,5.504394174E-1,6.252608299E-1,4.031279981E-1
9.881068817E1,5.587514043E-1,5.966494083E-1,4.177689850E-1
9.882069617E1,5.535869002E-1,5.595672727E-1,4.227456450E-1
9.883070417E1,5.373893380E-1,5.184712410E-1,4.227184653E-1
9.884071217E1,5.094467402E-1,4.824132323E-1,4.137698412E-1
9.885071917E1,4.611814320E-1,4.405336678E-1,3.923098445E-1
9.886072717E1,3.793058395E-1,3.839985728E-1,3.574349880E-1
9.887073517E1,2.729642391E-1,2.889325321E-1,3.141117394E-1
9.888074217E1,1.625377387E-1,1.869381964E-1,2.720210552E-1
9.889075017E1,4.769689590E-2,7.662845403E-2,2.267859280E-1
9.890075817E1,-5.372133851E-2,-1.186039764E-2,1.810112447E-1
9.891076517E1,-1.018212214E-1,-3.604349867E-2,1.425056607E-1
9.892077317E1,-9.896107018E-2,2.637393773E-4,1.267478019E-1
9.893078117E1,-6.215751171E-2,8.874460310E-2,1.294903308E-1
9.894078817E1,-1.127860323E-2,2.134646624E-1,1.566004157E-1
9.895079708E1,3.843728453E-2,3.493700325E-1,2.037562132E-1
9.896080508E1,8.343864977E-2,4.509396553E-1,2.544408739E-1
9.897081208E1,1.203207672E-1,4.999394119E-1,2.961808741E-1
9.898082008E1,1.517227888E-1,5.071706772E-1,3.191698790E-1
9.899082808E1,1.688964516E-1,4.426305592E-1,3.114163578E-1
9.900083608E1,1.817875206E-1,3.115813732E-1,2.811814845E-1
9.901084308E1,1.806463599E-1,1.589606702E-1,2.639364600E-1
9.902085108E1,1.740650684E-1,2.814961597E-2,2.409496307E-1
9.903085908E1,1.668865085E-1,-7.988017797E-2,2.235373557E-1
9.904086608E1,1.737056822E-1,-1.425982565E-1,2.007196099E-1
9.905087408E1,1.928010881E-1,-1.631970108E-1,1.786007285E-1
9.906088208E1,2.012029290E-1,-1.511857510E-1,1.560979337E-1
9.907088908E1,1.825075448E-1,-1.277201027E-1,1.378891021E-1
9.908089708E1,1.344075203E-1,-1.229107678E-1,1.309971511E-1
9.909090508E1,6.082544848E-2,-1.538324654E-1,1.094644293E-1
9.910091208E1,-1.961726882E-2,-2.036141455E-1,7.954273373E-2
9.911092008E1,-1.044061929E-1,-2.634026408E-1,4.149628431E-2
9.912092808E1,-2.108150125E-1,-3.359385729E-1,-1.090962999E-2
9.913093608E1,-3.449096978E-1,-4.287686646E-1,-6.979452074E-2
9.914094308E1,-4.869314730E-1,-5.136031508E-1,-1.189849153E-1
9.915095108E1,-6.011028290E-1,-5.565236807E-1,-1.503811926E-1
9.916095908E1,-6.493288279E-1,-5.182727575E-1,-1.707700789E-1
9.917096608E1,-6.005508900E-1,-4.076671004E-1,-1.637622416E-1
9.918097408E1,-4.910312891E-1,-2.510834634E-1,-1.323390454E-1
9.919098208E1,-3.572274148E-1,-7.429936528E-2,-9.878668934E-2
9.920098908E1,-2.401424348E-1,6.733351946E-2,-6.106580049E-2
9.921099708E1,-1.573444903E-1,1.681477427E-1,-3.968887031E-2
9.922100508E1,-1.129180491E-1,2.172953933E-1,-3.423902020E-2
9.923101208E1,-8.493675292E-2,2.422902286E-1,-3.282701224E-2
9.924102008E1,-6.012941152E-2,2.466827631E-1,-2.563112974E-2
9.925102808E1,-3.781105578E-2,2.266720533E-1,-1.138508134E-2
9.926103608E1,-2.049005218E-2,1.899733394E-1,-3.185099922E-5
9.927104308E1,-1.802636310E-2,1.316378564E-1,1.402537897E-2
9.928105108E1,-2.998241410E-2,6.226389110E-2,2.276721224E-2
9.929105908E1,-5.364779383E-2,-1.415338553E-2,2.695396729E-2
9.930106608E1,-9.180454165E-2,-7.749382406E-2,2.232376114E-2
9.931107408E1,-1.231811047E-1,-1.289487481E-1,1.186979003E-2
9.932108208E1,-1.392087489E-1,-1.539719403E-1,-5.120321875E-4
9.933108908E1,-1.464648098E-1,-1.680989414E-1,-1.511174813E-2
9.934109708E1,-1.525967866E-1,-1.695265472E-1,-2.338859998E-2
9.935110508E1,-1.660577357E-1,-1.689009666E-1,-2.452976443E-2
9.936111208E1,-1.859863698E-1,-1.779368669E-1,-1.575887762E-2
9.937112008E1,-1.976384968E-1,-2.001835853E-1,-7.303340361E-3
9.938112808E1,-1.914820671E-1,-2.369730175E-1,-8.051688783E-3
9.939113608E1,-1.624424309E-1,-2.712705433E-1,-8.058879524E-3
9.940114308E1,-1.259390414E-1,-2.923906744E-1,-5.612064619E-3
9.941115108E1,-9.781100601E-2,-2.949478328E-1,-2.359013539E-3
9.942115908E1,-8.110604435E-2,-2.735563815E-1,9.407443926E-3
9.943116608E1,-7.246807963E-2,-2.421270907E-1,3.084455803E-2
9.944117408E1,-6.033898145E-2,-2.176883370E-1,5.322762951E-2
9.945118208E1,-4.130749777E-2,-1.940823346E-1,7.339654863E-2
9.946118908E1,-1.140250359E-2,-1.737902462E-1,9.424416721E-2
9.947119708E1,2.560345083E-2,-1.570599973E-1,1.070875302E-1
9.948120508E1,7.029591501E-2,-1.445683986E-1,1.122061536E-1
9.949121208E1,1.079884320E-1,-1.498422474E-1,1.181761622E-1
9.950122008E1,1.404950023E-1,-1.588509977E-1,1.294313073E-1
9.951122808E1,1.670105010E-1,-1.827741712E-1,1.421684176E-1
9.952123608E1,1.920620799E-1,-2.228698730E-1,1.498093009E-1
9.953124308E1,2.204726934E-1,-2.658213377E-1,1.532682031E-1
9.954125108E1,2.492436916E-1,-3.052569330E-1,1.495507210E-1
9.955125908E1,2.742968500E-1,-3.285009861E-1,1.428153217E-1
9.956126608E1,2.902658880E-1,-3.333130777E-1,1.346646249E-1
9.957127408E1,2.997627258E-1,-3.184619546E-1,1.364199221E-1
9.958128208E1,3.088361323E-1,-2.825915813E-1,1.375248432E-1
9.959128908E1,3.261586428E-1,-2.459296882E-1,1.376489699E-1
9.960129708E1,3.556076586E-1,-2.037495524E-1,1.275849640E-1
9.961130508E1,3.873674572E-1,-1.755490750E-1,1.047430336E-1
9.962131208E1,4.056244791E-1,-1.627959907E-1,8.366598189E-2
9.963132008E1,4.112685025E-1,-1.604851633E-1,6.591627747E-2
9.964132808E1,4.010944068E-1,-1.774074882E-1,4.842701554E-2
9.965133608E1,3.833929002E-1,-1.880742460E-1,3.554716706E-2
9.966134308E1,3.680192828E-1,-1.678595245E-1,2.360022813E-2
9.967135108E1,3.526462018E-1,-1.542656869E-1,7.236168254E-3
9.968135908E1,3.284605145E-1,-1.725414544E-1,-1.099668257E-2
9.969136608E1,2.762705386E-1,-2.159720063E-1,-2.971098386E-2
9.970137408E1,2.046095133E-1,-2.899263799E-1,-5.086239800E-2
9.971138208E1,1.302969307E-1,-3.338791728E-1,-6.744030863E-2
9.972138908E1,5.041163415E-2,-3.500224650E-1,-9.712260216E-2
9.973139708E1,-4.733197019E-2,-3.531426191E-1,-1.355083436E-1
9.974140508E1,-1.703533977E-1,-3.448739052E-1,-1.774387062E-1
9.975141208E1,-3.064044416E-1,-3.266307414E-1,-2.283737808E-1
9.976142008E1,-4.406999350E-1,-2.989463806E-1,-2.788939774E-1
9.977142808E1,-5.489513278E-1,-2.512510121E-1,-3.292420805E-1
9.978143608E1,-6.217669249E-1,-1.857252568E-1,-3.645875752E-1
9.979144308E1,-6.498608589E-1,-1.043971106E-1,-3.813327253E-1
9.980145108E1,-6.244879365E-1,-2.809281927E-3,-3.674976230E-1
9.981145908E1,-5.431478024E-1,8.998430520E-2,-3.339582980E-1
9.982146608E1,-4.017000496E-1,2.049549222E-1,-2.757495344E-1
9.983147408E1,-2.162343115E-1,2.944118381E-1,-2.021139264E-1
9.984148208E1,-2.114703692E-2,3.442574143E-1,-1.406258047E-1
9.985148908E1,1.502332389E-1,3.595181108E-1,-8.350605518E-2
9.986149708E1,2.794507742E-1,3.438133001E-1,-4.192063585E-2
9.987150508E1,3.693979681E-1,2.981840074E-1,-4.074187018E-3
9.988151208E1,4.147386849E-1,2.202755064E-1,2.127353474E-2
9.989152008E1,4.221542478E-1,1.169296801E-1,2.434682101E-2
9.990152808E1,4.053403735E-1,9.581487626E-3,1.137600094E-2
9.991153608E1,3.595955372E-1,-1.051664054E-1,-1.224623807E-2
9.992154308E1,2.927414179E-1,-2.181268781E-1,-5.612846091E-2
9.993155108E1,2.077282816E-1,-3.329637349E-1,-1.304133534E-1
9.994155908E1,1.033573300E-1,-4.471088648E-1,-2.287313342E-1
9.995156517E1,-5.555044860E-3,-5.009087324E-1,-3.307165504E-1
9.996157317E1,-1.114125773E-1,-4.775257111E-1,-4.179578424E-1
9.997158117E1,-2.248193026E-1,-3.877121806E-1,-4.854189157E-1
9.998158817E1,-3.206669390E-1,-2.447852790E-1,-5.415672064E-1
9.999159617E1,-3.971808851E-1,-8.974109590E-2,-5.882217884E-1
1.000016042E2,-4.507280588E-1,3.648117557E-2,-6.261283159E-1
1.000116112E2,-4.960787594E-1,1.084067672E-1,-6.472834349E-1
1.000216192E2,-5.341824293E-1,1.304129213E-1,-6.532101631E-1
1.000316272E2,-5.638146400E-1,1.037123352E-1,-6.385114193E-1
1.000416352E2,-5.675073266E-1,6.237918884E-2,-6.176080704E-1
1.000516422E2,-5.345792174E-1,3.746238723E-2,-5.927125812E-1
1.000616502E2,-4.743815362E-1,3.306768462E-2,-5.560085177E-1
1.000716582E2,-3.980891407E-1,6.394064426E-2,-5.046132803E-1
1.000816652E2,-3.230226040E-1,1.143839210E-1,-4.486440420E-1
1.000916732E2,-2.688530982E-1,1.499011815E-1,-3.882371485E-1
1.001016812E2,-2.434014678E-1,1.595079452E-1,-3.285588622E-1
1.001116882E2,-2.463256270E-1,1.321223974E-1,-2.814134657E-1
1.001216962E2,-2.620495558E-1,8.313234150E-2,-2.483371496E-1
1.001317042E2,-2.844976187E-1,2.073127963E-2,-2.211284339E-1
1.001417122E2,-3.038747013E-1,-3.286989778E-2,-1.989633441E-1
1.001517192E2,-3.145715594E-1,-6.981646270E-2,-1.768473983E-1
1.001617272E2,-3.234809041E-1,-1.010204926E-1,-1.532153934E-1
1.001717352E2,-3.339540362E-1,-1.302992851E-1,-1.271470338E-1
1.001817422E2,-3.294602633E-1,-1.388347447E-1,-8.697957546E-2
1.001917502E2,-3.088338077E-1,-1.451941133E-1,-3.838967159E-2
1.002017582E2,-2.724653184E-1,-1.519097835E-1,9.181359783E-3
1.002117652E2,-2.229342610E-1,-1.521542668E-1,5.213628337E-2
1.002217732E2,-1.715752035E-1,-1.489585638E-1,8.901377022E-2
1.002317812E2,-1.245858595E-1,-1.352118552E-1,1.195740774E-1
1.002417882E2,-8.317173272E-2,-1.138509139E-1,1.521798968E-1
1.002517962E2,-5.566073954E-2,-9.068860114E-2,1.792922169E-1
1.002618042E2,-3.215311468E-2,-6.046416238E-2,2.027980536E-1
1.002718122E2,-1.353442483E-2,-2.420948818E-2,2.171855122E-1
1.002818192E2,1.052816305E-2,3.120153397E-2,2.352985740E-1
1.002918272E2,3.859281912E-2,8.869279176E-2,2.432574332E-1
1.003018352E2,6.827607006E-2,1.363008171E-1,2.468143553E-1
1.003118422E2,8.488540351E-2,1.717860997E-1,2.456055433E-1
1.003218502E2,9.176849574E-2,1.871242970E-1,2.460759133E-1
1.003318582E2,9.603514522E-2,2.021884769E-1,2.452924103E-1
1.003418652E2,9.749040008E-2,2.183772475E-1,2.389417589E-1
1.003518732E2,9.139921516E-2,2.200427800E-1,2.279548943E-1
1.003618812E2,7.749491185E-2,2.114619315E-1,2.055267394E-1
1.003718892E2,6.702309847E-2,2.133458555E-1,1.873349547E-1
1.003818962E2,5.635216832E-2,2.144272476E-1,1.837627292E-1
1.003919042E2,5.363228172E-2,2.060220540E-1,1.867646426E-1
1.004019122E2,6.798202544E-2,1.973100901E-1,2.066749930E-1
1.004119192E2,8.825347573E-2,1.822389960E-1,2.307672799E-1
1.004219272E2,1.227720827E-1,1.739449799E-1,2.668571174E-1
1.004319352E2,1.755806953E-1,1.679006815E-1,3.027469218E-1
1.004419422E2,2.455997616E-1,1.697943807E-1,3.328977227E-1
1.004519502E2,3.220727146E-1,1.643988192E-1,3.530317545E-1
1.004619582E2,4.059332609E-1,1.668343395E-1,3.526743948E-1
1.004719652E2,4.889719486E-1,1.703241467E-1,3.409623504E-1
1.004819732E2,5.532351732E-1,1.839995682E-1,3.216609359E-1
1.004919812E2,5.922534466E-1,1.954983026E-1,3.028624654E-1
1.005019892E2,5.999343991E-1,2.060444057E-1,2.823897600E-1
1.005119962E2,5.753526092E-1,2.086399198E-1,2.701908946E-1
1.005220042E2,5.280628204E-1,1.994421631E-1,2.551697195E-1
1.005320122E2,4.633615911E-1,1.649169475E-1,2.389087379E-1
1.005420192E2,3.896161616E-1,1.261961460E-1,2.215214670E-1
1.005520272E2,2.983576059E-1,6.561163068E-2,1.888767034E-1
1.005620352E2,1.820775717E-1,-1.539043337E-2,1.426316947E-1
1.005720422E2,4.811364785E-2,-1.095832437E-1,8.035288006E-2
1.005820502E2,-9.083081782E-2,-1.885103732E-1,1.758049615E-2
1.005920582E2,-2.103031576E-1,-2.188629508E-1,-2.325002477E-2
1.006020662E2,-2.790404856E-1,-1.873203814E-1,-3.188923746E-2
1.006120732E2,-2.758969069E-1,-1.126591936E-1,-4.018194042E-3
1.006220812E2,-2.158240080E-1,-1.389982365E-2,4.470815137E-2
1.006320892E2,-1.261295378E-1,9.157919884E-2,1.074775234E-1
1.006420962E2,-1.277292985E-2,2.050823271E-1,1.798967421E-1
1.006521042E2,1.331291497E-1,3.416830301E-1,2.543840110E-1
1.006621122E2,2.906897068E-1,4.530558586E-1,3.290812373E-1
1.006721192E2,4.120259881E-1,5.058269501E-1,3.804701269E-1
1.006821272E2,4.894793630E-1,5.214047432E-1,4.167493582E-1
1.006921352E2,5.275191665E-1,4.877184331E-1,4.352343678E-1
1.007021432E2,5.276575089E-1,4.086089730E-1,4.337879419E-1
1.007121502E2,4.900027812E-1,3.080511987E-1,4.186124504E-1
1.007221582E2,4.303876758E-1,2.029345930E-1,3.949427307E-1
1.007321662E2,3.619774580E-1,1.088640317E-1,3.794559240E-1
1.007421732E2,2.926965058E-1,4.182130843E-2,3.721358180E-1
1.007521812E2,2.199117988E-1,-1.634186506E-2,3.602578342E-1
1.007621892E2,1.511576027E-1,-6.120295823E-2,3.469258249E-1
1.007721962E2,8.771657944E-2,-8.920156956E-2,3.273904920E-1
1.007822042E2,2.056646533E-2,-1.086592823E-1,3.077885211E-1
1.007922122E2,-5.108428746E-2,-1.467435360E-1,2.896510661E-1
1.008022202E2,-1.221460029E-1,-1.985314935E-1,2.629779875E-1
1.008122272E2,-1.795083731E-1,-2.485970557E-1,2.348978668E-1
1.008222352E2,-2.289987504E-1,-3.000680804E-1,2.040563971E-1
1.008322432E2,-2.735635638E-1,-3.614768386E-1,1.632903218E-1
1.008422502E2,-2.951220274E-1,-4.123112261E-1,1.235240325E-1
1.008522582E2,-2.812677324E-1,-4.043118954E-1,1.080505326E-1
1.008622662E2,-2.222523689E-1,-3.176130056E-1,1.224718243E-1
1.008722742E2,-1.422366351E-1,-1.757094264E-1,1.504123807E-1
1.008822812E2,-5.837028846E-2,-1.524566580E-2,1.849940270E-1
1.008922892E2,-1.046015066E-3,1.220725104E-1,2.059136778E-1
1.009022972E2,1.916535385E-2,2.025243193E-1,1.996129602E-1
1.009123042E2,1.507367380E-2,2.446520627E-1,1.797995716E-1
1.009223122E2,-3.212448210E-3,2.553944886E-1,1.647886336E-1
1.009323202E2,-2.821473777E-2,2.408832014E-1,1.594063938E-1
1.009423272E2,-5.089814961E-2,2.050282806E-1,1.561191529E-1
1.009523360E2,-6.604594737E-2,1.565172076E-1,1.543833017E-1
1.009623440E2,-6.996545941E-2,9.517066926E-2,1.495635062E-1
1.009723510E2,-5.643074214E-2,4.621883482E-2,1.461272240E-1
1.009823590E2,-2.757291496E-2,1.957044378E-2,1.414968371E-1
1.009923670E2,-6.079874933E-3,1.903534867E-4,1.322048008E-1
1.010023750E2,5.318118725E-3,-6.765145343E-3,1.308885068E-1
1.010123820E2,-2.179212170E-3,-7.458099630E-3,1.270788461E-1
1.010223900E2,-1.990351081E-2,-1.635639742E-2,1.275697201E-1
1.010323980E2,-3.821301088E-2,-3.054039180E-2,1.313428879E-1
1.010424050E2,-4.494043812E-2,-5.757863075E-2,1.351110786E-1
1.010524130E2,-3.411442041E-2,-9.540377557E-2,1.324804127E-1
1.010624210E2,-8.146881126E-3,-1.364792287E-1,1.266794652E-1
1.010724280E2,2.701749653E-2,-1.889443099E-1,1.209614053E-1
1.010824360E2,6.105164438E-2,-2.315679491E-1,1.148134097E-1
1.010924440E2,8.937649429E-2,-2.655171454E-1,1.084335446E-1
1.011024520E2,1.081372947E-1,-2.872363925E-1,1.065168157E-1
1.011124590E2,1.211838573E-1,-2.966783643E-1,1.036725640E-1
1.011224670E2,1.451548189E-1,-2.736516297E-1,9.874139726E-2
1.011324750E2,1.738607585E-1,-2.282585800E-1,9.342332929E-2
1.011424820E2,1.946272701E-1,-1.946305335E-1,7.986818254E-2
1.011524900E2,2.047973573E-1,-1.848559380E-1,5.986172333E-2
1.011624980E2,1.946395189E-1,-1.969240159E-1,3.961406276E-2
1.011725060E2,1.681682169E-1,-2.098597884E-1,1.847069338E-2
1.011825130E2,1.479199678E-1,-2.129718959E-1,-2.139574382E-3
1.011925210E2,1.442717016E-1,-2.195272744E-1,-2.298706584E-2
1.012025290E2,1.516348720E-1,-2.125166655E-1,-4.123565182E-2
1.012125360E2,1.606941521E-1,-1.927959621E-1,-4.961315542E-2
1.012225440E2,1.593119055E-1,-1.694044471E-1,-4.593552276E-2
1.012325520E2,1.451888978E-1,-1.499969363E-1,-3.750768304E-2
1.012425590E2,1.267131567E-1,-1.499009430E-1,-3.104633652E-2
1.012525670E2,1.035178304E-1,-1.609884799E-1,-3.483308852E-2
1.012625750E2,8.265245706E-2,-1.891620755E-1,-4.250816628E-2
1.012725830E2,6.953611970E-2,-2.294911146E-1,-5.480744317E-2
1.012825900E2,6.719706953E-2,-2.672134638E-1,-6.197267771E-2
1.012925980E2,7.948169857E-2,-2.967388630E-1,-7.246420532E-2
1.013026060E2,1.020959541E-1,-3.068031669E-1,-8.029475808E-2
1.013126130E2,1.237285510E-1,-3.287228644E-1,-8.588793129E-2
1.013226210E2,1.433713734E-1,-3.502421677E-1,-9.393518418E-2
1.013326290E2,1.516990662E-1,-3.903933167E-1,-1.114167124E-1
1.013426360E2,1.426484287E-1,-4.270528853E-1,-1.394933611E-1
1.013526440E2,1.064281240E-1,-4.653201103E-1,-1.859426200E-1
1.013626520E2,3.298728541E-2,-5.041514039E-1,-2.453515977E-1
1.013726600E2,-8.533535898E-2,-5.439195633E-1,-3.205270469E-1
1.013826670E2,-2.330992073E-1,-5.898205638E-1,-4.044048786E-1
1.013926750E2,-3.877657354E-1,-6.049667597E-1,-4.861013591E-1
1.014026830E2,-5.012537241E-1,-5.622245073E-1,-5.612089634E-1
1.014126900E2,-5.487378836E-1,-4.415495396E-1,-6.133813858E-1
1.014226980E2,-5.402238965E-1,-2.498981059E-1,-6.357774138E-1
1.014327060E2,-4.790657163E-1,-1.888584346E-3,-6.338684559E-1
1.014427130E2,-3.667719960E-1,2.802334130E-1,-5.962845683E-1
1.014527210E2,-2.268950641E-1,5.373421311E-1,-5.445569158E-1
1.014627290E2,-9.553498775E-2,6.995270252E-1,-4.989842176E-1
1.014727370E2,9.915799834E-3,7.670218945E-1,-4.513964653E-1
1.014827440E2,9.658486396E-2,7.685232162E-1,-4.066135883E-1
1.014927520E2,1.649308950E-1,6.797158718E-1,-3.730335236E-1
1.015027600E2,2.059762776E-1,5.288892388E-1,-3.701164722E-1
1.015127670E2,2.125484198E-1,3.272762001E-1,-3.678900599E-1
1.015227750E2,2.011532933E-1,1.086153239E-1,-3.455943465E-1
1.015327830E2,1.572287083E-1,-1.189557835E-1,-3.134920597E-1
1.015427910E2,5.729684979E-2,-3.473215401E-1,-2.994900644E-1
1.015527980E2,-5.228210986E-2,-5.178938508E-1,-3.039252758E-1
1.015628060E2,-1.588291824E-1,-6.184608936E-1,-3.250640631E-1
1.015728140E2,-2.595517933E-1,-6.638704538E-1,-3.652162552E-1
1.015828210E2,-3.687961400E-1,-6.354267597E-1,-4.021697938E-1
1.015928290E2,-4.690875709E-1,-5.365656614E-1,-4.216851592E-1
1.016028370E2,-5.423784852E-1,-3.760656118E-1,-4.310016334E-1
1.016128440E2,-5.842095613E-1,-1.749887019E-1,-4.223849475E-1
1.016228520E2,-5.876459479E-1,2.851927280E-2,-3.931806982E-1
1.016328600E2,-5.532424450E-1,2.050301284E-1,-3.405984342E-1
1.016428680E2,-4.920600057E-1,3.139413595E-1,-2.721106410E-1
1.016528750E2,-4.172456861E-1,3.299496174E-1,-2.028340697E-1
1.016628830E2,-3.457515240E-1,2.786736488E-1,-1.488350183E-1
1.016728910E2,-2.802593410E-1,1.887786388E-1,-1.034798026E-1
1.016828980E2,-2.186112106E-1,7.427322119E-2,-5.987773836E-2
1.016929060E2,-1.625426114E-1,-4.098173603E-2,-2.516130358E-2
1.017029140E2,-1.215782911E-1,-1.519114524E-1,3.301170189E-3
1.017129210E2,-9.068189561E-2,-2.266836911E-1,2.257686295E-2
1.017229290E2,-7.155295461E-2,-2.570148408E-1,3.380086273E-2
1.017329370E2,-6.509212404E-2,-2.644999325E-1,3.698067367E-2
1.017429450E2,-6.840079278E-2,-2.505145371E-1,2.993607149E-2
1.017529520E2,-6.992412359E-2,-2.080578953E-1,3.484880552E-2
1.017629600E2,-7.243520021E-2,-1.519722044E-1,4.140065610E-2
1.017729680E2,-6.717305630E-2,-1.059578359E-1,5.021438748E-2
1.017829750E2,-5.225402489E-2,-6.876706332E-2,6.561385095E-2
1.017929830E2,-2.725999430E-2,-4.527079314E-2,7.429229468E-2
1.018029910E2,-5.140624940E-3,-3.078840673E-2,8.408498764E-2
1.018129990E2,1.906378008E-2,-1.573142782E-2,8.683709800E-2
1.018230060E2,4.824886099E-2,-4.924752284E-3,8.875279129E-2
1.018330140E2,7.502347976E-2,2.585894428E-3,9.215258062E-2
1.018430220E2,8.966498822E-2,1.368039660E-2,9.399449825E-2
1.018530290E2,9.045808017E-2,3.329244629E-2,9.589999169E-2
1.018630370E2,8.447766304E-2,5.258641765E-2,8.822362125E-2
1.018730450E2,6.335586309E-2,1.110281497E-1,8.595886827E-2
1.018830520E2,2.805254236E-2,2.010624260E-1,8.149150759E-2
1.018930600E2,-2.248333581E-2,2.868367136E-1,7.813139260E-2
1.019030680E2,-8.209173381E-2,3.617042899E-1,7.786098123E-2
1.019130760E2,-1.423862278E-1,4.102877975E-1,8.210873604E-2
1.019230830E2,-1.855607927E-1,4.191433489E-1,8.789061010E-2
1.019330910E2,-2.060663253E-1,4.055196941E-1,1.009936333E-1
1.019430990E2,-1.944051236E-1,3.936473727E-1,1.168132797E-1
1.019531058E2,-1.642544121E-1,3.771903515E-1,1.337547153E-1
1.019631138E2,-1.291200966E-1,3.493354917E-1,1.544030905E-1
1.019731218E2,-8.936469257E-2,3.198676109E-1,1.783483624E-1
1.019831298E2,-3.470704332E-2,3.266311586E-1,2.095145136E-1
1.019931368E2,4.539658129E-2,3.566884100E-1,2.385163456E-1
1.020031448E2,1.461624950E-1,3.822223246E-1,2.607213259E-1
1.020131528E2,2.469077408E-1,3.949517012E-1,2.882890403E-1
1.020231598E2,3.351465762E-1,4.005636573E-1,3.183425665E-1
1.020331678E2,4.095355868E-1,4.062258303E-1,3.522741795E-1
1.020431758E2,4.606086314E-1,4.122690558E-1,3.793222904E-1
1.020531828E2,4.920238256E-1,4.092769623E-1,3.948180974E-1
1.020631908E2,4.997800887E-1,3.994955122E-1,4.069892466E-1
1.020731988E2,4.928702414E-1,3.910003006E-1,4.154879451E-1
1.020832068E2,4.734126925E-1,3.966834247E-1,4.273917377E-1
1.020932138E2,4.443248510E-1,3.882071376E-1,4.325979650E-1
1.021032218E2,3.782509267E-1,3.347682953E-1,4.202813208E-1
1.021132298E2,2.714219391E-1,2.393794507E-1,3.870410919E-1
1.021232368E2,1.188877225E-1,1.100976914E-1,3.224797547E-1
1.021332448E2,-5.330694467E-2,-6.128257886E-2,2.454003841E-1
1.021432528E2,-1.975172013E-1,-2.460588813E-1,1.700986028E-1
1.021532608E2,-2.608900368E-1,-3.724639714E-1,1.121165231E-1
1.021632678E2,-2.101656646E-1,-3.526121080E-1,1.051369011E-1
1.021732758E2,-6.744446605E-2,-2.123636454E-1,1.580464691E-1
1.021832838E2,9.561926872E-2,-3.495474532E-2,2.362952679E-1
1.021932908E2,2.348088473E-1,1.543217152E-1,3.119535446E-1
1.022032988E2,3.505269587E-1,3.329571486E-1,3.745557666E-1
1.022133068E2,4.541146159E-1,4.849754572E-1,4.197229743E-1
1.022233138E2,5.281257033E-1,5.636734366E-1,4.466916323E-1
1.022333218E2,5.683636665E-1,5.889723897E-1,4.377231598E-1
1.022433298E2,5.874742270E-1,5.598371029E-1,4.033923745E-1
1.022533378E2,5.738324523E-1,4.852275848E-1,3.547659814E-1
1.022633448E2,5.379747152E-1,3.952582777E-1,3.058328629E-1
1.022733528E2,4.705844522E-1,2.921241522E-1,2.625831366E-1
1.022833608E2,3.834340274E-1,1.942902505E-1,2.293478996E-1
1.022933678E2,2.888587713E-1,1.125812754E-1,2.079035938E-1
1.023033758E2,1.806487441E-1,3.554802388E-2,1.804031730E-1
1.023133838E2,5.722320825E-2,-4.686322808E-2,1.540256292E-1
1.023233918E2,-7.212041318E-2,-1.486421824E-1,1.311667562E-1
1.023333988E2,-1.941927969E-1,-2.670953572E-1,1.042307466E-1
1.023434068E2,-2.895728350E-1,-3.741663098E-1,7.126488537E-2
1.023534148E2,-3.633365333E-1,-4.702164233E-1,2.733098157E-2
1.023634218E2,-4.523312151E-1,-5.846047997E-1,-1.230620034E-2
1.023734298E2,-5.639027357E-1,-7.160850763E-1,-5.499827117E-2
1.023834378E2,-6.592792273E-1,-8.011226654E-1,-8.400592953E-2
1.023934458E2,-6.992399096E-1,-7.853689790E-1,-9.225879610E-2
1.024034528E2,-6.650972962E-1,-6.410399675E-1,-6.731726974E-2
1.024134608E2,-5.661289096E-1,-3.967378139E-1,-1.995028369E-2
1.024234688E2,-4.287874401E-1,-1.246802658E-1,3.142061830E-2
1.024334758E2,-3.020422757E-1,1.219170019E-1,7.787919044E-2
1.024434838E2,-2.103145123E-1,2.989020646E-1,1.094740629E-1
1.024534918E2,-1.599946171E-1,3.908905983E-1,1.277169883E-1
1.024634988E2,-1.278285831E-1,4.403469861E-1,1.411885023E-1
1.024735068E2,-1.069097221E-1,4.358081520E-1,1.572122127E-1
1.024835148E2,-1.024267972E-1,3.869554400E-1,1.725530177E-1
1.024935228E2,-1.089265123E-1,3.058307469E-1,1.880464852E-1
1.025035298E2,-1.123223901E-1,2.187149674E-1,2.171070576E-1
1.025135378E2,-1.017823964E-1,1.256774366E-1,2.506210804E-1
1.025235458E2,-6.996596605E-2,4.839340597E-2,2.815114856E-1
1.025335528E2,-2.163491957E-2,-1.335517503E-2,3.106046617E-1
1.025435608E2,2.247675136E-2,-7.201018929E-2,3.385498822E-1
1.025535688E2,4.900156707E-2,-1.282263100E-1,3.576479554E-1
1.025635768E2,4.342850298E-2,-1.929217279E-1,3.723202348E-1
1.025735838E2,2.142519876E-2,-2.327264100E-1,3.736235797E-1
1.025835918E2,-4.552852828E-3,-2.605214417E-1,3.605912626E-1
1.025935998E2,-1.783909649E-2,-2.808519900E-1,3.376342952E-1
1.026036068E2,-2.284600772E-2,-2.857909501E-1,3.174212277E-1
1.026136148E2,-1.515160315E-2,-2.825613320E-1,3.027676940E-1
1.026236228E2,4.687299021E-3,-2.857418358E-1,2.890763879E-1
1.026336308E2,2.999904752E-2,-2.901451290E-1,2.787771523E-1
1.026436378E2,5.411976576E-2,-3.013254404E-1,2.721014917E-1
1.026536458E2,8.133966476E-2,-3.236344755E-1,2.667559981E-1
1.026636538E2,1.129191965E-1,-3.562734723E-1,2.549462914E-1
1.026736608E2,1.405822486E-1,-3.940618634E-1,2.367326617E-1
1.026836688E2,1.648730189E-1,-4.220490456E-1,2.154373229E-1
1.026936768E2,1.839692146E-1,-4.288678169E-1,1.955325902E-1
1.027036838E2,2.212609351E-1,-3.765459061E-1,1.696498841E-1
1.027136918E2,2.876295745E-1,-2.823533416E-1,1.466199309E-1
1.027236998E2,3.544250131E-1,-1.741821766E-1,1.246967539E-1
1.027337078E2,3.973261416E-1,-8.014010638E-2,1.178257987E-1
1.027437148E2,4.035338759E-1,-1.041272096E-2,1.310978979E-1
1.027537228E2,3.877016306E-1,6.827253383E-3,1.482718289E-1
1.027637308E2,3.470051587E-1,-4.472455010E-2,1.606644243E-1
1.027737378E2,3.012568653E-1,-1.299571544E-1,1.624844223E-1
1.027837458E2,2.604608238E-1,-2.263652384E-1,1.680284590E-1
1.027937538E2,2.477567345E-1,-2.923384011E-1,1.659927368E-1
1.028037618E2,2.384003699E-1,-3.650516570E-1,1.532454789E-1
1.028137688E2,2.159336805E-1,-4.472069740E-1,1.199730039E-1
1.028237768E2,1.656982899E-1,-5.325045586E-1,7.330226153E-2
1.028337848E2,9.574557096E-2,-6.150301099E-1,1.764246076E-2
1.028437918E2,1.087525394E-2,-7.021009922E-1,-4.432844743E-2
1.028537998E2,-1.003231704E-1,-7.620806694E-1,-1.064935476E-1
1.028638078E2,-2.065100819E-1,-7.837088108E-1,-1.651713252E-1
1.028738158E2,-2.820477486E-1,-7.513948083E-1,-2.145042419E-1
1.028838228E2,-3.186548352E-1,-6.561477780E-1,-2.342359126E-1
1.028938308E2,-2.922751606E-1,-4.482997954E-1,-2.251705229E-1
1.029038388E2,-1.784190387E-1,-1.709237099E-1,-1.961727887E-1
1.029138458E2,-9.285398759E-3,8.157031983E-2,-1.460126936E-1
1.029238538E2,1.529264450E-1,2.702004910E-1,-8.328672498E-2
1.029338618E2,2.804788053E-1,4.083245397E-1,-6.276900880E-3
1.029438698E2,3.637759089E-1,4.687948227E-1,6.712345034E-2
1.029538762E2,4.083462954E-1,4.600660503E-1,1.489597261E-1
1.029638842E2,4.287487566E-1,3.900753260E-1,2.249124497E-1
1.029738922E2,4.169818163E-1,2.513166368E-1,2.902046442E-1
1.029838992E2,3.757389784E-1,5.374037102E-2,3.370026648E-1
1.029939072E2,3.136364520E-1,-1.842889786E-1,3.683773577E-1
1.030039152E2,2.265001684E-1,-4.341921508E-1,3.830519021E-1
1.030139232E2,1.280044913E-1,-6.224989891E-1,3.703408837E-1
1.030239302E2,3.689365461E-2,-7.484121323E-1,3.495418429E-1
1.030339382E2,-4.060965776E-2,-8.089380860E-1,3.316390216E-1
1.030439462E2,-9.267022461E-2,-7.641499043E-1,3.187718391E-1
1.030539532E2,-1.034051627E-1,-6.297159195E-1,3.158924282E-1
1.030639612E2,-9.223251790E-2,-4.277631938E-1,3.144397140E-1
1.030739692E2,-8.389229327E-2,-2.049029469E-1,3.215897679E-1
1.030839772E2,-1.005590111E-1,6.132198498E-3,3.414205611E-1
1.030939842E2,-1.412747502E-1,1.674521267E-1,3.794829845E-1
1.031039922E2,-1.953847557E-1,2.530157864E-1,4.263402522E-1
1.031140002E2,-2.477547526E-1,2.719282210E-1,4.699681401E-1
1.031240072E2,-2.694545090E-1,2.506429851E-1,5.179840326E-1
1.031340152E2,-2.722995579E-1,2.001374662E-1,5.623557568E-1
1.031440232E2,-2.577338815E-1,1.313345730E-1,6.160081029E-1
1.031540312E2,-2.269860804E-1,5.551837385E-2,6.849570870E-1
1.031640382E2,-1.799639016E-1,-2.703738213E-2,7.549445629E-1
1.031740462E2,-1.116924360E-1,-1.082675159E-1,8.187075853E-1
1.031840542E2,-2.569472417E-2,-1.834511906E-1,8.789845705E-1
1.031940612E2,8.220724016E-2,-2.395211160E-1,9.288752079E-1
1.032040692E2,1.904307306E-1,-2.918787897E-1,9.700313210E-1
1.032140772E2,3.052409589E-1,-3.390122056E-1,1.001978874E0
1.032240852E2,4.180653691E-1,-3.832560778E-1,1.038764834E0
1.032340922E2,5.063784719E-1,-4.309064150E-1,1.080540776E0
1.032441002E2,5.602437854E-1,-4.560344219E-1,1.117935061E0
1.032541082E2,5.666242242E-1,-4.601828456E-1,1.141864300E0
1.032641152E2,5.368686318E-1,-4.353758097E-1,1.160048842E0
1.032741232E2,4.742779732E-1,-3.695912063E-1,1.173636556E0
1.032841312E2,3.832916021E-1,-2.728157938E-1,1.179419875E0
1.032941392E2,2.665106654E-1,-1.574300677E-1,1.185420275E0
1.033041462E2,1.320249438E-1,-3.586698696E-2,1.188502669E0
1.033141542E2,-4.430793051E-4,7.169915736E-2,1.191390872E0
1.033241622E2,-1.097325534E-1,1.527950615E-1,1.196010113E0
1.033341692E2,-1.822365820E-1,2.141196728E-1,1.212488174E0
1.033441772E2,-2.143038660E-1,2.567940354E-1,1.237301469E0
1.033541852E2,-2.166157663E-1,2.786817551E-1,1.272491336E0
1.033641932E2,-1.983855516E-1,2.872994840E-1,1.309484124E0
1.033742002E2,-1.688809246E-1,2.738124132E-1,1.346088529E0
1.033842082E2,-1.247635484E-1,2.468492985E-1,1.383380175E0
1.033942162E2,-6.663766503E-2,1.994032115E-1,1.417731047E0
1.034042232E2,-9.810038609E-4,1.329552382E-1,1.448894382E0
1.034142312E2,6.082857028E-2,6.027331203E-2,1.484512091E0
1.034242392E2,1.240681708E-1,-3.987496253E-3,1.521531105E0
1.034342472E2,1.751071215E-1,-5.156992748E-2,1.552460074E0
1.034442542E2,2.137508839E-1,-5.927339196E-2,1.559079885E0
1.034542622E2,2.452094704E-1,-1.990414970E-2,1.558909655E0
1.034642702E2,2.590052783E-1,4.938033968E-2,1.555734634E0
1.034742772E2,2.548379600E-1,1.331966817E-1,1.546775818E0
1.034842852E2,2.329201400E-1,2.062227726E-1,1.543211579E0
1.034942932E2,2.020261288E-1,2.603975832E-1,1.546592474E0
1.035043012E2,1.792527437E-1,2.834460437E-1,1.550688267E0
1.035143082E2,1.721253246E-1,2.732290924E-1,1.555326700E0
1.035243162E2,1.891185939E-1,2.539054453E-1,1.552856326E0
1.035343242E2,2.148849368E-1,2.444283068E-1,1.554534435E0
1.035443312E2,2.442308366E-1,2.548997104E-1,1.557259083E0
1.035543392E2,2.726342678E-1,2.992277741E-1,1.569897652E0
1.035643472E2,2.942478657E-1,3.716378212E-1,1.593437672E0
1.035743552E2,3.139850795E-1,4.605061710E-1,1.620769501E0
1.035843622E2,3.335450590E-1,5.443066359E-1,1.647654772E0
1.035943702E2,3.416889906E-1,5.826569200E-1,1.669465065E0
1.036043782E2,3.406801820E-1,5.764898658E-1,1.681332588E0
1.036143852E2,3.210819960E-1,5.627519488E-1,1.679092646E0
1.036243932E2,2.819330692E-1,5.256149769E-1,1.656249166E0
1.036344012E2,2.319176048E-1,4.887447953E-1,1.618681788E0
1.036444092E2,1.730550379E-1,4.541654289E-1,1.569518566E0
1.036544162E2,1.399969459E-1,3.893145323E-1,1.526358008E0
1.036644242E2,1.561478227E-1,3.170908689E-1,1.504939675E0
1.036744322E2,2.257301062E-1,2.556520402E-1,1.522639751E0
1.036844392E2,3.400315046E-1,1.963399053E-1,1.571735263E0
1.036944472E2,4.786152244E-1,1.376275867E-1,1.644469976E0
1.037044552E2,6.187158823E-1,8.602111787E-2,1.708020687E0
1.037144632E2,7.321087718E-1,3.702561185E-2,1.739716291E0
1.037244702E2,8.026691675E-1,1.767174713E-2,1.725175619E0
1.037344782E2,8.306704164E-1,2.898139320E-2,1.686302543E0
1.037444862E2,8.097915649E-1,7.030326128E-2,1.633494258E0
1.037544932E2,7.544412017E-1,1.449055970E-1,1.573562503E0
1.037645012E2,6.786314249E-1,2.380409241E-1,1.518868446E0
1.037745092E2,5.866168141E-1,3.261865079E-1,1.467166066E0
1.037845172E2,4.844114184E-1,3.903873563E-1,1.430441141E0
1.037945242E2,3.814280331E-1,4.155829847E-1,1.389198303E0
1.038045322E2,2.907470465E-1,4.076368213E-1,1.350949645E0
1.038145402E2,2.045892626E-1,3.596900702E-1,1.309058666E0
1.038245482E2,1.414360851E-1,2.771179676E-1,1.267843008E0
1.038345552E2,9.265708923E-2,1.587713361E-1,1.235630155E0
1.038445632E2,5.051449314E-2,3.117260989E-3,1.205683708E0
1.038545712E2,1.013031788E-2,-1.597992182E-1,1.183924913E0
1.038645782E2,-2.522688732E-2,-2.867825627E-1,1.160366654E0
1.038745862E2,-6.470025331E-2,-3.800736070E-1,1.128114700E0
1.038845942E2,-1.027309522E-1,-4.406958222E-1,1.083481908E0
1.038946022E2,-1.442557424E-1,-4.886705279E-1,1.025416732E0
1.039046092E2,-1.843713522E-1,-5.044316649E-1,9.701113701E-1
1.039146172E2,-2.065195441E-1,-4.548236430E-1,9.254789352E-1
1.039246252E2,-2.023419291E-1,-3.422433734E-1,8.947166800E-1
1.039346322E2,-1.766626686E-1,-1.760964543E-1,8.767198324E-1
1.039446402E2,-1.412776709E-1,1.649084687E-2,8.592521548E-1
1.039546488E2,-9.819971025E-2,1.995543987E-1,8.409983516E-1
1.039646568E2,-5.241132155E-2,3.531037271E-1,8.248254657E-1
1.039746638E2,-2.071304806E-2,4.519298971E-1,8.189225793E-1
1.039846718E2,-5.530597642E-3,4.958192408E-1,8.176262379E-1
1.039946798E2,-3.494176781E-4,4.906004965E-1,8.217200637E-1
1.040046868E2,7.709713536E-4,4.367763996E-1,8.156477213E-1
1.040146948E2,-5.022203084E-3,3.413217962E-1,7.977749705E-1
1.040247028E2,-1.306281611E-2,2.298884988E-1,7.725934982E-1
1.040347108E2,-1.912070997E-2,1.172128096E-1,7.571943402E-1
1.040447178E2,-2.071284503E-2,1.961390674E-2,7.545260191E-1
1.040547258E2,-9.095870890E-3,-5.167678744E-2,7.617074847E-1
1.040647338E2,9.776595980E-3,-9.056177735E-2,7.671338916E-1
1.040747418E2,3.003978916E-2,-9.891291708E-2,7.603550553E-1
1.040847488E2,3.902946785E-2,-8.737124503E-2,7.427492738E-1
1.040947568E2,3.581343591E-2,-7.292705774E-2,7.133287787E-1
1.041047648E2,1.654671133E-2,-5.974419415E-2,6.792644858E-1
1.041147718E2,-1.508897915E-2,-4.981273785E-2,6.486719251E-1
1.041247798E2,-4.705708846E-2,-4.196130484E-2,6.175998449E-1
1.041347878E2,-6.973604113E-2,-3.078934178E-2,5.857375264E-1
1.041447958E2,-8.148667961E-2,-2.093360014E-2,5.599696636E-1
1.041548028E2,-7.629217952E-2,-1.842543669E-2,5.374180079E-1
1.041648108E2,-6.263185292E-2,-2.756626531E-2,5.158734918E-1
1.041748188E2,-3.797204420E-2,-4.637244344E-2,4.965777695E-1
1.041848258E2,-1.218019705E-2,-6.555263698E-2,4.828628600E-1
1.041948338E2,2.015883476E-2,-7.604442537E-2,4.692589045E-1
1.042048418E2,5.243736506E-2,-7.861182094E-2,4.606273174E-1
1.042148498E2,7.849266380E-2,-9.406001866E-2,4.508748353E-1
1.042248568E2,9.392132610E-2,-1.321188956E-1,4.353016913E-1
1.042348648E2,1.121735647E-1,-1.744791418E-1,4.168861806E-1
1.042448728E2,1.420791894E-1,-2.092903107E-1,3.970063627E-1
1.042548808E2,1.853531599E-1,-2.274490744E-1,3.728714585E-1
1.042648878E2,2.368692458E-1,-2.210180759E-1,3.497418761E-1
1.042748958E2,2.867137492E-1,-1.947670430E-1,3.223142326E-1
1.042849038E2,3.177943826E-1,-1.800436825E-1,2.899564207E-1
1.042949108E2,3.270398080E-1,-1.922329664E-1,2.621322572E-1
1.043049188E2,3.094455898E-1,-2.394164652E-1,2.326159328E-1
1.043149268E2,2.744742632E-1,-3.030159473E-1,1.954834759E-1
1.043249348E2,2.330325097E-1,-3.598182201E-1,1.575483829E-1
1.043349418E2,1.818763763E-1,-4.088976085E-1,1.154344901E-1
1.043449498E2,1.085751876E-1,-4.359322488E-1,5.791160837E-2
1.043549578E2,2.435298450E-2,-4.407914579E-1,-6.669779774E-3
1.043649648E2,-6.465884298E-2,-4.281341434E-1,-7.041660696E-2
1.043749728E2,-1.399357468E-1,-4.004138410E-1,-1.347955912E-1
1.043849808E2,-1.929295212E-1,-3.490409255E-1,-1.897024661E-1
1.043949888E2,-2.189882845E-1,-2.538749874E-1,-2.205749005E-1
1.044049958E2,-2.159863710E-1,-1.175780147E-1,-2.331991494E-1
1.044150038E2,-1.820190847E-1,7.017510384E-2,-2.239667624E-1
1.044250118E2,-1.258922517E-1,2.753859758E-1,-1.995446235E-1
1.044350198E2,-5.812092125E-2,4.536313415E-1,-1.750129163E-1
1.044450268E2,1.092116162E-2,5.810005069E-1,-1.499057263E-1
1.044550348E2,8.133114874E-2,6.494525075E-1,-1.187685654E-1
1.044650428E2,1.553889215E-1,6.486412883E-1,-9.251274914E-2
1.044750498E2,2.254242003E-1,5.948758125E-1,-7.302933186E-2
1.044850578E2,2.786784768E-1,4.826908112E-1,-5.980863422E-2
1.044950658E2,3.167710006E-1,3.209146857E-1,-4.278517514E-2
1.045050738E2,3.410457075E-1,1.371267885E-1,-2.133758739E-2
1.045150808E2,3.582915366E-1,-3.016473353E-2,-4.288296215E-3
1.045250888E2,3.640193343E-1,-1.618548781E-1,-3.801304847E-4
1.045350968E2,3.653309345E-1,-2.395571321E-1,-1.554976217E-2
1.045451048E2,3.558542728E-1,-2.641896009E-1,-4.403276742E-2
1.045551118E2,3.214848340E-1,-2.353137434E-1,-8.131942153E-2
1.045651198E2,2.599972188E-1,-1.854714602E-1,-1.171820238E-1
1.045751278E2,1.729741842E-1,-1.398453861E-1,-1.623383164E-1
1.045851348E2,5.780299380E-2,-8.790040016E-2,-2.140640318E-1
1.045951428E2,-6.702362746E-2,-2.986958809E-2,-2.518010139E-1
1.046051508E2,-1.808284670E-1,2.041857317E-2,-2.797065079E-1
1.046151588E2,-2.725575864E-1,5.596538261E-2,-2.873087823E-1
1.046251658E2,-3.232101798E-1,9.176003933E-2,-2.692271471E-1
1.046351738E2,-3.253529370E-1,1.262956411E-1,-2.305785716E-1
1.046451818E2,-2.895936668E-1,1.404834390E-1,-1.879561096E-1
1.046551888E2,-2.284144610E-1,1.340678930E-1,-1.401811242E-1
1.046651968E2,-1.735885888E-1,9.093235433E-2,-9.792219847E-2
1.046752048E2,-1.372833103E-1,1.371985767E-2,-6.135566160E-2
1.046852128E2,-1.178142577E-1,-6.771299243E-2,-3.767545149E-2
1.046952198E2,-1.162118316E-1,-1.392177939E-1,-1.943306439E-2
1.047052278E2,-1.329530030E-1,-1.951498836E-1,-1.013751142E-2
1.047152358E2,-1.539163291E-1,-2.031361759E-1,-4.683723673E-4
1.047252438E2,-1.840672046E-1,-1.802379340E-1,1.169744693E-2
1.047352508E2,-2.134818286E-1,-1.367042959E-1,2.802342363E-2
1.047452588E2,-2.415392697E-1,-9.262014180E-2,4.566831887E-2
1.047552668E2,-2.617129982E-1,-7.775145024E-2,5.804669112E-2
1.047652738E2,-2.700144053E-1,-9.275233746E-2,6.096661836E-2
1.047752818E2,-2.641282976E-1,-1.084700525E-1,6.182122976E-2
1.047852898E2,-2.492921650E-1,-1.023752391E-1,7.388062775E-2
1.047952978E2,-2.199276239E-1,-8.017752320E-2,8.812001348E-2
1.048053048E2,-1.848662049E-1,-5.688459799E-2,1.076947749E-1
1.048153128E2,-1.489641219E-1,-2.748036757E-2,1.279507726E-1
1.048253208E2,-1.170234606E-1,5.899988115E-3,1.477452964E-1
1.048353288E2,-9.259428829E-2,3.303679824E-2,1.655943245E-1
1.048453358E2,-7.162718475E-2,5.486344919E-2,1.807797849E-1
1.048553438E2,-5.903549120E-2,6.102706864E-2,1.935293972E-1
1.048653518E2,-5.225194246E-2,6.000853702E-2,2.104822695E-1
1.048753588E2,-4.808196425E-2,5.058440939E-2,2.255847901E-1
1.048853668E2,-4.371691495E-2,4.621237144E-2,2.395201921E-1
1.048953748E2,-3.483740240E-2,5.223670602E-2,2.484495044E-1
1.049053828E2,-2.265081182E-2,7.494449615E-2,2.548100948E-1
1.049153898E2,-5.862243474E-3,1.131499410E-1,2.643578053E-1
1.049253978E2,8.956059813E-3,1.544606537E-1,2.800675631E-1
1.049354058E2,2.384499460E-2,1.914791316E-1,2.951458693E-1
1.049454138E2,3.129395843E-2,2.145306617E-1,3.075466156E-1
1.049554207E2,3.790818527E-2,2.308318615E-1,3.155390322E-1
1.049654287E2,5.140771717E-2,2.406060249E-1,3.186891973E-1
1.049754367E2,6.756591052E-2,2.558403611E-1,3.238996565E-1
1.049854437E2,7.948583364E-2,2.667347491E-1,3.293435574E-1
1.049954517E2,9.153317660E-2,2.798676193E-1,3.333564103E-1
1.050054597E2,1.067491323E-1,2.930771708E-1,3.488734066E-1
1.050154677E2,1.271761060E-1,3.030565679E-1,3.754538894E-1
1.050254747E2,1.687628627E-1,3.093738258E-1,4.116477072E-1
1.050354827E2,2.386087924E-1,3.084313273E-1,4.573736489E-1
1.050454907E2,3.272537887E-1,3.003708422E-1,4.999809861E-1
1.050554987E2,4.176973999E-1,2.825060785E-1,5.342941880E-1
1.050655057E2,4.989733696E-1,2.668182552E-1,5.587501526E-1
1.050755137E2,5.652450919E-1,2.679367959E-1,5.821675658E-1
1.050855217E2,6.001843214E-1,2.626905441E-1,5.977421403E-1
1.050955287E2,6.112782359E-1,2.534102499E-1,5.979408622E-1
1.051055367E2,5.995138288E-1,2.329750061E-1,5.796337128E-1
1.051155447E2,5.621219277E-1,2.010453045E-1,5.444430113E-1
1.051255527E2,4.938358665E-1,1.652828604E-1,4.974415004E-1
1.051355597E2,4.037685692E-1,1.260528862E-1,4.504026175E-1
1.051455677E2,3.055970371E-1,1.035288125E-1,4.117218256E-1
1.051555757E2,2.062608600E-1,8.528535068E-2,3.750349283E-1
1.051655837E2,8.969915658E-2,4.220802337E-2,3.301227689E-1
1.051755907E2,-2.159673721E-2,7.055894937E-3,2.773796618E-1
1.051855987E2,-1.077718139E-1,1.159347594E-3,2.374049872E-1
1.051956067E2,-1.476816833E-1,3.017262369E-2,2.205735296E-1
1.052056137E2,-1.471523792E-1,9.284737706E-2,2.211795151E-1
1.052156217E2,-1.151512936E-1,1.579938829E-1,2.430533916E-1
1.052256297E2,-5.663170666E-2,2.220822275E-1,2.693164945E-1
1.052356377E2,1.956426352E-2,2.803982496E-1,2.921120822E-1
1.052456447E2,1.092315242E-1,3.395794034E-1,3.098838031E-1
1.052556527E2,1.957080960E-1,3.771877587E-1,3.313001394E-1
1.052656607E2,2.685278356E-1,4.012705982E-1,3.434308767E-1
1.052756687E2,3.044706583E-1,4.017299712E-1,3.508816063E-1
1.052856757E2,3.152216971E-1,3.993306160E-1,3.601485491E-1
1.052956837E2,2.993750870E-1,3.868417144E-1,3.641718030E-1
1.053056917E2,2.673216760E-1,3.574337363E-1,3.503494561E-1
1.053156987E2,2.168728709E-1,3.250063062E-1,3.323425055E-1
1.053257067E2,1.647630930E-1,3.091959953E-1,3.179856241E-1
1.053357147E2,1.262189001E-1,2.795736790E-1,3.143629432E-1
1.053457227E2,9.778973460E-2,2.448635399E-1,3.148389161E-1
1.053557297E2,7.565993071E-2,2.026471049E-1,3.156706095E-1
1.053657377E2,4.780612886E-2,1.472506076E-1,3.186438382E-1
1.053757457E2,1.494991034E-2,7.962122560E-2,3.204483986E-1
1.053857537E2,-2.775653824E-2,-7.299982011E-3,3.225567639E-1
1.053957607E2,-8.985639364E-2,-1.169567034E-1,3.188259304E-1
1.054057687E2,-1.716730297E-1,-2.376092821E-1,3.042175770E-1
1.054157767E2,-2.569919527E-1,-3.465629518E-1,2.757481039E-1
1.054257847E2,-3.366186321E-1,-4.358713925E-1,2.351186574E-1
1.054357917E2,-4.053287208E-1,-5.003560781E-1,1.899439842E-1
1.054457997E2,-4.621738791E-1,-5.292178392E-1,1.567346305E-1
1.054558077E2,-5.095344782E-1,-5.010003448E-1,1.326013356E-1
1.054658147E2,-5.216948986E-1,-4.003519118E-1,1.199855879E-1
1.054758227E2,-4.941765070E-1,-2.247744799E-1,1.188430935E-1
1.054858307E2,-4.301783741E-1,-2.445774153E-3,1.364544034E-1
1.054958387E2,-3.551001251E-1,2.196504176E-1,1.665893942E-1
1.055058457E2,-2.876824141E-1,3.755019307E-1,2.065703869E-1
1.055158537E2,-2.386051565E-1,4.436093569E-1,2.503346205E-1
1.055258617E2,-2.075314820E-1,4.413771927E-1,2.852297127E-1
1.055358697E2,-1.889319569E-1,3.668813705E-1,3.079456985E-1
1.055458767E2,-1.719829142E-1,2.582520843E-1,3.221581578E-1
1.055558847E2,-1.511250287E-1,1.426224262E-1,3.377078474E-1
1.055658927E2,-1.282461286E-1,4.271018505E-2,3.582340777E-1
1.055758997E2,-1.049980596E-1,-2.534795925E-2,3.817034364E-1
1.055859077E2,-8.939075470E-2,-6.984648108E-2,4.091928005E-1
1.055959157E2,-8.591187000E-2,-1.053546742E-1,4.325018525E-1
1.056059237E2,-9.651291370E-2,-1.381463856E-1,4.520495832E-1
1.056159307E2,-1.211314350E-1,-1.726763994E-1,4.594595730E-1
1.056259387E2,-1.532846391E-1,-1.998674124E-1,4.566656053E-1
1.056359467E2,-1.720484644E-1,-2.115557492E-1,4.542117715E-1
1.056459547E2,-1.727952659E-1,-2.134390622E-1,4.551666975E-1
1.056559617E2,-1.528804153E-1,-2.114637941E-1,4.565419555E-1
1.056659697E2,-1.170343310E-1,-2.139446139E-1,4.608917832E-1
1.056759777E2,-7.283064723E-2,-2.318820655E-1,4.691286683E-1
1.056859847E2,-2.971119434E-2,-2.641906142E-1,4.844338596E-1
1.056959927E2,1.014034916E-2,-3.195484281E-1,4.976961315E-1
1.057060007E2,5.942819268E-2,-3.735942841E-1,5.120543242E-1
1.057160087E2,1.050433517E-1,-4.268263578E-1,5.218390822E-1
1.057260157E2,1.519957781E-1,-4.618417323E-1,5.250859857E-1
1.057360237E2,1.910616904E-1,-4.798108637E-1,5.228098035E-1
1.057460317E2,2.244636863E-1,-4.907865226E-1,5.164063573E-1
1.057560397E2,2.616102695E-1,-4.870679379E-1,5.101585984E-1
1.057660467E2,3.021227717E-1,-4.764767587E-1,5.111661553E-1
1.057760547E2,3.338069320E-1,-4.654566050E-1,5.100390911E-1
1.057860627E2,3.568881750E-1,-4.465046227E-1,5.052307844E-1
1.057960707E2,3.694915771E-1,-4.041377306E-1,4.969004095E-1
1.058060777E2,3.561179340E-1,-3.620387316E-1,4.794306159E-1
1.058160857E2,2.991273403E-1,-3.392833471E-1,4.544469714E-1
1.058260937E2,2.048176974E-1,-3.448211551E-1,4.278752804E-1
1.058361007E2,9.770135581E-2,-3.674162030E-1,4.112845957E-1
1.058461087E2,-2.849874785E-3,-3.900874853E-1,3.910044432E-1
1.058561167E2,-6.763899326E-2,-3.953802586E-1,3.758638501E-1
1.058661247E2,-9.120242298E-2,-3.921902180E-1,3.676671684E-1
1.058761317E2,-7.561680675E-2,-3.846814334E-1,3.709399104E-1
1.058861397E2,-2.186204121E-2,-3.511599004E-1,3.843857348E-1
1.058961477E2,5.818485841E-2,-2.981462181E-1,4.086881280E-1
1.059061557E2,1.509282589E-1,-2.083913833E-1,4.502090514E-1
1.059161627E2,2.553737164E-1,-6.519880891E-2,5.109027624E-1
1.059261707E2,3.685845137E-1,1.000932157E-1,5.715144873E-1
1.059361787E2,4.741511345E-1,2.351314574E-1,6.335117817E-1
1.059461867E2,5.526161194E-1,2.972337306E-1,6.920603514E-1
1.059561939E2,6.173777580E-1,3.326646984E-1,7.693418264E-1
1.059662019E2,6.759623289E-1,3.414504826E-1,8.483703136E-1
1.059762099E2,7.191252112E-1,3.007765412E-1,9.185946584E-1
1.059862169E2,7.329493165E-1,2.005666345E-1,9.765551090E-1
1.059962249E2,7.116275430E-1,5.674662814E-2,1.020538807E0
1.060062329E2,6.600960493E-1,-1.218792126E-1,1.047845364E0
1.060162409E2,5.832137465E-1,-3.067401648E-1,1.047969699E0
1.060262479E2,5.051860213E-1,-4.553928077E-1,1.026439786E0
1.060362559E2,4.371369183E-1,-5.406736732E-1,9.994668365E-1
1.060462639E2,3.642719388E-1,-5.646712780E-1,9.796366096E-1
1.060562719E2,2.914986610E-1,-5.218406916E-1,9.712756276E-1
1.060662789E2,2.424922884E-1,-4.272355735E-1,9.714906216E-1
1.060762869E2,2.132838070E-1,-2.975185812E-1,9.762510657E-1
1.060862949E2,1.976405829E-1,-1.500691473E-1,9.798653722E-1
1.060963029E2,1.826616377E-1,-3.833632916E-3,9.890999198E-1
1.061063099E2,1.564567685E-1,1.224891618E-1,1.009035945E0
1.061163179E2,1.283154190E-1,2.120033205E-1,1.038679600E0
1.061263259E2,9.569292516E-2,2.492528260E-1,1.075111270E0
1.061363329E2,6.518401951E-2,2.362528741E-1,1.106737375E0
1.061463409E2,3.859590739E-2,1.920601428E-1,1.135190248E0
1.061563489E2,2.026510239E-2,1.405269057E-1,1.165721536E0
1.061663569E2,3.057689173E-3,7.311774790E-2,1.203284383E0
1.061763639E2,-9.061291814E-3,1.253669150E-2,1.239336133E0
1.061863719E2,-1.863287017E-2,-2.322326601E-2,1.277321696E0
1.061963799E2,-3.529733792E-2,-3.839582950E-2,1.315872550E0
1.062063879E2,-4.763972014E-2,-2.803568542E-2,1.353407979E0
1.062163949E2,-6.451324373E-2,-1.519392151E-2,1.391349554E0
1.062264029E2,-8.734577894E-2,-1.853236929E-2,1.429288030E0
1.062364109E2,-1.094074100E-1,-3.682722151E-2,1.468824029E0
1.062464189E2,-1.328466982E-1,-7.068212330E-2,1.506071806E0
1.062564259E2,-1.392800957E-1,-9.001108259E-2,1.536859512E0
1.062664339E2,-1.331958771E-1,-1.022907868E-1,1.550085425E0
1.062764419E2,-1.166739017E-1,-9.006101638E-2,1.560443878E0
1.062864489E2,-9.493102878E-2,-5.253472552E-2,1.578757524E0
1.062964569E2,-6.801073253E-2,-4.204208963E-3,1.611467838E0
1.063064649E2,-4.691679403E-2,3.240546957E-2,1.654793978E0
1.063164729E2,-3.409793600E-2,3.748305514E-2,1.696169376E0
1.063264799E2,-2.695860341E-2,1.591812819E-2,1.726736665E0
1.063364879E2,-1.814194210E-2,-1.878605783E-2,1.745614529E0
1.063464959E2,-8.353175595E-3,-4.884273559E-2,1.754393339E0
1.063565039E2,4.834798630E-3,-6.575593352E-2,1.757197618E0
1.063665109E2,1.609650813E-2,-6.823294610E-2,1.757235169E0
1.063765189E2,3.452131897E-2,-4.884033650E-2,1.763068318E0
1.063865269E2,7.324907929E-2,8.673110977E-3,1.775658727E0
1.063965349E2,1.208110079E-1,6.899983436E-2,1.792656898E0
1.064065419E2,1.732911170E-1,9.504388273E-2,1.803331494E0
1.064165499E2,2.300752997E-1,9.425558150E-2,1.813255429E0
1.064265579E2,2.872505486E-1,6.628894806E-2,1.819811106E0
1.064365649E2,3.422304392E-1,2.887232974E-2,1.816055298E0
1.064465729E2,3.969831765E-1,-7.405635901E-3,1.800544739E0
1.064565809E2,4.395205081E-1,-2.523816004E-2,1.769626975E0
1.064665889E2,4.592786729E-1,-1.275140233E-2,1.729118228E0
1.064765959E2,4.694833755E-1,3.365551308E-2,1.681999683E0
1.064866039E2,4.710259140E-1,1.007482484E-1,1.632968664E0
1.064966119E2,4.688165784E-1,1.734703779E-1,1.577137947E0
1.065066199E2,4.596357644E-1,2.529811263E-1,1.512854815E0
1.065166269E2,4.412303865E-1,3.181838095E-1,1.441975355E0
1.065266349E2,4.077928364E-1,3.770982325E-1,1.372875929E0
1.065366429E2,3.525423706E-1,4.269640744E-1,1.311113834E0
1.065466509E2,2.861506641E-1,4.659207761E-1,1.255775928E0
1.065566579E2,2.187620252E-1,4.889211655E-1,1.211517692E0
1.065666659E2,1.608051807E-1,4.960278571E-1,1.176387429E0
1.065766739E2,1.268791705E-1,4.824731648E-1,1.142696381E0
1.065866809E2,1.224723980E-1,4.578230679E-1,1.119397163E0
1.065966889E2,1.598578542E-1,4.428401291E-1,1.110901117E0
1.066066969E2,2.426617593E-1,4.510927498E-1,1.125952840E0
1.066167049E2,3.608342111E-1,4.744366705E-1,1.159295559E0
1.066267119E2,4.971501231E-1,4.942794740E-1,1.202013254E0
1.066367199E2,6.187236905E-1,4.885742068E-1,1.236690640E0
1.066467279E2,7.032756805E-1,4.647377431E-1,1.248587132E0
1.066567359E2,7.409956455E-1,4.366738796E-1,1.236083388E0
1.066667429E2,7.192765474E-1,4.001165628E-1,1.206241131E0
1.066767509E2,6.538144350E-1,3.590940237E-1,1.152667046E0
1.066867589E2,5.585780740E-1,3.244014978E-1,1.097489834E0
1.066967669E2,4.511416256E-1,3.219021261E-1,1.050155640E0
1.067067739E2,3.537386656E-1,3.446142077E-1,1.014300346E0
1.067167819E2,2.803994715E-1,3.725544810E-1,9.900600910E-1
1.067267899E2,2.279058993E-1,3.669065833E-1,9.747800231E-1
1.067367969E2,1.970704794E-1,3.158894777E-1,9.542576671E-1
1.067468049E2,1.887408197E-1,2.231058180E-1,9.279873371E-1
1.067568129E2,1.850440949E-1,9.691539407E-2,9.057209492E-1
1.067668209E2,1.824948043E-1,-2.363804728E-2,8.767726421E-1
1.067768279E2,1.779983342E-1,-1.264744103E-1,8.511285186E-1
1.067868359E2,1.616537571E-1,-1.946852952E-1,8.214058280E-1
1.067968439E2,1.409085244E-1,-2.238280028E-1,7.897818089E-1
1.068068519E2,1.237671748E-1,-2.214766145E-1,7.586496472E-1
1.068168589E2,1.065375879E-1,-2.046528906E-1,7.292824388E-1
1.068268669E2,8.451245725E-2,-1.824919581E-1,7.044816613E-1
1.068368749E2,5.170924217E-2,-1.746377647E-1,6.714611650E-1
1.068468829E2,1.785085537E-2,-1.605164558E-1,6.252974272E-1
1.068568899E2,-8.896602318E-3,-1.110026911E-1,5.726696253E-1
1.068668979E2,-2.505449764E-2,-7.224722765E-3,5.227575898E-1
1.068769059E2,-3.098855354E-2,1.444159299E-1,4.799520373E-1
1.068869139E2,-4.426561669E-2,3.078092039E-1,4.490222335E-1
1.068969209E2,-6.557783484E-2,4.470011890E-1,4.340230525E-1
1.069069289E2,-9.492771327E-2,5.367495418E-1,4.333106279E-1
1.069169369E2,-1.311134100E-1,5.686590075E-1,4.340988994E-1
1.069269439E2,-1.615688652E-1,5.628854036E-1,4.322707355E-1
1.069369519E2,-1.910250336E-1,5.284534097E-1,4.158976078E-1
1.069469599E2,-2.225116342E-1,4.581339061E-1,3.952753544E-1
1.069569680E2,-2.522295713E-1,3.766800463E-1,3.802782893E-1
1.069669750E2,-2.870863080E-1,3.010119498E-1,3.826172948E-1
1.069769830E2,-3.163219690E-1,2.548412383E-1,3.971253932E-1
1.069869910E2,-3.384073675E-1,2.150102556E-1,4.227921665E-1
1.069969990E2,-3.579214215E-1,1.709509194E-1,4.512096941E-1
1.070070060E2,-3.821392655E-1,1.144428104E-1,4.796307981E-1
1.070170140E2,-4.054520428E-1,4.669359699E-2,5.055473447E-1
1.070270220E2,-4.096494913E-1,-1.851332560E-2,5.254247189E-1
1.070370300E2,-3.834562302E-1,-7.985045016E-2,5.439041257E-1
1.070470370E2,-3.371076584E-1,-1.388942003E-1,5.517130494E-1
1.070570450E2,-2.710250616E-1,-1.832166612E-1,5.578359365E-1
1.070670530E2,-1.895768195E-1,-2.097948641E-1,5.658757687E-1
1.070770600E2,-9.854490310E-2,-2.202837318E-1,5.817114711E-1
1.070870680E2,-1.558882650E-3,-2.091648579E-1,6.005946994E-1
1.070970760E2,1.012583077E-1,-1.890095174E-1,6.164274216E-1
1.071070840E2,1.992254406E-1,-1.489052027E-1,6.323990226E-1
1.071170910E2,2.852977514E-1,-1.089330167E-1,6.310725212E-1
1.071270990E2,3.521213531E-1,-8.539825678E-2,6.100505590E-1
1.071371070E2,3.899901509E-1,-8.551596850E-2,5.814577937E-1
1.071471150E2,4.032227397E-1,-1.032477021E-1,5.484092832E-1
1.071571220E2,3.990972340E-1,-1.256906986E-1,5.065448880E-1
1.071671300E2,3.838378787E-1,-1.547641009E-1,4.485509992E-1
1.071771380E2,3.671877980E-1,-1.820953190E-1,3.855374157E-1
1.071871460E2,3.450146914E-1,-1.987807453E-1,3.265384436E-1
1.071971530E2,3.290775418E-1,-2.063151002E-1,2.728919983E-1
1.072071610E2,3.168428838E-1,-2.075653672E-1,2.272842377E-1
1.072171690E2,3.210237920E-1,-2.017881572E-1,1.810573488E-1
1.072271770E2,3.465636671E-1,-1.901741624E-1,1.341257393E-1
1.072371840E2,3.721201420E-1,-1.818387359E-1,8.170140535E-2
1.072471920E2,3.817614615E-1,-1.746722162E-1,2.940027788E-2
1.072572000E2,3.647553325E-1,-1.624341905E-1,-2.303603105E-2
1.072672070E2,3.199642003E-1,-1.379166991E-1,-6.567031890E-2
1.072772150E2,2.544344664E-1,-1.039968282E-1,-1.129448935E-1
1.072872230E2,1.918186396E-1,-7.137241960E-2,-1.557786167E-1
1.072972310E2,1.400763541E-1,-3.948665783E-2,-1.938197464E-1
1.073072380E2,1.086873785E-1,-1.180748735E-2,-2.227463871E-1
1.073172460E2,9.451510012E-2,-1.737277023E-3,-2.423709631E-1
1.073272540E2,1.167429090E-1,8.942398243E-3,-2.540316284E-1
1.073372620E2,1.530066282E-1,1.347062644E-3,-2.698201835E-1
1.073472690E2,1.953392476E-1,-3.375677019E-2,-2.847757936E-1
1.073572770E2,2.156881988E-1,-8.467321843E-2,-2.985584438E-1
1.073672850E2,2.146950811E-1,-1.479793936E-1,-3.105504811E-1
1.073772930E2,1.933043003E-1,-2.093617916E-1,-3.233326077E-1
1.073873000E2,1.514757276E-1,-2.593634427E-1,-3.402910531E-1
1.073973080E2,8.625544608E-2,-3.014328778E-1,-3.619313836E-1
1.074073160E2,1.752875512E-3,-3.388329744E-1,-3.854952455E-1
1.074173240E2,-1.067192703E-1,-3.800933361E-1,-4.106133878E-1
1.074273310E2,-2.420358062E-1,-4.267201126E-1,-4.464758933E-1
1.074373390E2,-3.762966692E-1,-4.439310730E-1,-4.767422080E-1
1.074473470E2,-4.877116382E-1,-4.114545584E-1,-5.113107562E-1
1.074573550E2,-5.570254326E-1,-3.322931528E-1,-5.441570878E-1
1.074673620E2,-5.764826536E-1,-1.992422789E-1,-5.591934919E-1
1.074773700E2,-5.362207294E-1,-1.462342590E-2,-5.419085026E-1
1.074873780E2,-4.402000308E-1,1.791215390E-1,-4.862992764E-1
1.074973850E2,-3.065807223E-1,3.293427229E-1,-4.075360298E-1
1.075073930E2,-1.720414311E-1,3.925964534E-1,-3.249700069E-1
1.075174010E2,-6.189416721E-2,3.763218522E-1,-2.600817978E-1
1.075274090E2,2.908886410E-2,3.018081784E-1,-2.107609361E-1
1.075374160E2,1.028517708E-1,1.872570962E-1,-1.790613234E-1
1.075474240E2,1.726995111E-1,5.248850212E-2,-1.500504613E-1
1.075574320E2,2.292336226E-1,-7.987060398E-2,-1.219916567E-1
1.075674400E2,2.670021355E-1,-1.972329170E-1,-1.075165644E-1
1.075774470E2,2.854900658E-1,-2.668191791E-1,-8.917217702E-2
1.075874550E2,2.890889943E-1,-2.868862748E-1,-8.386215568E-2
1.075974630E2,2.778419256E-1,-2.622206211E-1,-8.746008575E-2
1.076074710E2,2.585383356E-1,-2.050154209E-1,-9.781164676E-2
1.076174780E2,2.310968637E-1,-1.353069097E-1,-1.190301180E-1
1.076274860E2,2.007839382E-1,-6.702406704E-2,-1.516658664E-1
1.076374940E2,1.624900848E-1,-5.923690274E-3,-1.938703209E-1
1.076475020E2,9.669589251E-2,3.269970417E-2,-2.376562804E-1
1.076575090E2,-4.233919550E-3,5.149176717E-2,-2.794439495E-1
1.076675170E2,-1.280635148E-1,5.652265996E-2,-3.233577907E-1
1.076775250E2,-2.588748038E-1,4.728255421E-2,-3.639899194E-1
1.076875320E2,-3.768158853E-1,4.663597792E-2,-3.865739107E-1
1.076975400E2,-4.681569636E-1,6.645948440E-2,-3.843248785E-1
1.077075480E2,-5.139415264E-1,1.065263897E-1,-3.675146997E-1
1.077175560E2,-5.135740042E-1,1.562859565E-1,-3.419137299E-1
1.077275630E2,-4.756616354E-1,2.088821977E-1,-2.983028591E-1
1.077375710E2,-4.257193804E-1,2.384081185E-1,-2.424313277E-1
1.077475790E2,-3.803498447E-1,2.325792164E-1,-1.763967574E-1
1.077575870E2,-3.398812711E-1,1.890240163E-1,-1.068054363E-1
1.077675940E2,-3.102487624E-1,1.162021905E-1,-4.333901033E-2
1.077776020E2,-2.813894153E-1,3.605089337E-2,8.372118697E-3
1.077876100E2,-2.571521997E-1,-3.507210687E-2,5.391679704E-2
1.077976180E2,-2.369572073E-1,-7.479928434E-2,9.091289341E-2
1.078076250E2,-2.261369377E-1,-8.387225121E-2,1.277216822E-1
1.078176330E2,-2.263412029E-1,-8.040694147E-2,1.616490185E-1
1.078276410E2,-2.248734832E-1,-5.389186367E-2,1.899366677E-1
1.078376490E2,-2.209586352E-1,-2.407192066E-2,2.185398191E-1
1.078476560E2,-2.124778628E-1,3.978488967E-3,2.406088710E-1
1.078576640E2,-2.004616708E-1,2.366324328E-2,2.552328408E-1
1.078676720E2,-1.875384003E-1,2.771803737E-2,2.642285228E-1
1.078776800E2,-1.760540456E-1,2.732415684E-2,2.726912498E-1
1.078876870E2,-1.644620448E-1,3.154389560E-2,2.769444585E-1
1.078976950E2,-1.496034712E-1,4.007240012E-2,2.893174887E-1
1.079077030E2,-1.340716183E-1,4.746125266E-2,2.968370318E-1
1.079177110E2,-1.149290800E-1,7.165207714E-2,3.054584563E-1
1.079277180E2,-9.986657649E-2,9.019543976E-2,3.098450899E-1
1.079377260E2,-9.036255628E-2,1.165468842E-1,3.094578683E-1
1.079477340E2,-7.991167158E-2,1.519031525E-1,3.162584901E-1
1.079577405E2,-7.237199694E-2,1.845188886E-1,3.161213398E-1
1.079677485E2,-6.592053175E-2,2.117638141E-1,3.141189516E-1
1.079777565E2,-5.308356881E-2,2.409981340E-1,3.045962751E-1
1.079877645E2,-4.680665210E-2,2.690912783E-1,2.949247658E-1
1.079977715E2,-3.841396794E-2,3.028566837E-1,2.951458097E-1
1.080077795E2,-2.381082624E-2,3.402901590E-1,3.090378046E-1
1.080177875E2,3.621330485E-3,3.677662611E-1,3.268580735E-1
1.080277955E2,4.488828033E-2,3.553317189E-1,3.384105563E-1
1.080378025E2,9.874618053E-2,3.086494505E-1,3.400601149E-1
1.080478105E2,1.510188729E-1,2.599591613E-1,3.339054585E-1
1.080578185E2,1.971317679E-1,2.080538869E-1,3.335318267E-1
1.080678265E2,2.438296825E-1,1.503440440E-1,3.277216256E-1
1.080778335E2,2.814494967E-1,1.066634133E-1,3.203680813E-1
1.080878415E2,3.179617524E-1,1.123222262E-1,3.191606402E-1
1.080978495E2,3.569442928E-1,1.537687331E-1,3.172932565E-1
1.081078575E2,4.025328159E-1,2.180384398E-1,3.128248453E-1
1.081178645E2,4.511150122E-1,3.047408164E-1,3.100977838E-1
1.081278725E2,5.020040274E-1,3.815130889E-1,2.984770834E-1
1.081378805E2,5.369031429E-1,4.293104410E-1,2.748170197E-1
1.081478885E2,5.498553514E-1,4.535669088E-1,2.228439301E-1
1.081578955E2,5.238365531E-1,4.488799870E-1,1.589296609E-1
1.081679035E2,4.585441649E-1,4.287507832E-1,9.682077914E-2
1.081779115E2,3.680198491E-1,4.269430339E-1,4.748145863E-2
1.081879195E2,2.792035341E-1,4.476949871E-1,2.221304551E-2
1.081979265E2,2.194656134E-1,4.840061069E-1,2.253022790E-2
1.082079345E2,2.083198726E-1,5.303187966E-1,3.839523345E-2
1.082179425E2,2.473317236E-1,5.596958399E-1,6.513948739E-2
1.082279495E2,3.296668828E-1,5.730962157E-1,9.242177010E-2
1.082379575E2,4.223637879E-1,5.737370253E-1,1.292154640E-1
1.082479655E2,5.129507184E-1,5.633197427E-1,1.731806993E-1
1.082579735E2,5.728686452E-1,5.221267343E-1,2.131763250E-1
1.082679805E2,6.203361154E-1,4.674339294E-1,2.328219563E-1
1.082779885E2,6.431589127E-1,4.130460620E-1,2.438138872E-1
1.082879965E2,6.445643902E-1,3.463879526E-1,2.486917228E-1
1.082980045E2,6.197418571E-1,2.782597542E-1,2.419384569E-1
1.083080115E2,5.616351962E-1,2.236922532E-1,2.312000841E-1
1.083180195E2,4.810074866E-1,1.640438288E-1,2.145603895E-1
1.083280275E2,3.809076250E-1,9.732002020E-2,1.933085173E-1
1.083380355E2,2.686114609E-1,3.365156427E-2,1.692798734E-1
1.083480425E2,1.605995148E-1,-3.243562207E-2,1.491367072E-1
1.083580505E2,5.806593969E-2,-1.105735675E-1,1.302330494E-1
1.083680585E2,-4.187522084E-2,-1.969367564E-1,1.188147217E-1
1.083780665E2,-1.324980706E-1,-2.956129909E-1,9.962212294E-2
1.083880735E2,-2.090617567E-1,-3.826179802E-1,6.796873361E-2
1.083980815E2,-2.759475708E-1,-4.566714168E-1,1.911064424E-2
1.084080895E2,-3.488621712E-1,-5.160270929E-1,-3.522253036E-2
1.084180975E2,-4.228613079E-1,-5.566850305E-1,-8.212079853E-2
1.084281045E2,-4.772700369E-1,-5.352149010E-1,-1.138110980E-1
1.084381125E2,-4.829020798E-1,-4.243389964E-1,-1.130571589E-1
1.084481205E2,-4.421914220E-1,-2.465072423E-1,-9.312508255E-2
1.084581285E2,-3.590877354E-1,-2.693841979E-2,-6.436640769E-2
1.084681355E2,-2.491244525E-1,1.733032763E-1,-4.675260931E-2
1.084781435E2,-1.523736864E-1,3.003619015E-1,-5.293567106E-2
1.084881515E2,-9.219066799E-2,3.555113077E-1,-7.347887009E-2
1.084981595E2,-6.524400413E-2,3.541890383E-1,-8.555204421E-2
1.085081665E2,-6.260111928E-2,3.020750582E-1,-9.417039901E-2
1.085181745E2,-7.382953912E-2,2.290983349E-1,-1.081480011E-1
1.085281825E2,-9.562279284E-2,1.414164454E-1,-1.205189824E-1
1.085381905E2,-1.182620600E-1,6.630093604E-2,-1.393224895E-1
1.085481975E2,-1.460274458E-1,9.914117865E-3,-1.541495174E-1
1.085582055E2,-1.697982848E-1,-1.843363419E-2,-1.665145606E-1
1.085682135E2,-1.944478154E-1,-2.926762775E-2,-1.739418805E-1
1.085782205E2,-2.211249620E-1,-3.895674273E-2,-1.820986122E-1
1.085882285E2,-2.405385524E-1,-3.421527892E-2,-1.967937946E-1
1.085982365E2,-2.443790883E-1,-3.374762833E-2,-2.241436690E-1
1.086082445E2,-2.322187424E-1,-3.416304290E-2,-2.577145696E-1
1.086182515E2,-2.139899433E-1,-3.251081705E-2,-2.921630740E-1
1.086282595E2,-2.043793201E-1,-3.287691623E-2,-3.209753633E-1
1.086382675E2,-2.026202977E-1,-2.460886911E-2,-3.424156904E-1
1.086482755E2,-2.120489478E-1,-1.881847903E-2,-3.565504551E-1
1.086582825E2,-2.174943238E-1,-3.952980042E-3,-3.697099388E-1
1.086682905E2,-2.155887634E-1,1.409246586E-2,-3.801713586E-1
1.086782985E2,-2.103154361E-1,2.043984458E-2,-3.959212899E-1
1.086883065E2,-1.954081953E-1,1.549727283E-2,-4.141346216E-1
1.086983135E2,-1.686468869E-1,7.970025763E-5,-4.226737618E-1
1.087083215E2,-1.335576773E-1,-1.753517799E-2,-4.235657156E-1
1.087183295E2,-8.849885315E-2,-3.235087544E-2,-4.222027063E-1
1.087283375E2,-4.205473140E-2,-3.697396070E-2,-4.180046022E-1
1.087383445E2,3.329526400E-3,-2.207943425E-2,-4.136689603E-1
1.087483525E2,4.824848101E-2,3.571603447E-3,-4.083719254E-1
1.087583605E2,8.121601492E-2,1.961049065E-2,-4.031681120E-1
1.087683685E2,1.051409170E-1,1.655594818E-2,-3.973855078E-1
1.087783755E2,1.212543696E-1,3.370903200E-3,-3.922567964E-1
1.087883835E2,1.343306899E-1,-1.661167294E-2,-3.925445974E-1
1.087983915E2,1.510843635E-1,-3.749645129E-2,-3.950077593E-1
1.088083995E2,1.673641056E-1,-5.093647540E-2,-4.045088887E-1
1.088184065E2,1.750673056E-1,-6.429862231E-2,-4.101073742E-1
1.088284145E2,1.610995084E-1,-8.436023444E-2,-4.195336103E-1
1.088384225E2,1.286606044E-1,-1.093276367E-1,-4.252444804E-1
1.088484305E2,7.843013853E-2,-1.442084014E-1,-4.293371141E-1
1.088584375E2,2.360417508E-2,-1.926105618E-1,-4.350708723E-1
1.088684455E2,-1.495697349E-2,-2.369606793E-1,-4.323242605E-1
1.088784535E2,-3.180785850E-2,-2.598254979E-1,-4.198257923E-1
1.088884615E2,-1.894617639E-2,-2.761156559E-1,-4.016414583E-1
1.088984685E2,1.711089350E-2,-2.833826244E-1,-3.824291527E-1
1.089084765E2,7.267851382E-2,-2.970163226E-1,-3.636020422E-1
1.089184845E2,1.370513737E-1,-3.149750829E-1,-3.369437754E-1
1.089284925E2,2.052047849E-1,-3.293118775E-1,-3.107359707E-1
1.089384995E2,2.737694681E-1,-3.413845301E-1,-2.837016881E-1
1.089485075E2,3.102381229E-1,-3.718794584E-1,-2.577516735E-1
1.089585154E2,3.087568581E-1,-4.426279366E-1,-2.551169991E-1
1.089685234E2,2.832564712E-1,-5.279862881E-1,-2.817599773E-1
1.089785304E2,2.528205216E-1,-5.813547373E-1,-3.357145786E-1
1.089885384E2,2.133191079E-1,-5.878956318E-1,-3.958162367E-1
1.089985464E2,1.521676034E-1,-5.672156811E-1,-4.295246601E-1
1.090085534E2,5.944242701E-2,-5.441752076E-1,-4.505016804E-1
1.090185614E2,-4.574471340E-2,-5.527575016E-1,-4.472811222E-1
1.090285694E2,-1.469413340E-1,-6.104500890E-1,-4.273787439E-1
1.090385774E2,-2.041276544E-1,-6.775428057E-1,-4.186733961E-1
1.090485844E2,-2.057592124E-1,-7.309506536E-1,-4.238728583E-1
1.090585924E2,-1.804908812E-1,-7.563009858E-1,-4.469417036E-1
1.090686004E2,-1.530474126E-1,-7.559446096E-1,-4.746749103E-1
1.090786084E2,-1.198359281E-1,-6.746447086E-1,-4.847003818E-1
1.090886154E2,-8.364054561E-2,-4.852201343E-1,-4.678613544E-1
1.090986234E2,-5.836794898E-2,-2.284045666E-1,-4.248944521E-1
1.091086314E2,-6.694135815E-2,3.012646548E-2,-3.643531203E-1
1.091186394E2,-1.109325215E-1,2.339320630E-1,-2.969863415E-1
1.091286464E2,-1.535945088E-1,3.523770869E-1,-2.301653624E-1
1.091386544E2,-1.676386744E-1,3.813232780E-1,-1.680503190E-1
1.091486624E2,-1.443721354E-1,3.201306164E-1,-1.114408746E-1
1.091586704E2,-8.177561313E-2,1.815205514E-1,-5.574165285E-2
1.091686774E2,8.760699071E-3,-2.692990750E-2,-7.160379901E-4
1.091786854E2,1.007633284E-1,-2.945895791E-1,3.524435684E-2
1.091886934E2,1.824522913E-1,-5.575758815E-1,5.051109940E-2
1.091987014E2,2.279510647E-1,-7.448472381E-1,4.692568630E-2
1.092087084E2,2.223633528E-1,-8.273836970E-1,2.799241059E-2
1.092187164E2,1.763686985E-1,-7.838016152E-1,2.877470339E-3
1.092287244E2,9.492572397E-2,-6.514217257E-1,-2.967129834E-2
1.092387324E2,-1.851401851E-2,-4.699456692E-1,-6.431050599E-2
1.092487394E2,-1.429952532E-1,-2.592674494E-1,-1.012684256E-1
1.092587474E2,-2.721385956E-1,-6.249206141E-2,-1.316521615E-1
1.092687554E2,-3.813888431E-1,8.816263080E-2,-1.426616162E-1
1.092787634E2,-4.507961571E-1,1.872588545E-1,-1.277652234E-1
1.092887704E2,-4.633531570E-1,2.263026834E-1,-9.671334177E-2
1.092987784E2,-4.261104465E-1,2.233321816E-1,-5.301033705E-2
1.093087864E2,-3.589180112E-1,1.949272156E-1,-9.776207618E-3
1.093187944E2,-2.756012678E-1,1.459660530E-1,3.806668147E-2
1.093288014E2,-2.102791816E-1,7.244234532E-2,8.470539749E-2
1.093388094E2,-1.625555903E-1,1.794129051E-2,1.276755035E-1
1.093488174E2,-1.390157938E-1,-2.586254478E-2,1.746141315E-1
1.093588254E2,-1.394834518E-1,-5.018173531E-2,2.232032418E-1
1.093688324E2,-1.655461192E-1,-6.215926632E-2,2.687154114E-1
1.093788404E2,-2.032298446E-1,-8.095905185E-2,3.102873564E-1
1.093888484E2,-2.442586273E-1,-1.084977239E-1,3.398231566E-1
1.093988564E2,-2.720761299E-1,-1.290570647E-1,3.595465124E-1
1.094088634E2,-2.803429365E-1,-1.275755912E-1,3.849463165E-1
1.094188714E2,-2.741753459E-1,-1.191605330E-1,4.085919857E-1
1.094288794E2,-2.423058152E-1,-9.567118436E-2,4.500278533E-1
1.094388874E2,-1.907656640E-1,-6.629625708E-2,5.013338923E-1
1.094488944E2,-1.231478378E-1,-3.899564967E-2,5.535506606E-1
1.094589024E2,-5.139056593E-2,-7.236655336E-3,6.138350368E-1
1.094689104E2,2.462155931E-2,-2.297742758E-3,6.755487323E-1
1.094789184E2,7.802113146E-2,-2.355376258E-2,7.206869125E-1
1.094889254E2,1.095779017E-1,-6.103912741E-2,7.486449480E-1
1.094989334E2,1.361727566E-1,-1.089248955E-1,7.659368515E-1
1.095089414E2,1.665444523E-1,-1.401810497E-1,7.776280642E-1
1.095189494E2,2.076026797E-1,-1.376561075E-1,7.864660025E-1
1.095289564E2,2.534646094E-1,-9.778910875E-2,7.860683203E-1
1.095389644E2,3.024316132E-1,-2.136277966E-2,7.832325697E-1
1.095489724E2,3.379899859E-1,7.071915269E-2,7.805241346E-1
1.095589804E2,3.528975844E-1,1.526598334E-1,7.863484621E-1
1.095689874E2,3.348682225E-1,1.959152967E-1,7.858509421E-1
1.095789954E2,3.048940897E-1,2.128636539E-1,7.734179497E-1
1.095890034E2,2.722305954E-1,1.951597929E-1,7.449721098E-1
1.095990114E2,2.377029955E-1,1.596601307E-1,7.083823681E-1
1.096090184E2,2.098048329E-1,1.400077343E-1,6.728110909E-1
1.096190264E2,1.898223460E-1,1.447114050E-1,6.433666348E-1
1.096290344E2,1.815841794E-1,1.796093285E-1,6.175755262E-1
1.096390424E2,1.840862185E-1,2.374529243E-1,5.962017775E-1
1.096490494E2,1.968237609E-1,3.070386350E-1,5.846848488E-1
1.096590574E2,2.253406197E-1,3.804028630E-1,5.773957968E-1
1.096690654E2,2.546837330E-1,4.227467477E-1,5.719358921E-1
1.096790734E2,2.980133593E-1,4.368495047E-1,5.576040745E-1
1.096890804E2,3.446432352E-1,4.081340432E-1,5.479687452E-1
1.096990884E2,3.801974952E-1,3.504531682E-1,5.332273841E-1
1.097090964E2,4.062598348E-1,2.748228014E-1,5.200297832E-1
1.097191044E2,4.195066690E-1,2.010886520E-1,5.023607612E-1
1.097291114E2,4.197987914E-1,1.369165331E-1,4.797785282E-1
1.097391194E2,4.042544365E-1,9.910815954E-2,4.462573230E-1
1.097491274E2,3.755734563E-1,9.600479156E-2,4.061428308E-1
1.097591344E2,3.237698972E-1,1.031923965E-1,3.586051464E-1
1.097691424E2,2.482088208E-1,1.198169142E-1,3.032412231E-1
1.097791504E2,1.650521457E-1,1.400084794E-1,2.451336980E-1
1.097891584E2,7.357843965E-2,1.451315433E-1,1.975045800E-1
1.097991664E2,-2.294330485E-2,1.321824491E-1,1.592245698E-1
1.098091734E2,-1.149903089E-1,8.625388145E-2,1.249641702E-1
1.098191814E2,-1.968058199E-1,1.914568432E-2,8.443272114E-2
1.098291894E2,-2.661446035E-1,-3.251859546E-2,4.750733078E-2
1.098391964E2,-3.251027167E-1,-4.206815735E-2,1.354696881E-2
1.098492044E2,-3.672362566E-1,3.432433819E-3,-1.010717079E-2
1.098592124E2,-3.604076505E-1,8.908528835E-2,-1.324810274E-2
1.098692204E2,-2.987138629E-1,1.951103061E-1,1.323615760E-2
1.098792284E2,-1.907527596E-1,2.902173996E-1,5.036275461E-2
1.098892354E2,-6.814532727E-2,3.468778133E-1,8.861583471E-2
1.098992434E2,4.399212822E-2,3.569530845E-1,1.084878072E-1
1.099092514E2,1.368389428E-1,3.160254359E-1,1.169669479E-1
1.099192584E2,1.944276690E-1,2.548012137E-1,1.111940145E-1
1.099292664E2,2.240044177E-1,2.059559077E-1,1.021654829E-1
1.099392744E2,2.240222692E-1,1.746179461E-1,9.279541671E-2
1.099492824E2,2.077765912E-1,1.653660834E-1,8.302953839E-2
1.099592901E2,1.820182204E-1,1.750224382E-1,7.386640459E-2
1.099692981E2,1.447061747E-1,1.919912845E-1,6.203121319E-2
1.099793061E2,1.033768356E-1,2.118864357E-1,4.224232957E-2
1.099893141E2,5.357225984E-2,2.172981054E-1,1.364463940E-2
1.099993211E2,-7.589096203E-3,1.942665577E-1,-9.186905809E-3
1.100093291E2,-8.220560104E-2,1.448911577E-1,-2.734354883E-2
1.100193371E2,-1.563149840E-1,8.540865779E-2,-3.532104939E-2
1.100293451E2,-2.143639922E-1,3.569565713E-2,-3.547694907E-2
1.100393521E2,-2.465341836E-1,1.170537062E-2,-3.733290732E-2
1.100493601E2,-2.458851784E-1,1.756250672E-2,-4.686507210E-2
1.100593681E2,-2.047941983E-1,4.043320194E-2,-5.394162238E-2
1.100693761E2,-1.472390294E-1,7.123036683E-2,-5.612137169E-2
1.100793831E2,-9.102075547E-2,1.036053449E-1,-4.920461029E-2
1.100893911E2,-5.539188534E-2,1.219227389E-1,-3.235709295E-2
1.100993991E2,-4.216156900E-2,1.370329708E-1,-1.085419673E-2
1.101094071E2,-5.255781114E-2,1.259301454E-1,-2.321704291E-3
1.101194141E2,-7.505859435E-2,1.068254188E-1,-8.607563563E-3
1.101294221E2,-9.576027095E-2,1.060019061E-1,-2.731740288E-2
1.101394301E2,-1.081967056E-1,9.013132751E-2,-4.531211406E-2
1.101494381E2,-1.069283336E-1,8.496902883E-2,-5.793267488E-2
1.101594451E2,-8.805930614E-2,9.322004020E-2,-6.144325435E-2
1.101694531E2,-5.613988638E-2,1.137524769E-1,-5.900582299E-2
1.101794611E2,-1.265472546E-2,1.369075924E-1,-5.751791596E-2
1.101894691E2,2.197433263E-2,1.358936727E-1,-6.026741117E-2
1.101994761E2,3.973868117E-2,1.230702773E-1,-6.352445483E-2
1.102094841E2,3.715892136E-2,1.025599614E-1,-7.137069851E-2
1.102194921E2,1.574737392E-2,7.264600694E-2,-8.571794629E-2
1.102295001E2,-1.683169231E-2,5.181630701E-2,-1.065826714E-1
1.102395071E2,-4.124648869E-2,4.735311493E-2,-1.204311103E-1
1.102495151E2,-5.721816793E-2,5.027822405E-2,-1.300315708E-1
1.102595231E2,-6.116470695E-2,6.863673031E-2,-1.358750761E-1
1.102695311E2,-5.591234192E-2,7.687914371E-2,-1.333458126E-1
1.102795381E2,-4.278508574E-2,8.363824338E-2,-1.291055232E-1
1.102895461E2,-2.476675250E-2,8.374963701E-2,-1.197411120E-1
1.102995541E2,1.035018242E-3,8.662744612E-2,-1.069720536E-1
1.103095621E2,2.835286781E-2,8.964641392E-2,-8.412893116E-2
1.103195691E2,4.930076003E-2,8.878807724E-2,-6.069817767E-2
1.103295771E2,6.497965008E-2,8.652491868E-2,-3.770083562E-2
1.103395851E2,7.367274165E-2,7.772716135E-2,-1.854658499E-2
1.103495931E2,7.341589034E-2,6.007535011E-2,-7.359863259E-3
1.103596001E2,6.014296412E-2,3.837058693E-2,-1.088118879E-3
1.103696081E2,4.053968564E-2,2.535230294E-2,6.040183827E-3
1.103796161E2,1.760986634E-2,1.464293431E-2,1.562782936E-2
1.103896241E2,-5.283654202E-3,4.837646149E-3,2.171773650E-2
1.103996321E2,-1.095671952E-2,1.658751257E-2,2.445040643E-2
1.104096391E2,-7.675097324E-3,4.158135876E-2,2.773986757E-2
1.104196471E2,-4.046677495E-4,6.939727813E-2,2.907038294E-2
1.104296551E2,2.239719965E-3,8.322846144E-2,3.025928326E-2
1.104396621E2,4.360927735E-3,8.376136422E-2,3.275892511E-2
1.104496701E2,3.706301330E-3,6.618762016E-2,3.536691144E-2
1.104596781E2,-2.081280574E-3,3.579029813E-2,3.037215397E-2
1.104696861E2,-1.768999617E-3,5.105488468E-3,2.546619251E-2
1.104796941E2,-5.614603870E-3,-1.584187150E-2,1.332510635E-2
1.104897011E2,-1.139967795E-2,-2.197727188E-2,3.712453181E-4
1.104997091E2,-1.528256666E-2,-5.175387487E-3,-3.931091633E-3
1.105097171E2,-2.022016421E-2,2.386729419E-2,-2.988303080E-3
1.105197241E2,-1.681158505E-2,5.363424495E-2,-3.076720051E-3
1.105297321E2,-5.894161761E-3,7.271843404E-2,-1.330343774E-3
1.105397401E2,1.901709242E-3,7.360713184E-2,-4.447307438E-3
1.105497481E2,4.059724044E-3,5.926214531E-2,-5.317352712E-3
1.105597551E2,1.021375693E-2,4.651705548E-2,-1.518353005E-3
1.105697631E2,1.468864549E-2,3.506671637E-2,5.576261319E-3
1.105797711E2,1.733129844E-2,2.544737980E-2,1.440277603E-2
1.105897791E2,1.341062412E-2,1.099618431E-2,1.993700117E-2
1.105997871E2,-4.050566349E-4,-8.388166316E-3,2.079027891E-2
1.106097941E2,-1.460845768E-2,-1.534895878E-2,2.139118314E-2
1.106198021E2,-2.799510211E-2,-1.201015431E-2,2.587248385E-2
1.106298101E2,-4.419190437E-2,-1.099591237E-2,2.595509216E-2
1.106398181E2,-5.290549994E-2,-7.305037230E-3,1.898959465E-2
1.106498251E2,-6.082357466E-2,1.163189765E-3,1.072190609E-2
1.106598331E2,-7.064131647E-2,1.919278875E-2,-1.111583319E-3
1.106698411E2,-8.665584028E-2,2.519442700E-2,-1.323104836E-3
1.106798491E2,-9.858759493E-2,2.310650796E-2,1.541657606E-3
1.106898561E2,-9.785582125E-2,2.057398297E-2,-2.431788016E-3
1.106998641E2,-6.975600868E-2,3.381095827E-2,-2.061844571E-4
1.107098721E2,-2.848362736E-2,2.023685351E-2,2.125640400E-3
1.107198801E2,2.083944716E-2,1.852843538E-2,6.452743895E-3
1.107298871E2,5.702631176E-2,1.046680938E-2,1.668551192E-2
1.107398951E2,7.462260872E-2,6.536250003E-3,3.093741834E-2
1.107499031E2,7.331690192E-2,1.315332018E-2,4.326981679E-2
1.107599111E2,5.816777423E-2,2.201925032E-2,5.264201388E-2
1.107699181E2,3.428706154E-2,2.858564444E-2,5.192523822E-2
1.107799261E2,1.625506394E-2,3.116917610E-2,5.026262626E-2
1.107899341E2,2.726354171E-3,2.580759674E-2,5.253974721E-2
1.107999421E2,-1.027706265E-2,4.383530933E-3,5.440768972E-2
1.108099491E2,-2.033597231E-2,-1.890090667E-2,5.135319382E-2
1.108199571E2,-2.904877067E-2,-3.246917948E-2,4.824502021E-2
1.108299651E2,-3.100543469E-2,-2.554898709E-2,4.257012904E-2
1.108399731E2,-3.065309860E-2,-1.302772202E-3,3.678254783E-2
1.108499801E2,-1.548932027E-2,3.025820106E-2,3.884902224E-2
1.108599881E2,3.820195096E-3,4.952217266E-2,4.486803338E-2
1.108699961E2,2.488860860E-2,4.748755693E-2,4.446055368E-2
1.108800041E2,3.826140612E-2,2.787896991E-2,4.213082045E-2
1.108900111E2,4.013903067E-2,5.424953066E-3,3.879198432E-2
1.109000191E2,2.922805771E-2,-4.754714202E-3,3.153913096E-2
1.109100271E2,1.263869647E-2,1.140193082E-3,1.439849567E-2
1.109200351E2,-7.483616006E-3,8.238050155E-3,-4.817276727E-3
1.109300421E2,-2.492530271E-2,1.425494254E-2,-1.694852859E-2
1.109400501E2,-3.101222403E-2,2.316215076E-2,-1.771498471E-2
1.109500581E2,-2.537447773E-2,1.831720956E-2,-1.949746907E-2
1.109600652E2,-7.731569465E-3,1.712091826E-2,-2.495801449E-2
1.109700722E2,2.683361992E-3,9.362999350E-3,-2.638717927E-2
1.109800802E2,-5.153255537E-3,-1.452630386E-3,-2.947964147E-2
1.109900882E2,-1.434190292E-2,2.300785854E-4,-2.304916456E-2
1.110000962E2,-2.130260691E-2,1.384895109E-2,-1.324393693E-2
1.110101032E2,-3.014444932E-2,2.487732843E-2,-1.057862770E-2
1.110201112E2,-4.148898274E-2,2.848351374E-2,-5.273344461E-3
1.110301192E2,-5.001323298E-2,2.782533318E-2,7.748288335E-4
1.110401272E2,-6.824150681E-2,1.169696357E-2,2.567402553E-3
1.110501342E2,-8.378274739E-2,-8.190885186E-3,4.557611421E-3
1.110601422E2,-1.003755704E-1,-1.914686337E-2,7.707598619E-3
1.110701502E2,-1.051513553E-1,4.305704497E-3,1.012855116E-2
1.110801582E2,-1.022801995E-1,1.300385501E-2,1.416190807E-2
1.110901652E2,-9.427595884E-2,5.817707162E-3,1.771711744E-2
1.111001732E2,-8.491494507E-2,-3.358480986E-3,2.188363113E-2
1.111101812E2,-7.767765224E-2,8.867536671E-4,2.235379443E-2
1.111201892E2,-7.813838124E-2,1.884151995E-2,2.490883134E-2
1.111301962E2,-8.262411505E-2,2.597296238E-2,3.083766438E-2
1.111402042E2,-8.051995188E-2,4.552589357E-2,3.510351852E-2
1.111502122E2,-7.136924565E-2,6.343612075E-2,3.889618069E-2
1.111602202E2,-5.518681929E-2,6.048426777E-2,4.161739722E-2
1.111702272E2,-3.695095703E-2,3.571586311E-2,4.099881276E-2
1.111802352E2,4.756810609E-3,7.764654700E-3,1.680772193E-2
1.111902432E2,-1.503053959E-2,-2.446422726E-2,-8.791369619E-4
1.112002512E2,-4.952699691E-2,1.740838960E-2,1.672249287E-2
1.112102582E2,-7.308328897E-2,2.760533988E-2,5.492356792E-2
1.112202662E2,-6.651699543E-2,4.341439530E-2,1.558362227E-2
1.112302742E2,-5.645222589E-2,1.788961142E-2,-1.147091761E-2
1.112402822E2,-5.279463902E-2,5.402924120E-2,-2.713483386E-2
1.112502892E2,-3.608801588E-2,7.297729701E-2,-1.954743080E-2
1.112602972E2,-4.281915724E-2,7.274746150E-2,-1.439714339E-2
1.112703052E2,-5.425633118E-2,7.824201137E-2,-2.019847743E-2
1.112803132E2,-6.918308139E-2,7.784359902E-2,-2.204751037E-2
1.112903202E2,-8.759675175E-2,7.755195349E-2,-2.776075155E-2
1.113003282E2,-1.033485532E-1,7.712185383E-2,-2.996691316E-2
1.113103362E2,-1.084787995E-1,8.260688186E-2,-3.798715025E-2
1.113203442E2,-1.012147591E-1,6.905885041E-2,-3.209730238E-2
1.113303512E2,-7.415667176E-2,7.027070969E-2,-1.212477311E-2
1.113403592E2,-2.310360782E-2,5.074813962E-2,8.924924769E-4
1.113503672E2,3.645751253E-2,1.787540317E-2,1.248324569E-2
1.113603752E2,8.405245841E-2,-3.923370037E-3,1.479460392E-2
1.113703822E2,1.048002988E-1,-2.257441171E-2,2.692901902E-2
1.113803902E2,9.342487156E-2,-3.454238921E-2,3.059059940E-2
1.113903982E2,6.396275014E-2,-3.303413466E-2,2.773438767E-2
1.114004062E2,3.421790898E-2,-1.455099788E-2,2.456922084E-2
1.114104132E2,6.183422171E-3,1.331639290E-2,1.898982190E-2
1.114204212E2,-1.031858940E-2,3.510291502E-2,1.657007448E-2
1.114304292E2,-1.808412001E-2,4.927749932E-2,1.653114520E-2
1.114404372E2,-1.704202406E-2,4.807588458E-2,2.259596251E-2
1.114504442E2,-8.922882378E-3,3.823532909E-2,3.346689045E-2
1.114604522E2,-7.677504327E-4,1.413771696E-2,3.287673742E-2
1.114704602E2,1.185662393E-2,-1.809106208E-3,3.387203068E-2
1.114804682E2,2.766727842E-2,-1.756375656E-3,3.550641239E-2
1.114904752E2,3.382678702E-2,1.657425426E-3,2.964544483E-2
1.115004832E2,2.977372147E-2,9.879935533E-3,2.421845496E-2
1.115104912E2,1.404068246E-2,1.018736884E-2,1.288445853E-2
1.115204992E2,-3.562308848E-8,1.361539029E-2,2.447531093E-3
1.115305062E2,-8.892428130E-3,1.112358458E-2,-4.613278434E-3
1.115405142E2,-1.857994311E-2,5.506978370E-3,-1.697833464E-2
1.115505222E2,-1.000254694E-2,1.395693421E-2,-1.936587878E-2
1.115605302E2,1.227737521E-3,1.538012736E-2,-1.849662326E-2
1.115705372E2,1.883866824E-2,2.230666578E-2,-1.943357103E-2
1.115805452E2,5.638098344E-2,2.367419936E-2,-1.781064086E-2
1.115905532E2,1.054189056E-1,1.463231072E-2,-2.191198431E-2
1.116005612E2,1.539757848E-1,-6.412521005E-3,-6.268842146E-3
1.116105692E2,1.764115244E-1,-7.170532830E-3,9.162121452E-3
1.116205762E2,1.668742001E-1,-2.552796714E-2,2.112983353E-2
1.116305842E2,1.439688802E-1,-2.969275974E-2,3.134984523E-2
1.116405922E2,1.121220142E-1,-1.784355752E-2,2.872370556E-2
1.116506002E2,7.404398173E-2,-1.075223926E-2,1.389777288E-2
1.116606072E2,3.148347139E-2,-4.205922596E-3,-2.576541156E-3
1.116706152E2,-5.433648825E-3,1.534275711E-3,-1.600501686E-2
1.116806232E2,-3.369351476E-2,4.513287917E-3,-2.146076970E-2
1.116906312E2,-4.271120206E-2,-3.867122810E-3,-2.127411962E-2
1.117006382E2,-3.678034246E-2,-1.537038013E-2,-1.976517588E-2
1.117106462E2,-2.168513276E-2,-2.237273194E-2,-1.565580070E-2
1.117206542E2,-7.772512734E-3,-2.575681172E-2,-1.858474500E-2
1.117306622E2,-1.745931339E-3,-2.511873469E-2,-1.897221617E-2
1.117406692E2,8.069947362E-3,-1.547090244E-2,-9.249547496E-3
1.117506772E2,1.846251637E-2,-9.959763847E-4,1.112698577E-3
1.117606852E2,2.866455354E-2,6.053144578E-3,5.157241598E-3
1.117706932E2,3.588485718E-2,-1.878673211E-3,9.089655243E-3
1.117807002E2,4.018399864E-2,-1.186712552E-2,9.670224041E-3
1.117907082E2,3.097301908E-2,-2.368646860E-2,5.280640908E-3
1.118007162E2,1.127974223E-2,-3.082001023E-2,-1.401496702E-3
1.118107242E2,-9.037454613E-3,-2.696483955E-2,-5.364138633E-3
1.118207312E2,-3.319285810E-2,-2.246889099E-2,-1.514752675E-2
1.118307392E2,-4.480228201E-2,-1.173178852E-2,-1.964283735E-2
1.118407472E2,-4.647368193E-2,6.198475137E-3,-1.438868791E-2
1.118507552E2,-4.320313036E-2,1.776810735E-2,-1.243531518E-2
1.118607622E2,-3.647359088E-2,2.138228342E-2,-8.612081409E-3
1.118707702E2,-2.637771703E-2,1.566663384E-2,-3.683797782E-3
1.118807782E2,-1.950809360E-2,7.540263236E-3,-1.466449932E-3
1.118907862E2,-2.019404620E-2,1.794832759E-3,-2.069466049E-3
1.119007932E2,-1.749227010E-2,-7.080058567E-4,-6.788853556E-3
1.119108012E2,-2.032811940E-2,6.162440404E-3,-8.184901439E-3
1.119208092E2,-2.857379802E-2,5.995726213E-3,-9.450701065E-3
1.119308172E2,-3.690382466E-2,6.840689573E-3,-1.399373077E-2
1.119408242E2,-4.354707897E-2,9.295324795E-3,-1.417748816E-2
1.119508322E2,-4.659372941E-2,8.346555755E-3,-1.275309920E-2
1.119608406E2,-4.247408733E-2,1.403693110E-2,-1.061431412E-2
1.119708486E2,-2.502135001E-2,2.004095912E-2,-6.161022000E-3
1.119808556E2,-6.253787316E-3,2.300745435E-2,2.381333150E-3
1.119908636E2,7.643236779E-3,1.900775731E-2,1.290043816E-2
1.120008716E2,1.277088653E-2,9.026231244E-3,1.465199981E-2
1.120108796E2,1.148437802E-2,6.021621637E-3,1.699225977E-2
1.120208866E2,4.690387752E-3,1.264949329E-3,1.900800504E-2
1.120308946E2,-5.479797255E-3,-5.912531633E-3,1.463792380E-2
1.120409026E2,-1.420910656E-2,-1.075389236E-2,1.260992605E-2
1.120509106E2,-2.273932472E-2,-1.294778846E-2,1.661503501E-2
1.120609176E2,-2.680890076E-2,-1.779847033E-2,1.386532187E-2
1.120709256E2,-3.012577258E-2,-2.368162945E-2,1.317833085E-2
1.120809336E2,-3.501001373E-2,-2.301210910E-2,1.810171641E-2
1.120909416E2,-3.943827376E-2,-1.750599779E-2,1.970436797E-2
1.121009486E2,-3.781294823E-2,-1.563113183E-2,1.956774853E-2
1.121109566E2,-2.560323291E-2,-6.741432007E-3,1.462007035E-2
1.121209646E2,-9.520667605E-3,-2.503010910E-3,1.423204783E-2
1.121309726E2,1.969143515E-3,9.972392581E-4,1.645798422E-2
1.121409796E2,9.206571267E-4,2.395398915E-3,2.097816579E-2
1.121509876E2,-8.026197553E-3,1.122189220E-3,2.580004930E-2
1.121609956E2,-1.978298835E-2,1.105410978E-3,2.250784822E-2
1.121710036E2,-2.359378152E-2,2.324264031E-3,1.555041689E-2
1.121810106E2,-2.371362410E-2,-9.935018606E-4,1.129228901E-2
1.121910186E2,-1.309926808E-2,-8.435992524E-3,7.434575353E-3
1.122010266E2,-1.254593255E-3,-1.037397422E-2,1.219470892E-2
1.122110346E2,1.149216760E-2,-8.467998356E-3,1.887743734E-2
1.122210416E2,2.452301420E-2,-2.577352338E-3,2.423198894E-2
1.122310496E2,2.759276703E-2,5.196995568E-3,2.902455628E-2
1.122410576E2,1.562398858E-2,5.912853405E-3,2.308144607E-2
1.122510656E2,-4.175456241E-3,1.500831451E-3,1.159134321E-2
1.122610736E2,-2.458991855E-2,3.035078757E-3,3.908306826E-5
1.122710806E2,-3.773501515E-2,-7.389332633E-3,-1.517795213E-2
1.122810886E2,-3.786018491E-2,-1.157395728E-2,-2.080840804E-2
1.122910966E2,-2.079464681E-2,-7.163496222E-3,-1.943501644E-2
1.123011046E2,-9.873862145E-4,-2.762622666E-3,-1.423972100E-2
1.123111116E2,1.481240522E-2,4.883437417E-3,1.151761273E-3
1.123211196E2,2.112969011E-2,1.119273249E-2,1.230721083E-2
1.123311276E2,2.472994290E-2,1.118213590E-2,1.563743502E-2
1.123411356E2,2.589640580E-2,1.004017238E-2,1.899115369E-2
1.123511426E2,2.169681340E-2,5.549815018E-3,1.749537885E-2
1.123611506E2,1.106121484E-2,9.119198658E-4,1.599602029E-2
1.123711586E2,-6.115550175E-3,-1.301464159E-2,1.567987539E-2
1.123811666E2,-3.442122415E-2,-2.904580906E-2,1.136395708E-2
1.123911736E2,-5.679080635E-2,-3.990460560E-2,3.719248110E-3
1.124011816E2,-6.563330442E-2,-3.332925960E-2,-6.652166136E-3
1.124111896E2,-5.487363413E-2,-2.017341554E-2,-8.795573376E-3
1.124211976E2,-3.429219499E-2,-1.257381961E-2,-1.321721915E-2
1.124312046E2,-4.666556604E-3,3.195699072E-3,-1.089151297E-2
1.124412126E2,2.375256829E-2,1.360892504E-2,-1.507065608E-3
1.124512206E2,4.155683890E-2,2.066330612E-2,3.192037344E-3
1.124612286E2,4.914764687E-2,1.179391332E-2,2.565129194E-3
1.124712356E2,5.008268356E-2,-5.775226280E-3,1.517727505E-4
1.124812436E2,4.094777256E-2,-2.297125757E-2,-5.619563628E-3
1.124912516E2,2.354175411E-2,-3.514583036E-2,-5.013095215E-3
1.125012596E2,7.263979875E-3,-3.594318032E-2,-8.115144446E-3
1.125112666E2,-8.491121233E-3,-3.750473261E-2,-1.807312481E-2
1.125212746E2,-1.966680959E-2,-3.213819489E-2,-3.112048283E-2
1.125312826E2,-1.825140417E-2,-2.084835619E-2,-3.859385103E-2
1.125412906E2,-1.223345939E-2,-1.570206508E-2,-4.816338792E-2
1.125512976E2,-5.173323676E-3,-1.132593211E-2,-5.190076679E-2
1.125613056E2,-3.418300534E-3,-1.040128153E-2,-5.532612652E-2
1.125713136E2,-2.730939072E-3,-7.171532605E-3,-5.469349027E-2
1.125813216E2,1.477388083E-3,-4.865235183E-3,-5.461838841E-2
1.125913286E2,6.791973487E-3,-5.826323759E-3,-5.707533285E-2
1.126013366E2,1.387757994E-2,-4.772777203E-3,-5.283345282E-2
1.126113446E2,1.696222648E-2,-3.230307717E-3,-4.042908549E-2
1.126213526E2,1.221434213E-2,-5.037528928E-3,-2.721847594E-2
1.126313596E2,9.828418493E-3,-1.388295554E-2,-1.613759622E-2
1.126413676E2,6.352992728E-3,-2.264981531E-2,-9.590215050E-3
1.126513756E2,1.452620723E-3,-2.084633335E-2,-2.534148749E-3
1.126613836E2,-1.216385514E-2,-1.464782469E-2,6.344031077E-3
1.126713906E2,-2.871677093E-2,-1.187804434E-2,6.032878999E-3
1.126813986E2,-3.765860200E-2,-1.241120789E-2,3.519653808E-3
1.126914066E2,-3.431340680E-2,-1.106697693E-2,2.920352854E-4
1.127014146E2,-2.320802212E-2,-1.229069941E-2,-3.972484730E-3
1.127114226E2,-1.398186292E-2,-1.645777375E-2,-1.050301944E-3
1.127214296E2,-3.692207392E-3,-1.220976561E-2,8.227352053E-3
1.127314376E2,1.899844967E-3,-5.906067323E-3,1.512452867E-2
1.127414456E2,-1.849086839E-3,-4.303909373E-3,1.737916283E-2
1.127514536E2,-6.575361826E-3,-6.065681577E-3,1.460424252E-2
1.127614606E2,-1.001723111E-2,-1.218828838E-2,8.466188796E-3
1.127714686E2,-1.223387755E-2,-1.834433898E-2,1.143857604E-3
1.127814766E2,-1.094064675E-2,-1.531525981E-2,3.453084501E-3
1.127914846E2,-6.372316740E-3,-1.092835981E-2,8.588448167E-3
1.128014916E2,-4.019414075E-3,-1.441283990E-2,8.045429364E-3
1.128114996E2,-3.185350681E-3,-1.935703494E-2,3.992136568E-3
1.128215076E2,-6.218158640E-3,-1.749521866E-2,-3.472703975E-3
1.128315156E2,-1.005007979E-2,-2.270461619E-2,-9.966185316E-3
1.128415226E2,-1.519317646E-2,-2.740083449E-2,-1.968432777E-2
1.128515306E2,-1.768538542E-2,-2.692672983E-2,-2.738903277E-2
1.128615386E2,-1.707072929E-2,-2.071650326E-2,-3.251508251E-2
1.128715466E2,-6.736179348E-3,-9.470893070E-3,-3.558240086E-2
1.128815536E2,6.931429263E-3,-5.040725227E-3,-3.596989065E-2
1.128915616E2,1.911677979E-2,-1.774892211E-3,-2.989241295E-2
1.129015696E2,2.647615783E-2,3.118133405E-3,-1.452970132E-2
1.129115776E2,2.450964041E-2,1.000748947E-3,-4.572237842E-3
1.129215846E2,1.931514591E-2,-6.881941110E-3,-4.387452500E-4
1.129315926E2,1.289787889E-2,-1.030861214E-2,4.265710246E-3
1.129416006E2,6.154488306E-3,-9.489422664E-3,9.178177454E-3
1.129516086E2,-5.245571956E-3,-8.783219382E-3,1.447806787E-2
1.129616153E2,-2.088152431E-2,-1.208953373E-2,1.246817969E-2
1.129716233E2,-3.156732395E-2,-1.522747055E-2,1.203974336E-2
1.129816313E2,-4.086655006E-2,-1.496381685E-2,1.005915087E-2
1.129916393E2,-3.800150007E-2,-1.368794404E-2,6.650218740E-3
1.130016463E2,-2.790226229E-2,-9.510776028E-3,5.928502418E-3
1.130116543E2,-7.875708863E-3,-3.204567358E-3,5.865803920E-3
1.130216623E2,1.121675875E-2,-3.806974739E-3,4.140608013E-3
1.130316703E2,2.136694081E-2,-9.379693307E-3,-6.602160283E-4
1.130416773E2,2.756864391E-2,-1.687809080E-2,-8.959957398E-3
1.130516853E2,3.142994270E-2,-1.920204982E-2,-1.723284833E-2
1.130616933E2,3.494637832E-2,-1.312258653E-2,-2.368835174E-2
1.130717013E2,3.873980790E-2,-4.851520993E-3,-2.426541038E-2
1.130817083E2,4.263334721E-2,-4.251510836E-3,-2.274660952E-2
1.130917163E2,4.899835587E-2,-3.016780503E-2,-2.052965201E-2
1.131017243E2,5.419418216E-2,-4.723253846E-2,-1.985560544E-2
1.131117323E2,4.021624476E-2,-4.197274148E-2,-2.476520091E-2
1.131217393E2,1.937407814E-2,-2.583292127E-2,-3.494593129E-2
1.131317473E2,-1.322145574E-3,-1.043945178E-2,-3.266080469E-2
1.131417553E2,-1.416523941E-2,2.933079610E-3,-3.438014165E-2
1.131517633E2,-2.249283157E-2,3.010827117E-3,-2.884767391E-2
1.131617703E2,-2.013247274E-2,-1.340512186E-3,-2.846764028E-2
1.131717783E2,-1.590240002E-2,-7.898976095E-3,-1.984456368E-2
1.131817863E2,-1.168342121E-2,-8.043319918E-3,-1.481305249E-2
1.131917943E2,-9.363941848E-3,-7.488780655E-3,-1.085765846E-2
1.132018023E2,-4.394216929E-3,-4.307634197E-3,-1.003633998E-2
1.132118093E2,4.356953315E-3,1.675764099E-3,-9.163842537E-3
1.132218173E2,1.229370665E-2,5.683288909E-3,-5.384817254E-3
1.132318253E2,1.748104393E-2,1.666368917E-5,-5.653033499E-3
1.132418333E2,2.060093731E-2,-7.711296901E-3,4.621165572E-4
1.132518403E2,2.374272607E-2,-2.067464590E-2,7.055385504E-4
1.132618483E2,2.952285111E-2,-2.618818730E-2,2.096241340E-3
1.132718563E2,3.072918579E-2,-2.337569743E-2,5.822080187E-3
1.132818643E2,2.764018625E-2,-1.372493338E-2,2.712040441E-3
1.132918713E2,2.254864387E-2,-4.369901028E-3,2.977320692E-4
1.133018793E2,2.320404723E-2,8.823070675E-5,-2.650120994E-3
1.133118873E2,2.260782383E-2,4.155264236E-3,-2.034655539E-3
1.133218953E2,2.582998201E-2,-3.676559776E-3,-1.479652710E-3
1.133319023E2,2.857556567E-2,-9.256474674E-3,-1.757751685E-3
1.133419103E2,3.213621303E-2,-1.155291870E-2,-1.564139966E-3
1.133519183E2,3.220978752E-2,-1.011633128E-2,-1.702433918E-3
1.133619263E2,3.481835499E-2,-2.628587652E-3,-1.703499118E-3
1.133719333E2,3.881775960E-2,1.238744147E-2,1.952554565E-3
1.133819413E2,3.915731236E-2,2.580151707E-2,1.103100460E-2
1.133919493E2,3.367700428E-2,3.074409254E-2,1.590710878E-2
1.134019573E2,2.478737198E-2,2.451655641E-2,1.264180802E-2
1.134119643E2,5.325091071E-3,1.351171918E-2,8.258213289E-3
1.134219723E2,-1.840979978E-2,1.062240917E-3,-4.543335643E-3
1.134319803E2,-3.468612954E-2,-2.279374283E-3,-1.645922847E-2
1.134419883E2,-4.016744718E-2,3.864499740E-4,-2.260953188E-2
1.134519953E2,-3.566094488E-2,-2.849042416E-3,-2.220350690E-2
1.134620033E2,-1.660522819E-2,3.367308527E-3,-1.225526817E-2
1.134720113E2,8.210015483E-3,3.899769625E-3,6.244408432E-3
1.134820193E2,3.243705630E-2,-1.458510291E-3,1.862571016E-2
1.134920263E2,4.955141991E-2,-8.205857128E-3,2.571142279E-2
1.135020343E2,5.721865967E-2,-1.290500537E-2,2.960043587E-2
1.135120423E2,5.327195674E-2,-1.194718108E-2,2.876044810E-2
1.135220503E2,4.719249159E-2,-1.051120460E-2,2.592391521E-2
1.135320573E2,3.074651584E-2,-6.256146356E-3,2.425026894E-2
1.135420653E2,7.408970967E-3,-1.287752762E-3,1.861528680E-2
1.135520733E2,-1.450245362E-2,6.826899014E-3,1.698303595E-2
1.135620813E2,-2.961749211E-2,3.575978335E-3,1.345834229E-2
1.135720883E2,-3.756647184E-2,2.542208880E-3,8.365091868E-3
1.135820963E2,-2.672394179E-2,-2.514867578E-3,9.027953260E-3
1.135921043E2,-4.816764500E-3,-1.087447628E-3,9.751982987E-3
1.136021123E2,2.217597142E-2,1.112767309E-2,1.322714146E-2
1.136121203E2,4.660605639E-2,1.969238371E-2,1.516833995E-2
1.136221273E2,6.291791797E-2,2.330149896E-2,1.779501513E-2
1.136321353E2,6.768667698E-2,1.706959121E-2,1.850045845E-2
1.136421433E2,6.395239383E-2,1.035309955E-2,1.984189264E-2
1.136521513E2,5.851472914E-2,7.128589787E-3,1.926646754E-2
1.136621583E2,4.927276075E-2,4.738935269E-3,1.876712590E-2
1.136721663E2,4.234726727E-2,8.346314542E-3,1.666323841E-2
1.136821743E2,3.251354396E-2,1.797337644E-2,1.380433515E-2
1.136921823E2,2.194908820E-2,2.234858833E-2,1.415143907E-2
1.137021893E2,1.544884499E-2,2.571855299E-2,1.847454906E-2
1.137121973E2,1.343945693E-2,2.537215687E-2,2.132616378E-2
1.137222053E2,1.892823167E-2,2.652503923E-2,2.202151529E-2
1.137322133E2,2.892550454E-2,3.272253275E-2,2.469715662E-2
1.137422203E2,2.542584389E-2,3.383759782E-2,2.661170438E-2
1.137522283E2,1.922134496E-2,3.494288027E-2,2.557739802E-2
1.137622363E2,5.760397762E-3,2.665086091E-2,2.139011025E-2
1.137722443E2,-1.458880724E-3,1.928770542E-2,1.887227222E-2
1.137822513E2,3.991011996E-3,1.237680390E-2,1.893752068E-2
1.137922593E2,1.337905508E-2,9.097984992E-3,1.919058710E-2
1.138022673E2,2.874709107E-2,1.359526441E-2,2.159355767E-2
1.138122753E2,3.609400988E-2,1.917524450E-2,2.152672224E-2
1.138222823E2,3.653396294E-2,2.590984665E-2,2.153444476E-2
1.138322903E2,3.366579860E-2,3.501851484E-2,2.185909264E-2
1.138422983E2,2.860658988E-2,4.404582828E-2,1.898580976E-2
1.138523063E2,2.209584601E-2,4.738146067E-2,8.404519409E-3
1.138623133E2,2.423037030E-2,5.896328017E-2,2.063000109E-3
1.138723213E2,2.565640211E-2,5.712166056E-2,-1.345686964E-3
1.138823293E2,2.914993651E-2,4.967759177E-2,-5.512202624E-3
1.138923373E2,3.442694992E-2,3.989391774E-2,-1.010265294E-2
1.139023443E2,3.860784695E-2,3.458703309E-2,-1.458501909E-2
1.139123523E2,3.471434116E-2,2.284532785E-2,-2.385219373E-2
1.139223603E2,2.717413381E-2,2.100588195E-2,-3.402786329E-2
1.139323683E2,1.801282167E-2,3.003276326E-2,-3.584023938E-2
1.139423753E2,1.087048929E-2,3.679160029E-2,-3.488043696E-2
1.139523833E2,8.908140473E-3,3.941833973E-2,-3.306249902E-2
1.139623915E2,1.077235304E-2,4.309456795E-2,-3.137325495E-2
1.139723995E2,7.019141223E-3,4.443245381E-2,-3.046543151E-2
1.139824065E2,4.905390088E-3,5.203604326E-2,-2.653593570E-2
1.139924145E2,1.796798315E-3,5.039977282E-2,-2.385091782E-2
1.140024225E2,8.567023906E-4,4.256741703E-2,-2.635934949E-2
1.140124305E2,-4.243995529E-3,3.434091061E-2,-2.934327722E-2
1.140224375E2,-1.219699346E-2,2.708059922E-2,-3.448371217E-2
1.140324455E2,-2.153299004E-2,1.095600706E-2,-4.221637920E-2
1.140424535E2,-2.932513133E-2,-9.665913880E-3,-5.526453629E-2
1.140524615E2,-2.382680960E-2,-1.520918868E-2,-6.485068053E-2
1.140624695E2,-9.326162748E-3,-5.444975570E-3,-6.847950816E-2
1.140724765E2,3.404778894E-3,8.293800056E-4,-6.362851709E-2
1.140824845E2,1.080889907E-2,8.316591382E-3,-5.678925663E-2
1.140924925E2,1.348875836E-2,8.836908266E-3,-5.191878974E-2
1.141025005E2,1.499903761E-2,4.034430720E-3,-5.231879652E-2
1.141125075E2,2.108182944E-2,3.852871247E-3,-4.939910769E-2
1.141225155E2,2.406883053E-2,4.164727405E-3,-4.594844952E-2
1.141325235E2,2.545736730E-2,3.490370698E-3,-4.701127857E-2
1.141425315E2,2.258967422E-2,1.574447379E-5,-4.928055778E-2
1.141525385E2,1.056620572E-2,-7.530746516E-3,-4.619339108E-2
1.141625465E2,-3.783439286E-3,-1.172815450E-2,-4.613746703E-2
1.141725545E2,-9.037206881E-3,-1.376776397E-2,-4.672321305E-2
1.141825625E2,-9.637749754E-3,-9.561834857E-3,-4.889155924E-2
1.141925695E2,-5.825798493E-3,3.843301674E-3,-4.842068255E-2
1.142025775E2,1.904559205E-3,1.363414712E-2,-4.459904507E-2
1.142125855E2,9.949950501E-3,1.729870215E-2,-4.577847198E-2
1.142225935E2,1.412525401E-2,1.383712608E-2,-4.934763908E-2
1.142326005E2,2.057497390E-2,1.215621736E-2,-5.112244561E-2
1.142426085E2,2.501259930E-2,1.165740751E-2,-4.809043929E-2
1.142526165E2,2.956959233E-2,1.498048101E-2,-4.007950798E-2
1.142626245E2,3.475849703E-2,1.009384729E-2,-3.384078667E-2
1.142726315E2,3.883098438E-2,-1.412561163E-3,-3.327850997E-2
1.142826395E2,4.037934542E-2,-1.223990880E-2,-2.912770584E-2
1.142926475E2,3.787397221E-2,-1.102463342E-2,-2.983071283E-2
1.143026555E2,3.365951777E-2,4.982829560E-3,-3.448538482E-2
1.143126625E2,2.879647352E-2,2.704580873E-2,-3.630940616E-2
1.143226705E2,1.961629093E-2,4.360214621E-2,-3.475944325E-2
1.143326785E2,1.018472575E-2,4.985786974E-2,-3.280290216E-2
1.143426865E2,1.089152880E-2,4.565753043E-2,-2.662463859E-2
1.143526935E2,1.652896404E-2,3.868176788E-2,-1.893555000E-2
1.143627015E2,2.707454935E-2,2.957562171E-2,-1.328884903E-2
1.143727095E2,3.297138214E-2,2.199611999E-2,-3.416768508E-3
1.143827175E2,2.479254454E-2,1.461170707E-2,-9.341696859E-4
1.143927245E2,9.946833365E-3,1.278777234E-2,-7.323786267E-4
1.144027325E2,-5.123994313E-3,1.393106766E-2,1.158465631E-3
1.144127405E2,-9.645608254E-3,2.044154704E-2,2.901800442E-3
1.144227485E2,-3.196763340E-3,3.002279997E-2,2.636549529E-3
1.144327565E2,4.216943868E-3,3.180112690E-2,5.070012528E-3
1.144427635E2,6.811128929E-3,3.333963454E-2,7.909208536E-3
1.144527715E2,8.356924169E-3,3.224323690E-2,1.006354392E-2
1.144627795E2,8.148398250E-3,2.824130468E-2,1.061242074E-2
1.144727875E2,5.423757248E-3,2.448854782E-2,2.559649525E-3
1.144827945E2,-5.200391170E-3,1.978327520E-2,-3.832469694E-3
1.144928025E2,-1.572809741E-2,1.994284429E-2,-1.637519710E-2
1.145028105E2,-2.845694125E-2,1.934789494E-2,-2.045729011E-2
1.145128185E2,-2.808139473E-2,2.229790203E-2,-2.606408298E-2
1.145228255E2,-1.076072734E-2,2.208777890E-2,-2.575701848E-2
1.145328335E2,1.172076259E-2,3.030072711E-2,-2.158972435E-2
1.145428415E2,2.510474622E-2,3.618924320E-2,-1.788739674E-2
1.145528495E2,2.137983963E-2,3.233283758E-2,-1.595499739E-2
1.145628565E2,1.106009074E-2,2.569863945E-2,-1.516244002E-2
1.145728645E2,1.842531608E-3,2.417261153E-2,-1.111320965E-2
1.145828725E2,-9.525970556E-3,2.929440141E-2,-4.779946059E-3
1.145928805E2,-1.855804771E-2,2.703156881E-2,1.820395584E-3
1.146028875E2,-2.533153258E-2,2.146849222E-2,1.111456193E-2
1.146128955E2,-3.387000412E-2,1.895260811E-2,1.658094302E-2
1.146229035E2,-4.148025066E-2,1.416610740E-2,1.788136549E-2
1.146329115E2,-4.319084436E-2,9.148157202E-3,9.373672307E-3
1.146429185E2,-4.073940217E-2,1.625260338E-3,-7.853251882E-3
1.146529265E2,-3.488409892E-2,5.217208527E-4,-1.901224069E-2
1.146629345E2,-2.752605267E-2,9.147699922E-3,-1.497834921E-2
1.146729425E2,-1.717834175E-2,1.836969331E-2,-4.649279639E-3
1.146829495E2,4.616396036E-4,1.785117760E-2,5.962884985E-3
1.146929575E2,2.414402738E-2,8.600646630E-3,1.394308545E-2
1.147029655E2,4.753750190E-2,8.804090321E-4,1.502619311E-2
1.147129735E2,6.060510129E-2,-1.726027112E-3,1.061093807E-2
1.147229815E2,6.062667072E-2,8.662697859E-3,4.629745148E-3
1.147329885E2,4.416004196E-2,2.660837397E-2,-9.546489455E-3
1.147429965E2,1.861207001E-2,3.576698527E-2,-2.124628983E-2
1.147530045E2,5.488994066E-4,3.626942635E-2,-2.571192570E-2
1.147630125E2,-7.521810010E-3,2.877316065E-2,-2.987977304E-2
1.147730195E2,-6.314896164E-4,2.581324615E-2,-2.975239605E-2
1.147830275E2,1.067389548E-2,2.863406762E-2,-3.465794027E-2
1.147930355E2,1.991318166E-2,4.018530995E-2,-4.006779939E-2
1.148030435E2,2.273187041E-2,5.613897368E-2,-4.483113065E-2
1.148130505E2,2.528291009E-2,6.714569777E-2,-4.390022159E-2
1.148230585E2,2.529249713E-2,7.495168597E-2,-4.137474298E-2
1.148330665E2,2.122590505E-2,7.422344387E-2,-4.434895515E-2
1.148430745E2,1.408703718E-2,7.379547507E-2,-5.325003713E-2
1.148530815E2,-2.335231286E-3,7.701601088E-2,-6.927692145E-2
1.148630895E2,-2.431856096E-2,8.560603857E-2,-7.810556889E-2
1.148730975E2,-4.917456582E-2,9.275563061E-2,-8.228573948E-2
1.148831055E2,-7.677370310E-2,9.004852921E-2,-8.715905994E-2
1.148931125E2,-1.006864905E-1,8.255825937E-2,-9.057682753E-2
1.149031205E2,-1.120225042E-1,7.408674061E-2,-8.992088586E-2
1.149131285E2,-1.100037917E-1,6.217459589E-2,-8.952398598E-2
1.149231365E2,-9.850639105E-2,5.959638953E-2,-8.541099727E-2
1.149331435E2,-8.698561043E-2,5.362226069E-2,-7.293889672E-2
1.149431515E2,-8.897046745E-2,3.631357849E-2,-6.221274287E-2
1.149531595E2,-9.643369168E-2,1.563501544E-2,-4.284512624E-2
1.149631675E2,-9.751040488E-2,-6.690530572E-3,-3.337385878E-2
1.149731745E2,-8.663941920E-2,-1.596262865E-2,-2.500616945E-2
1.149831825E2,-5.687859654E-2,-9.107118472E-3,-1.918662898E-2
1.149931905E2,-2.102845162E-2,1.107205171E-2,-6.843277253E-3
1.150031985E2,1.332419366E-2,3.362130374E-2,6.431249436E-3
1.150132055E2,3.658083454E-2,4.598022997E-2,7.130472921E-3
1.150232135E2,4.611122236E-2,4.613735527E-2,2.544242889E-3
1.150332215E2,5.499687791E-2,4.597325623E-2,-1.029272331E-3
1.150432295E2,5.337820947E-2,4.554102570E-2,6.829449907E-3
1.150532365E2,4.367158189E-2,4.791721702E-2,1.772338524E-2
1.150632445E2,3.040664084E-2,4.511584342E-2,2.449926548E-2
1.150732525E2,1.119269710E-2,3.085483424E-2,2.657177486E-2
1.150832605E2,-6.162324920E-3,2.111405693E-2,2.563940175E-2
1.150932685E2,-2.125771344E-2,1.466869004E-2,2.529251762E-2
1.151032755E2,-2.684236132E-2,1.433393080E-2,3.117730469E-2
1.151132835E2,-2.495784871E-2,1.740879938E-2,3.874987736E-2
1.151232915E2,-1.129077468E-2,2.185095288E-2,4.775349051E-2
1.151332995E2,6.972383242E-3,1.851495169E-2,5.442298204E-2
1.151433065E2,2.104612440E-2,9.667398408E-3,5.646828935E-2
1.151533145E2,2.022996172E-2,8.703349158E-4,4.776478559E-2
1.151633225E2,8.564783260E-3,-7.635145448E-4,4.369787127E-2
1.151733305E2,-8.721089922E-3,9.511729702E-3,4.670926556E-2
1.151833375E2,-2.597277984E-2,1.964132860E-2,5.922905356E-2
1.151933455E2,-3.843165934E-2,2.114021778E-2,7.514111698E-2
1.152033535E2,-4.011531174E-2,7.655302528E-3,8.517511189E-2
1.152133615E2,-3.130138293E-2,-1.321624778E-2,9.663929045E-2
1.152233685E2,-1.480682846E-2,-2.695309743E-2,1.098946482E-1
1.152333765E2,-2.615586389E-3,-3.242185712E-2,1.278830767E-1
1.152433845E2,-4.229461774E-3,-3.263011575E-2,1.384555548E-1
1.152533925E2,-1.152285095E-2,-3.165445849E-2,1.430455148E-1
1.152633995E2,-2.446980961E-2,-3.198202699E-2,1.389985681E-1
1.152734075E2,-3.254492953E-2,-2.417832427E-2,1.370162517E-1
1.152834155E2,-3.962094709E-2,-1.531825215E-2,1.337291151E-1
1.152934235E2,-4.620993510E-2,-1.173655316E-2,1.313137561E-1
1.153034305E2,-4.654922336E-2,-4.475975875E-3,1.301195920E-1
1.153134385E2,-3.744200990E-2,-3.353720065E-3,1.270689368E-1
1.153234465E2,-1.714818925E-2,4.464522004E-3,1.198786795E-1
1.153334545E2,5.592524540E-3,1.927720383E-2,1.128047407E-1
1.153434615E2,2.002738975E-2,2.677959390E-2,1.018437073E-1
1.153534695E2,2.638987079E-2,4.212611541E-2,1.100874618E-1
1.153634775E2,2.154744603E-2,3.844882175E-2,9.545445442E-2
1.153734855E2,9.263026528E-3,4.164688662E-2,8.565960824E-2
1.153834925E2,-9.909069166E-3,3.892007470E-2,6.768460572E-2
1.153935005E2,-3.606916964E-2,4.329305515E-2,4.438414052E-2
1.154035085E2,-6.030180305E-2,5.076322332E-2,2.126470394E-2
1.154135165E2,-7.440458983E-2,6.516192108E-2,7.887998596E-3
1.154235245E2,-8.415575325E-2,7.413623482E-2,-7.427840959E-3
1.154335315E2,-9.605400264E-2,6.756804138E-2,-1.232855208E-2
1.154435395E2,-1.052805185E-1,5.232011899E-2,-9.654471651E-3
1.154535475E2,-1.036369354E-1,2.633114159E-2,-2.417085459E-3
1.154635555E2,-9.074350446E-2,4.672982730E-3,2.701510210E-3
1.154735625E2,-7.206447423E-2,-1.390076708E-3,5.855873693E-3
1.154835705E2,-5.426949635E-2,-1.326692756E-3,6.768539082E-3
1.154935785E2,-4.303274304E-2,1.292262785E-2,-7.757393178E-4
1.155035865E2,-3.818286210E-2,2.299416997E-2,-1.123397239E-2
1.155135935E2,-4.146461934E-2,2.789397724E-2,-1.965061948E-2
1.155236015E2,-4.719574004E-2,2.447527833E-2,-2.205998078E-2
1.155336095E2,-4.869365320E-2,2.068078518E-2,-2.308368124E-2
1.155436175E2,-4.155425355E-2,1.449079998E-2,-2.216009609E-2
1.155536245E2,-3.605064005E-2,1.564014517E-2,-2.055280283E-2
1.155636325E2,-3.401971608E-2,1.448779553E-2,-1.849204861E-2
1.155736405E2,-3.382555395E-2,1.705556735E-2,-1.664203592E-2
1.155836485E2,-2.121228911E-2,3.102677688E-2,-1.718478836E-2
1.155936555E2,-6.264648400E-3,4.490874708E-2,-1.010182686E-2
1.156036635E2,2.131765941E-3,5.996998772E-2,-9.141868213E-4
1.156136715E2,6.391662173E-3,6.905693561E-2,9.195335209E-3
1.156236795E2,8.657745086E-3,6.958024949E-2,1.416745689E-2
1.156336865E2,2.374487557E-2,8.051943779E-2,1.413404383E-2
1.156436945E2,4.398809746E-2,9.048631787E-2,1.605311781E-2
1.156537025E2,6.165812910E-2,1.012302712E-1,1.996001229E-2
1.156637105E2,7.627835870E-2,1.101254970E-1,2.325034700E-2
1.156737175E2,7.923809439E-2,1.131454930E-1,2.721755393E-2
1.156837255E2,7.507131249E-2,1.021431759E-1,2.659517340E-2
1.156937335E2,6.160481274E-2,8.994659781E-2,1.697246917E-2
1.157037415E2,4.766130075E-2,8.585146070E-2,1.108315494E-2
1.157137495E2,3.156445175E-2,7.748329639E-2,-6.953697884E-4
1.157237565E2,2.079888992E-2,7.257269323E-2,-7.772986777E-3
1.157337645E2,1.556484308E-2,7.481142133E-2,-1.112717111E-2
1.157437725E2,1.461356226E-2,7.335253805E-2,-1.104461309E-2
1.157537805E2,1.166154444E-2,6.183852255E-2,-9.310125373E-3
1.157637875E2,2.268841956E-3,4.833922535E-2,-8.641405031E-3
1.157737955E2,-4.972236697E-3,3.444989771E-2,-1.686017378E-3
1.157838035E2,-1.573939621E-2,2.078708261E-2,-3.166468814E-3
1.157938115E2,-8.744280785E-3,2.599688433E-2,-3.341428703E-3
1.158038185E2,-3.476282116E-3,4.537963867E-2,-2.295339014E-3
1.158138265E2,1.018334762E-3,5.336778983E-2,8.534671739E-3
1.158238345E2,7.715918124E-3,6.033621728E-2,1.799475402E-2
1.158338425E2,8.724537678E-3,5.866581574E-2,1.870001294E-2
1.158438495E2,8.910160512E-3,4.314597696E-2,2.271366306E-2
1.158538575E2,5.424801260E-3,2.797880955E-2,1.049395930E-2
1.158638655E2,2.632742980E-3,2.297819220E-2,-4.082586616E-3
1.158738735E2,3.012795001E-3,2.375498787E-2,-6.944505498E-3
1.158838805E2,4.479398020E-3,3.711153939E-2,1.929413760E-3
1.158938885E2,1.253513899E-2,5.225587636E-2,1.416569576E-2
1.159038965E2,2.531165257E-2,6.178519875E-2,2.719920687E-2
1.159139045E2,3.953641281E-2,6.024317816E-2,4.214371741E-2
1.159239115E2,4.806199297E-2,4.803951085E-2,4.977979884E-2
1.159339195E2,5.172081292E-2,2.708733268E-2,5.148651451E-2
1.159439275E2,4.667012766E-2,6.859292742E-3,5.805093795E-2
1.159539355E2,2.923974395E-2,-7.443363313E-3,5.822151154E-2
1.159639435E2,8.187722415E-3,-6.595412735E-3,5.329972506E-2
1.159739505E2,-1.276196260E-2,3.056105925E-3,4.663788527E-2
1.159839585E2,-2.879366092E-2,1.858393289E-2,3.564115986E-2
1.159939665E2,-3.115558065E-2,3.774009272E-2,3.011453152E-2
1.160039745E2,-2.015938796E-2,4.945906624E-2,2.355783060E-2
1.160139815E2,3.514174139E-3,4.383319244E-2,1.816114224E-2
1.160239895E2,3.045977280E-2,2.942043170E-2,1.306411810E-2
1.160339975E2,4.446030036E-2,1.062363852E-2,5.674956366E-3
1.160440055E2,4.136703908E-2,6.254190579E-3,1.626152080E-3
1.160540125E2,2.485650033E-2,1.713429205E-2,-6.115919910E-3
1.160640205E2,-3.913331311E-4,2.469527349E-2,-1.555842347E-2
1.160740285E2,-2.806646563E-2,2.524505369E-2,-2.585843764E-2
1.160840365E2,-5.073822290E-2,2.123140544E-2,-2.991443127E-2
1.160940435E2,-5.829638243E-2,2.078547142E-2,-3.271330148E-2
1.161040515E2,-5.255780369E-2,1.433849148E-2,-2.979500778E-2
1.161140595E2,-3.996588662E-2,1.814274117E-3,-2.522192337E-2
1.161240675E2,-3.334952891E-2,-6.833276246E-3,-2.028921619E-2
1.161340745E2,-3.265136480E-2,-3.078995273E-3,-1.257032808E-2
1.161440825E2,-4.157375172E-2,3.229267895E-4,-1.137962937E-2
1.161540905E2,-5.301247910E-2,8.467593230E-3,-1.291382220E-2
1.161640985E2,-6.075774878E-2,1.402694173E-2,-1.513436623E-2
1.161741055E2,-6.016130000E-2,1.041248068E-2,-1.284282003E-2
1.161841135E2,-4.935126007E-2,4.976969212E-3,-9.777787142E-3
1.161941215E2,-3.332705423E-2,-5.771182477E-4,1.657328103E-3
1.162041295E2,-1.989380270E-2,-9.279263206E-3,2.934579970E-3
1.162141365E2,-1.189546101E-2,-1.171688735E-2,5.244932137E-3
1.162241445E2,-1.111595333E-2,-4.834481049E-3,7.731792517E-3
1.162341525E2,-1.717887260E-2,8.323451504E-3,1.380562782E-2
1.162441605E2,-2.238854952E-2,1.029046252E-2,1.321893372E-2
1.162541685E2,-2.170310915E-2,6.528624799E-3,1.657237671E-2
1.162641755E2,-1.117030624E-2,1.050502528E-3,2.459568158E-2
1.162741835E2,-5.753126461E-3,1.083812211E-3,3.612180427E-2
1.162841915E2,-2.925914712E-3,4.024474882E-3,5.044747889E-2
1.162941995E2,-1.466758922E-2,7.129215170E-3,6.069624797E-2
1.163042065E2,-3.410786763E-2,3.393599065E-3,6.683829427E-2
1.163142145E2,-5.783368275E-2,-8.818639442E-3,6.436306983E-2
1.163242225E2,-8.115258068E-2,-2.283512242E-2,6.083277985E-2
1.163342305E2,-9.645716101E-2,-3.201523051E-2,5.547575653E-2
1.163442375E2,-9.708673507E-2,-3.113212809E-2,5.195239559E-2
1.163542455E2,-8.731944114E-2,-2.527315170E-2,5.031639710E-2
1.163642535E2,-7.095804811E-2,-1.487936545E-2,5.252655223E-2
1.163742615E2,-5.699232966E-2,-6.298900582E-3,5.727960169E-2
1.163842685E2,-4.738071561E-2,4.235765431E-3,5.453468487E-2
1.163942765E2,-5.063807219E-2,8.375212550E-3,5.041475594E-2
1.164042845E2,-4.972673953E-2,1.002344303E-2,4.968078807E-2
1.164142925E2,-4.849929735E-2,3.920709714E-3,4.574291036E-2
1.164242995E2,-4.429283366E-2,-6.082389504E-3,3.979767114E-2
1.164343075E2,-3.864303604E-2,-7.959406823E-3,3.729046509E-2
1.164443155E2,-3.305545822E-2,3.519616788E-3,3.729978576E-2
1.164543235E2,-3.426236659E-2,4.300767556E-3,3.857620433E-2
1.164643305E2,-3.829039633E-2,6.806802005E-3,3.958394378E-2
1.164743385E2,-3.648293763E-2,7.653215900E-3,4.287977144E-2
1.164843465E2,-3.410446644E-2,-2.183435950E-3,4.739729315E-2
1.164943545E2,-2.556596696E-2,-1.387945749E-2,5.291215330E-2
1.165043615E2,-1.174442563E-2,-2.366923727E-2,5.359445512E-2
1.165143695E2,2.416855888E-3,-2.865354717E-2,5.208465084E-2
1.165243775E2,1.165669318E-2,-2.425320819E-2,5.762802064E-2
1.165343855E2,1.600705087E-2,-2.207801677E-2,6.208487228E-2
1.165443935E2,2.872257680E-2,-2.690925822E-2,6.928340346E-2
1.165544005E2,3.995091468E-2,-1.597557217E-2,7.582220435E-2
1.165644085E2,3.204026073E-2,1.914142631E-4,7.322002947E-2
1.165744165E2,9.297570214E-3,7.015470415E-3,6.335663795E-2
1.165844245E2,-2.286729030E-2,8.718241006E-4,5.003764108E-2
1.165944315E2,-4.873879254E-2,1.491304021E-3,4.035461321E-2
1.166044395E2,-6.002633646E-2,-5.013733171E-3,3.893328458E-2
1.166144475E2,-5.080829933E-2,-7.057007868E-3,4.011768848E-2
1.166244555E2,-2.666913904E-2,-1.109169796E-2,4.054192826E-2
1.166344625E2,-3.978172317E-3,-1.614193618E-2,3.643782809E-2
1.166444705E2,1.925497875E-2,-1.975451410E-2,3.144945949E-2
1.166544785E2,4.937909544E-2,-3.638698161E-2,3.359965608E-2
1.166644865E2,7.158293575E-2,-1.843541116E-2,2.652896568E-2
1.166744935E2,8.025571704E-2,2.044812031E-2,1.908244379E-2
1.166845015E2,6.645920873E-2,2.874067053E-2,9.198918939E-3
1.166945095E2,3.692935407E-2,4.131352529E-2,-9.209993295E-3
1.167045175E2,-9.914315306E-3,4.189329594E-2,-1.969991811E-2
1.167145245E2,-5.391944200E-2,3.349237889E-2,-2.601508982E-2
1.167245325E2,-8.394898474E-2,2.547093853E-2,-2.957626805E-2
1.167345405E2,-9.686496854E-2,2.097479440E-2,-2.045262232E-2
1.167445485E2,-1.003233492E-1,2.124910057E-2,-7.034550887E-3
1.167545555E2,-9.080557525E-2,2.714079060E-2,8.252688684E-3
1.167645635E2,-6.648319215E-2,3.366420418E-2,2.437333576E-2
1.167745715E2,-3.748189658E-2,2.641694248E-2,3.143976629E-2
1.167845795E2,-1.108943950E-2,1.030668244E-2,3.813735023E-2
1.167945875E2,7.193577942E-3,-8.791619912E-3,4.345353693E-2
1.168045945E2,1.808111370E-2,-2.673626691E-2,4.253581166E-2
1.168146025E2,2.084703371E-2,-4.207997024E-2,3.846214339E-2
1.168246105E2,1.355609763E-2,-4.554900527E-2,3.324794024E-2
1.168346185E2,3.336997004E-3,-3.314901143E-2,3.211059049E-2
1.168446255E2,2.646705834E-3,-1.990058646E-2,3.486509621E-2
1.168546335E2,1.240595011E-3,-1.660688408E-2,4.210978746E-2
1.168646415E2,1.093322178E-3,-1.439965703E-2,4.807021096E-2
1.168746495E2,4.140739329E-3,-1.733675972E-2,5.974860862E-2
1.168846565E2,9.847627021E-3,-1.506987773E-2,6.250578165E-2
1.168946645E2,1.594503038E-2,-1.368513983E-2,6.007828191E-2
1.169046725E2,2.286072634E-2,-6.829097867E-3,5.478285253E-2
1.169146805E2,2.536575310E-2,4.774686880E-3,5.359588936E-2
1.169246875E2,2.066873573E-2,1.006825175E-2,4.962777719E-2
1.169346955E2,1.263238024E-2,9.116970934E-3,4.537657648E-2
1.169447035E2,1.577251405E-2,2.151739318E-3,3.786086664E-2
1.169547115E2,2.144902572E-2,-1.160731539E-2,3.451748565E-2
1.169647188E2,3.176584467E-2,-2.088497020E-2,2.781457826E-2
1.169747268E2,4.512437806E-2,-1.861038245E-2,2.488964424E-2
1.169847348E2,6.389220059E-2,-1.793713495E-2,2.510403097E-2
1.169947428E2,8.637294918E-2,-2.568531409E-2,3.054579347E-2
1.170047508E2,1.009833142E-1,-3.416002542E-2,2.992474288E-2
1.170147578E2,1.021687537E-1,-3.200608492E-2,2.090901881E-2
1.170247658E2,9.847228229E-2,-1.542018168E-2,2.136015892E-2
1.170347738E2,9.486949444E-2,-6.483641919E-3,2.414070442E-2
1.170447818E2,8.611435443E-2,2.309849486E-3,2.534871362E-2
1.170547888E2,6.650288403E-2,-4.880140070E-3,2.140791528E-2
1.170647968E2,3.803715110E-2,-9.852528572E-3,1.498144027E-2
1.170748048E2,1.024251990E-2,-9.882039391E-3,1.067785732E-2
1.170848128E2,-1.308304258E-2,-1.093771774E-2,4.798131064E-3
1.170948198E2,-2.284366265E-2,-1.000074390E-2,3.612293396E-3
1.171048278E2,-1.666725986E-2,-5.134082399E-3,5.573445000E-3
1.171148358E2,-3.047209000E-3,5.104290787E-3,7.212241180E-3
1.171248438E2,1.423244551E-2,1.263597608E-2,1.572343707E-2
1.171348508E2,2.437922731E-2,1.888273284E-2,2.288633771E-2
1.171448588E2,2.741443366E-2,2.616274916E-2,2.877192385E-2
1.171548668E2,1.797810569E-2,2.487831376E-2,2.994279563E-2
1.171648748E2,1.190103963E-2,2.335445210E-2,2.693555318E-2
1.171748818E2,8.037152700E-3,1.970928535E-2,2.506944910E-2
1.171848898E2,8.520250209E-3,1.177120022E-2,2.207552269E-2
1.171948978E2,1.217311807E-2,6.933111697E-3,1.836459711E-2
1.172049058E2,1.806243323E-2,3.601763397E-3,8.360434324E-3
1.172149138E2,3.487605602E-2,5.319303833E-3,-5.922698183E-4
1.172249208E2,6.007009372E-2,6.605344359E-3,-5.767324474E-3
1.172349288E2,8.050776273E-2,2.547272947E-3,-1.288385876E-2
1.172449368E2,9.879887849E-2,3.666599514E-3,-1.972738467E-2
1.172549448E2,1.122765541E-1,9.999858215E-3,-2.368871495E-2
1.172649518E2,1.136326417E-1,5.246914923E-3,-2.204234898E-2
1.172749598E2,1.098684818E-1,4.968326539E-3,-1.822786219E-2
1.172849678E2,1.055352539E-1,1.687775366E-4,-1.615911908E-2
1.172949758E2,1.010687649E-1,-1.496492885E-2,-1.865700260E-2
1.173049828E2,9.687295556E-2,-2.316293865E-2,-2.130498365E-2
1.173149908E2,8.505341411E-2,-3.104468249E-2,-2.857251465E-2
1.173249988E2,6.795139611E-2,-2.882386930E-2,-3.722645715E-2
1.173350068E2,5.138154700E-2,-1.839817315E-2,-3.040657565E-2
1.173450138E2,3.868066519E-2,-8.481094614E-3,-2.457984537E-2
1.173550218E2,3.844229132E-2,1.846957486E-3,-1.845768467E-2
1.173650298E2,4.618037120E-2,8.062508889E-3,-1.430421695E-2
1.173750378E2,4.791884497E-2,8.474863134E-3,-1.179241855E-2
1.173850448E2,3.951364383E-2,-4.816707224E-3,-1.055484824E-2
1.173950528E2,2.025357820E-2,-1.985164545E-2,-1.471348386E-2
1.174050608E2,2.248479053E-3,-3.482287005E-2,-1.651564427E-2
1.174150688E2,-8.956914768E-3,-4.333170503E-2,-1.771386340E-2
1.174250768E2,-6.653280463E-3,-4.427526519E-2,-1.862919144E-2
1.174350838E2,2.996455645E-3,-3.936795518E-2,-1.452569850E-2
1.174450918E2,1.264002826E-2,-3.112227470E-2,-1.291901246E-2
1.174550998E2,2.042146586E-2,-2.164675109E-2,-9.267164394E-3
1.174651078E2,1.832049713E-2,-1.641683467E-2,-4.528868478E-3
1.174751148E2,9.846105240E-3,-1.534863655E-2,-9.819258703E-4
1.174851228E2,5.786383059E-3,-1.912153885E-2,2.942609135E-4
1.174951308E2,6.600148976E-3,-2.654112875E-2,-1.264591468E-3
1.175051388E2,1.926774159E-2,-3.530000150E-2,1.172999851E-3
1.175151458E2,4.024788365E-2,-4.243959859E-2,3.127272706E-3
1.175251538E2,5.827348679E-2,-4.498824477E-2,4.669509362E-3
1.175351618E2,6.968274713E-2,-4.631945863E-2,2.465073019E-3
1.175451698E2,6.694927812E-2,-4.028340429E-2,-1.207958558E-3
1.175551768E2,5.838758871E-2,-2.572802827E-2,-3.496258054E-3
1.175651848E2,4.021737352E-2,-1.295337640E-2,-6.326665170E-3
1.175751928E2,2.178816125E-2,2.356684767E-3,-1.220286172E-2
1.175852008E2,7.208951749E-3,1.249853522E-2,-1.524206158E-2
1.175952078E2,-2.527387580E-3,1.383499522E-2,-1.449342072E-2
1.176052158E2,-3.363620024E-3,1.555965841E-2,-1.041265856E-2
1.176152238E2,2.727437764E-3,1.384290028E-2,1.753844321E-3
1.176252318E2,1.419660728E-2,1.170118619E-2,1.012895256E-2
1.176352398E2,2.217720635E-2,3.271988360E-3,1.313635707E-2
1.176452468E2,2.845108137E-2,-9.774038568E-3,1.999985427E-2
1.176552548E2,3.453092650E-2,-1.712931134E-2,2.352949418E-2
1.176652628E2,2.828927524E-2,-2.645969763E-2,2.440381050E-2
1.176752708E2,1.058481447E-2,-2.932411060E-2,2.439891919E-2
1.176852778E2,-6.105216220E-3,-2.010637708E-2,2.313045599E-2
1.176952858E2,-2.263352089E-2,-1.307833940E-2,2.162689343E-2
1.177052938E2,-3.374210000E-2,-1.201547123E-2,1.718660630E-2
1.177153018E2,-2.445896715E-2,-1.777187362E-2,1.474766526E-2
1.177253088E2,-5.396060180E-3,-3.031056747E-2,1.377241500E-2
1.177353168E2,1.519468799E-2,-4.311247915E-2,1.277581044E-2
1.177453248E2,4.182310030E-2,-5.061886460E-2,1.952399500E-2
1.177553328E2,6.509268284E-2,-4.482847452E-2,2.752252296E-2
1.177653398E2,7.785294950E-2,-3.236301616E-2,2.756620012E-2
1.177753478E2,7.591557503E-2,-2.494790591E-2,2.546062693E-2
1.177853558E2,5.097321048E-2,-2.451354451E-2,1.505432557E-2
1.177953638E2,1.499483455E-2,-3.276474401E-2,3.425433999E-3
1.178053708E2,-2.031202428E-2,-3.515280038E-2,-4.793613218E-3
1.178153788E2,-4.668203369E-2,-3.433620185E-2,-4.765727092E-3
1.178253868E2,-6.349031627E-2,-2.888178080E-2,-1.038339920E-2
1.178353948E2,-6.941766292E-2,-1.561374404E-2,-1.388509478E-2
1.178454028E2,-7.017613202E-2,-7.153628394E-5,-1.428004168E-2
1.178554098E2,-6.539162993E-2,1.632599905E-2,-1.495495439E-2
1.178654178E2,-4.953676835E-2,2.752326056E-2,-1.050055120E-2
1.178754258E2,-1.605269872E-2,2.273454145E-2,-7.467093877E-3
1.178854338E2,2.374238335E-2,1.309496164E-2,6.109701470E-3
1.178954408E2,5.919181928E-2,-1.730296761E-3,1.934971102E-2
1.179054488E2,8.158393949E-2,-1.624079421E-2,3.040662408E-2
1.179154568E2,8.857469261E-2,-2.861118317E-2,3.406619281E-2
1.179254648E2,7.608739287E-2,-3.468558565E-2,2.621439658E-2
1.179354718E2,5.238166824E-2,-3.019371629E-2,1.330998074E-2
1.179454798E2,2.935544401E-2,-1.978102326E-2,1.591273118E-3
1.179554878E2,8.633360267E-3,-1.340733841E-2,-8.060332388E-3
1.179654955E2,-6.170352921E-3,-9.591294453E-3,-1.657978445E-2
1.179755025E2,-1.327176299E-2,-8.314749226E-3,-1.701198891E-2
1.179855105E2,-1.297588553E-2,-4.982868675E-3,-1.844823174E-2
1.179955185E2,-9.825671092E-3,-2.704702318E-3,-2.502819896E-2
1.180055265E2,-4.584304523E-3,3.143865615E-3,-3.060192987E-2
1.180155335E2,1.078296918E-3,4.551808815E-3,-3.481470421E-2
1.180255415E2,1.647414407E-3,3.444199916E-3,-3.281547129E-2
1.180355495E2,6.750485860E-3,6.422607694E-3,-2.624484338E-2
1.180455575E2,9.419772774E-3,-2.600448672E-3,-1.841328666E-2
1.180555655E2,1.113688760E-2,-1.525010355E-2,-1.382809412E-2
1.180655725E2,5.709631369E-3,-3.109857440E-2,-8.859967813E-3
1.180755805E2,-1.705829985E-3,-3.371394053E-2,-7.486421615E-3
1.180855885E2,-8.480645716E-3,-2.764646336E-2,-3.514050506E-3
1.180955965E2,-1.459553000E-2,-1.441427879E-2,-4.975326825E-3
1.181056035E2,-1.704457216E-2,-4.364574794E-3,-1.048034709E-2
1.181156115E2,-8.861211129E-3,7.006058004E-3,-1.419119630E-2
1.181256195E2,-9.337796364E-4,1.453321613E-2,-1.480984781E-2
1.181356275E2,1.222687587E-2,1.337059960E-2,-1.606297866E-2
1.181456345E2,2.504333854E-2,4.755273461E-3,-1.234547142E-2
1.181556425E2,3.782499209E-2,-2.208551392E-3,-6.376339123E-3
1.181656505E2,5.334642902E-2,-6.212614477E-3,-5.508947652E-3
1.181756585E2,6.261769682E-2,-1.074093953E-2,-4.051535390E-3
1.181856655E2,5.475497991E-2,-1.410717517E-2,-1.353531890E-2
1.181956735E2,4.183070734E-2,-1.178728975E-2,-2.189643495E-2
1.182056815E2,2.771009505E-2,-1.495236065E-3,-2.356517129E-2
1.182156895E2,1.654702052E-2,4.321130924E-3,-2.871908247E-2
1.182256965E2,1.297385804E-2,7.935572416E-3,-2.591743693E-2
1.182357045E2,1.606325619E-2,3.412001301E-3,-2.005122416E-2
1.182457125E2,1.808912307E-2,-5.845146254E-3,-1.300476678E-2
1.182557205E2,2.219910175E-2,-5.090747029E-3,-6.956384517E-3
1.182657285E2,2.706123330E-2,-5.005225539E-4,-4.419191275E-3
1.182757355E2,2.917266637E-2,7.829288952E-4,-4.446431994E-3
1.182857435E2,3.257645294E-2,3.060464049E-3,-1.122807153E-3
1.182957515E2,2.476690523E-2,-4.601356108E-3,-2.636521123E-3
1.183057595E2,1.199784875E-2,-1.534374803E-2,-8.405460045E-3
1.183157665E2,-6.607143208E-3,-2.240595035E-2,-1.515948586E-2
1.183257745E2,-2.174881101E-2,-2.843721025E-2,-2.434233204E-2
1.183357825E2,-3.449782357E-2,-2.302757092E-2,-2.821237780E-2
1.183457905E2,-3.218753263E-2,-3.364387900E-3,-2.591992915E-2
1.183557975E2,-1.583222486E-2,8.085508831E-3,-2.059111372E-2
1.183658055E2,6.277073175E-3,9.567824192E-3,-1.391377114E-2
1.183758135E2,2.352741361E-2,2.777012996E-4,-5.791044328E-3
1.183858215E2,3.542109206E-2,-1.183675136E-2,1.953694504E-3
1.183958285E2,4.819379747E-2,-2.048384212E-2,1.091237832E-2
1.184058365E2,5.068545416E-2,-2.416060120E-2,2.050402015E-2
1.184158445E2,4.537676647E-2,-2.521175519E-2,2.435908839E-2
1.184258525E2,3.010433353E-2,-2.108971588E-2,2.467786893E-2
1.184358595E2,9.079725482E-3,-1.890574954E-2,2.315449156E-2
1.184458675E2,-1.420482434E-2,-1.965809241E-2,1.438363828E-2
1.184558755E2,-2.978442609E-2,-1.516386680E-2,8.168464527E-3
1.184658835E2,-3.040414490E-2,-1.483336836E-2,7.338357624E-3
1.184758915E2,-1.770541444E-2,-1.782751083E-2,3.908026032E-3
1.184858985E2,-1.003398560E-3,-2.469287440E-2,2.192683751E-3
1.184959065E2,1.925029792E-2,-1.926291175E-2,8.132737130E-4
1.185059145E2,3.195224330E-2,-5.550294649E-3,3.388284007E-3
1.185159225E2,3.900169209E-2,5.468518008E-3,9.052937385E-4
1.185259295E2,4.238177463E-2,1.042838953E-2,-8.047219599E-4
1.185359375E2,3.972660378E-2,5.704474170E-3,-3.997319378E-3
1.185459455E2,3.236163408E-2,-6.875766441E-3,-3.144575283E-3
1.185559535E2,2.515673451E-2,-2.355199680E-2,-4.718322773E-3
1.185659605E2,2.097743563E-2,-3.293564543E-2,-1.039245352E-2
1.185759685E2,2.079767361E-2,-2.958991379E-2,-1.171710994E-2
1.185859765E2,2.461265214E-2,-1.740808412E-2,-8.121309802E-3
1.185959845E2,3.401511535E-2,-2.990833949E-3,-6.611668505E-3
1.186059915E2,3.883756697E-2,3.611675464E-3,1.698049018E-4
1.186159995E2,3.736079857E-2,2.447447274E-3,2.164496575E-3
1.186260075E2,2.916358970E-2,-3.294860944E-3,1.872347668E-3
1.186360155E2,1.507281233E-2,-9.444778785E-3,-1.640043221E-3
1.186460235E2,-3.363186261E-3,-1.152097993E-2,-2.131929155E-3
1.186560305E2,-1.224464457E-2,-7.371163927E-3,2.758646151E-3
1.186660385E2,-2.130312100E-2,-8.239887655E-3,7.849545218E-3
1.186760465E2,-2.240967937E-2,-1.008049399E-2,8.724875748E-3
1.186860545E2,-1.606629603E-2,-5.500123370E-3,1.260057464E-2
1.186960615E2,-1.070858724E-2,2.409828361E-3,2.156068571E-2
1.187060695E2,-5.840595346E-3,5.609349813E-3,2.821752243E-2
1.187160775E2,1.705146744E-3,8.016917855E-4,3.215606511E-2
1.187260855E2,7.994201034E-3,-2.206081990E-3,3.952529654E-2
1.187360925E2,1.443709619E-2,-4.928806331E-3,4.490810633E-2
1.187461005E2,2.210833132E-2,-1.308127493E-2,4.654541612E-2
1.187561085E2,2.587274276E-2,-1.852339134E-2,3.977109492E-2
1.187661165E2,3.195673600E-2,-1.706957072E-2,3.909891471E-2
1.187761235E2,2.992845699E-2,-9.070338681E-3,3.607884049E-2
1.187861315E2,2.185694873E-2,5.194381811E-4,3.830737248E-2
1.187961395E2,1.577610895E-2,2.656075172E-3,4.143849388E-2
1.188061475E2,5.138644949E-3,-1.305643469E-3,4.145633802E-2
1.188161555E2,-7.116670720E-3,-5.837327801E-3,4.214733839E-2
1.188261625E2,-1.686943322E-2,-1.909480989E-2,4.110391438E-2
1.188361705E2,-2.526086010E-2,-2.721793763E-2,3.610270470E-2
1.188461785E2,-3.209799528E-2,-2.835217677E-2,2.878540382E-2
1.188561865E2,-3.985629976E-2,-2.097086236E-2,2.666078135E-2
1.188661935E2,-4.569767788E-2,-1.103807148E-2,2.380640619E-2
1.188762015E2,-4.509469494E-2,-4.515434150E-3,2.019272186E-2
1.188862095E2,-3.802719712E-2,-1.720712986E-3,1.630051248E-2
1.188962175E2,-1.950384676E-2,9.323416278E-3,1.923744567E-2
1.189062245E2,2.276816871E-3,2.364749461E-2,3.329361230E-2
1.189162325E2,2.675508521E-2,3.238057718E-2,4.414210469E-2
1.189262405E2,4.869740084E-2,2.800793014E-2,4.903673008E-2
1.189362485E2,5.974697322E-2,1.207700558E-2,4.656919464E-2
1.189462555E2,5.418575928E-2,-2.994341590E-2,4.532443359E-2
1.189562635E2,5.030296743E-2,-6.649859250E-2,4.568260163E-2
1.189662719E2,3.472879902E-2,-7.514268160E-2,3.875039518E-2
1.189762799E2,1.210671011E-2,-6.677335501E-2,2.665118501E-2
1.189862879E2,-8.418452926E-4,-5.358032882E-2,1.651226543E-2
1.189962949E2,-8.627524599E-3,-3.349362314E-2,1.328132115E-2
1.190063029E2,-4.853825551E-3,-1.102852821E-2,1.255294681E-2
1.190163109E2,6.862338632E-3,7.347523700E-3,1.896817423E-2
1.190263189E2,2.254942246E-2,1.997197233E-2,2.404815517E-2
1.190363259E2,4.375858977E-2,1.576785743E-2,3.114805557E-2
1.190463339E2,6.013809517E-2,2.833150793E-3,3.925685212E-2
1.190563419E2,6.151654571E-2,-1.748156920E-2,3.773685172E-2
1.190663499E2,5.639954656E-2,-2.792648785E-2,3.748038784E-2
1.190763569E2,4.426491633E-2,-2.926634252E-2,3.556651622E-2
1.190863649E2,2.640149742E-2,-1.920785010E-2,3.257738426E-2
1.190963729E2,3.932881169E-3,-2.531254198E-3,2.351170778E-2
1.191063809E2,-1.989575289E-2,1.277792640E-2,1.545005292E-2
1.191163879E2,-2.815841883E-2,2.315372229E-2,9.160474874E-3
1.191263959E2,-2.665639482E-2,2.764354646E-2,4.188619088E-3
1.191364039E2,-1.748241670E-2,2.916120924E-2,8.480269462E-4
1.191464119E2,-1.501819212E-2,1.981138438E-2,-8.745057276E-4
1.191564189E2,-1.217431296E-2,1.402048208E-2,-1.691717305E-3
1.191664269E2,-1.619781740E-2,1.158635318E-2,1.579976059E-3
1.191764349E2,-1.775094308E-2,1.207802072E-2,3.567269770E-3
1.191864429E2,-1.921940967E-2,1.572735049E-2,6.151867099E-3
1.191964509E2,-1.708789542E-2,1.368863694E-2,7.247037254E-3
1.192064579E2,-1.517840847E-2,1.276478637E-2,1.545383409E-2
1.192164659E2,-1.232248265E-2,3.896986600E-3,2.206916921E-2
1.192264739E2,-2.584634349E-3,-2.563841641E-3,2.949539386E-2
1.192364819E2,6.929315627E-3,-7.317102514E-3,3.534082323E-2
1.192464889E2,1.422504522E-2,-8.406068198E-3,4.061441496E-2
1.192564969E2,1.108150836E-2,-5.491117015E-3,4.630053788E-2
1.192665049E2,6.843619514E-3,-8.494933136E-4,5.543571338E-2
1.192765129E2,4.444462247E-3,5.720201880E-4,6.283695996E-2
1.192865199E2,4.749926738E-3,-5.458708387E-3,6.613767892E-2
1.192965279E2,6.811283529E-3,-1.268656645E-2,6.692203879E-2
1.193065359E2,9.523180313E-3,-1.918947324E-2,5.977864563E-2
1.193165439E2,1.044710912E-2,-2.161607519E-2,5.178109556E-2
1.193265509E2,4.865123425E-3,-2.567872778E-2,4.362356663E-2
1.193365589E2,-8.881314658E-3,-2.535675094E-2,3.621998057E-2
1.193465669E2,-1.895658486E-2,-2.131194249E-2,2.858522721E-2
1.193565749E2,-2.054458857E-2,-1.423176192E-2,2.385208569E-2
1.193665829E2,-2.558808401E-2,-1.452044770E-2,1.715556718E-2
1.193765899E2,-2.849909477E-2,-2.031264827E-2,5.452280398E-3
1.193865979E2,-2.973320335E-2,-2.479394898E-2,-1.296214666E-2
1.193966059E2,-2.837807126E-2,-2.764648758E-2,-4.112612456E-2
1.194066139E2,-3.113763779E-2,-2.447732538E-2,-7.327420264E-2
1.194166209E2,-3.652795404E-2,-1.043321751E-2,-9.979494661E-2
1.194266289E2,-3.464323282E-2,1.599519514E-2,-1.242044196E-1
1.194366369E2,-2.359083109E-2,3.212138638E-2,-1.384697407E-1
1.194466449E2,-1.168345800E-3,3.544794023E-2,-1.453103274E-1
1.194566519E2,2.172688022E-2,2.172978595E-2,-1.434897482E-1
1.194666599E2,4.177675396E-2,5.797690712E-3,-1.419075578E-1
1.194766679E2,4.967767373E-2,-4.560704343E-3,-1.388055682E-1
1.194866759E2,4.471087828E-2,-2.083431929E-3,-1.402921379E-1
1.194966829E2,2.666538395E-2,4.014056176E-3,-1.381786019E-1
1.195066909E2,4.516243353E-4,4.436433315E-3,-1.404260546E-1
1.195166989E2,-2.165870741E-2,4.134491086E-3,-1.413600594E-1
1.195267069E2,-3.828348964E-2,1.112069935E-3,-1.336920261E-1
1.195367139E2,-4.663344845E-2,-4.566084128E-3,-1.247120872E-1
1.195467219E2,-4.213883355E-2,-2.070968505E-3,-1.074015424E-1
1.195567299E2,-3.540448099E-2,7.899209857E-3,-8.347751945E-2
1.195667379E2,-3.085180931E-2,1.225507632E-2,-5.988190696E-2
1.195767459E2,-2.851680666E-2,4.725931212E-3,-4.321532324E-2
1.195867529E2,-2.616923116E-2,-1.042718813E-2,-3.248171881E-2
1.195967609E2,-1.946439780E-2,-2.872098610E-2,-2.289819159E-2
1.196067689E2,-6.188273430E-3,-3.921118006E-2,-1.613163017E-2
1.196167769E2,7.618742995E-3,-4.420945048E-2,-7.738931105E-3
1.196267839E2,2.424672246E-2,-3.975611180E-2,6.812543143E-5
1.196367919E2,3.687631339E-2,-3.165977448E-2,1.061941311E-2
1.196467999E2,4.594917223E-2,-2.644210681E-2,1.432040799E-2
1.196568079E2,5.274276435E-2,-2.917751297E-2,1.580744982E-2
1.196668149E2,6.065474823E-2,-3.211391345E-2,2.332688496E-2
1.196768229E2,6.629564613E-2,-3.778032586E-2,3.305581957E-2
1.196868309E2,7.504119724E-2,-5.139254034E-2,3.401695564E-2
1.196968389E2,8.496338129E-2,-6.901331991E-2,2.996625006E-2
1.197068459E2,9.429030865E-2,-8.652679622E-2,2.405722812E-2
1.197168539E2,1.077788323E-1,-1.057800949E-1,2.297623269E-2
1.197268619E2,1.108206958E-1,-8.550731838E-2,1.859959215E-2
1.197368699E2,9.128527343E-2,-7.547967136E-2,2.163500525E-2
1.197468779E2,6.646914035E-2,-6.560786813E-2,1.815638319E-2
1.197568849E2,4.358474538E-2,-5.697227269E-2,9.312008508E-3
1.197668929E2,2.637433261E-2,-5.500685796E-2,2.937462414E-4
1.197769009E2,1.456837077E-2,-5.085603520E-2,-1.044028718E-2
1.197869089E2,8.767207153E-3,-3.970511258E-2,-8.381663822E-3
1.197969159E2,-1.428648829E-5,-2.927048132E-2,-6.723530125E-3
1.198069239E2,-5.241538864E-3,-2.383523621E-2,-3.848114982E-3
1.198169319E2,-6.326297764E-3,-1.848254912E-2,-6.942053791E-3
1.198269399E2,-4.827737343E-3,-1.806629822E-2,-1.796540990E-2
1.198369469E2,4.824397154E-3,-1.861367561E-2,-1.285577379E-2
1.198469549E2,6.832686253E-3,-2.477356791E-2,-4.703039303E-3
1.198569629E2,1.311655343E-2,-2.294325829E-2,1.186574902E-2
1.198669709E2,2.089191787E-2,-3.727852553E-2,2.056523040E-2
1.198769779E2,2.854960226E-2,-4.659100249E-2,2.573998459E-2
1.198869859E2,2.812642604E-2,-4.971409217E-2,2.554530650E-2
1.198969939E2,2.982150950E-2,-4.919739068E-2,2.137967572E-2
1.199070019E2,2.901936509E-2,-3.327195346E-2,1.670849137E-2
1.199170099E2,2.479334362E-2,-1.187609229E-2,1.695348322E-2
1.199270169E2,1.978260651E-2,-5.511986092E-5,2.321191318E-2
1.199370249E2,1.166652143E-2,3.927352838E-3,2.892623283E-2
1.199470329E2,6.414235570E-3,-5.500237457E-3,3.553433344E-2
1.199570409E2,3.172704251E-3,-2.105526254E-2,3.910676017E-2
1.199670475E2,7.381830364E-3,-3.081148490E-2,3.389601782E-2
1.199770555E2,1.284005120E-2,-4.007080942E-2,2.502801642E-2
1.199870635E2,1.591919735E-2,-4.135125875E-2,1.345312037E-2
1.199970715E2,1.504341979E-2,-2.630793490E-2,-5.064388970E-4
1.200070785E2,1.514941454E-2,-5.080280825E-4,-1.013722830E-2
1.200170865E2,1.918134280E-2,2.065129578E-2,-1.895292848E-2
1.200270945E2,2.752316184E-2,2.979179658E-2,-1.902057230E-2
1.200371025E2,3.329560161E-2,2.134122327E-2,-1.732058078E-2
1.200471095E2,3.301357478E-2,9.076036513E-3,-1.660099626E-2
1.200571175E2,2.459743991E-2,-4.449469969E-3,-1.651103236E-2
1.200671255E2,7.864532992E-3,-7.899329066E-3,-1.426545344E-2
1.200771335E2,-1.547342353E-2,-2.291545272E-3,-1.247240975E-2
1.200871415E2,-3.637311235E-2,5.265173968E-3,-1.038821973E-2
1.200971485E2,-5.064982921E-2,1.068613864E-2,-8.281408809E-3
1.201071565E2,-5.516787991E-2,9.430725127E-3,-6.006270181E-3
1.201171645E2,-5.380608141E-2,1.167452149E-2,-1.092935330E-3
1.201271725E2,-4.675296694E-2,1.407083496E-2,8.152761497E-3
1.201371795E2,-4.037253186E-2,1.401656307E-2,1.270300243E-2
1.201471875E2,-3.250475600E-2,1.360883377E-2,1.749695837E-2
1.201571955E2,-2.252870426E-2,1.603894122E-2,1.736914366E-2
1.201672035E2,-1.507398300E-2,1.869890653E-2,1.864320040E-2
1.201772105E2,-1.312835515E-2,1.866607927E-2,1.421071310E-2
1.201872185E2,-2.033992857E-2,1.490170043E-2,9.978150949E-3
1.201972265E2,-2.618950792E-2,3.733466845E-3,5.308708642E-3
1.202072345E2,-3.131982312E-2,-2.971307375E-3,-1.773968339E-3
1.202172415E2,-3.023918718E-2,-1.180402376E-2,-7.388634607E-3
1.202272495E2,-1.966324076E-2,-1.700810716E-2,-7.629384287E-3
1.202372575E2,-3.377496265E-3,-1.634187624E-2,-1.241113897E-2
1.202472655E2,1.442999672E-2,-1.245525852E-2,-1.356375497E-2
1.202572725E2,3.028245084E-2,1.336880028E-3,-7.207905408E-3
1.202672805E2,3.863545880E-2,1.073783822E-2,-7.164503331E-4
1.202772885E2,3.244586661E-2,1.089717634E-2,-4.076758400E-3
1.202872965E2,1.951808110E-2,2.451759763E-3,-7.524753455E-3
1.202973045E2,3.062124364E-3,6.283299066E-3,-1.139956713E-2
1.203073115E2,-1.567268185E-2,4.772487562E-3,-1.346032135E-2
1.203173195E2,-3.426307067E-2,-4.915664904E-4,-2.146058530E-2
1.203273275E2,-5.029849708E-2,-7.804606576E-3,-2.542603202E-2
1.203373355E2,-5.949838087E-2,-1.108603552E-2,-2.864281274E-2
1.203473425E2,-6.452509761E-2,-4.136782605E-3,-3.208681196E-2
1.203573505E2,-6.079141051E-2,4.746224731E-3,-3.298302740E-2
1.203673585E2,-4.395437613E-2,1.447475143E-2,-3.324987367E-2
1.203773665E2,-2.396523207E-2,2.427481487E-2,-3.341512010E-2
1.203873735E2,-1.081960276E-2,2.635927126E-2,-3.331418708E-2
1.203973815E2,-5.766772199E-3,2.424189076E-2,-3.210319579E-2
1.204073895E2,-3.833849449E-3,1.703217998E-2,-2.509828657E-2
1.204173975E2,-3.190632910E-3,6.088158581E-3,-2.127917297E-2
1.204274055E2,-6.494816858E-3,-7.267594803E-3,-1.759602129E-2
1.204374125E2,-3.770718118E-3,-1.169645041E-2,-1.830483228E-2
1.204474205E2,1.090882579E-3,-6.224185694E-3,-1.954932883E-2
1.204574285E2,-9.120521136E-4,2.785217948E-4,-1.920768060E-2
1.204674365E2,-3.836809774E-4,9.005701169E-3,-2.053366788E-2
1.204774435E2,-1.972177997E-3,1.622533053E-2,-1.722183824E-2
1.204874515E2,2.991954330E-3,1.876785234E-2,-1.637495309E-2
1.204974595E2,7.729964331E-3,1.926964149E-2,-5.723021459E-3
1.205074675E2,1.279529650E-2,1.412441395E-2,3.611624707E-3
1.205174745E2,1.480515674E-2,1.105237752E-4,7.634363137E-3
1.205274825E2,1.065621804E-2,-1.326200645E-2,1.047915220E-2
1.205374905E2,5.511946976E-3,-2.096851170E-2,1.154764742E-2
1.205474985E2,-6.632067263E-3,-3.252929449E-2,1.474903338E-2
1.205575055E2,-2.367494628E-2,-4.868700728E-2,1.953597926E-2
1.205675135E2,-3.020901233E-2,-5.243780464E-2,2.965998650E-2
1.205775215E2,-2.752245590E-2,-4.995137826E-2,3.743046150E-2
1.205875295E2,-1.531851944E-2,-5.205367878E-2,4.583566636E-2
1.205975375E2,1.097391639E-2,-5.449088290E-2,5.347269773E-2
1.206075445E2,3.614158556E-2,-6.292910874E-2,6.359350681E-2
1.206175525E2,5.817918479E-2,-7.426843047E-2,7.502119988E-2
1.206275605E2,8.288612962E-2,-7.973164320E-2,9.204359353E-2
1.206375685E2,1.093777418E-1,-8.553060889E-2,1.076744124E-1
1.206475755E2,1.319996864E-1,-9.430812299E-2,1.108062863E-1
1.206575835E2,1.504327208E-1,-1.010220051E-1,1.104730815E-1
1.206675915E2,1.557555795E-1,-9.714657068E-2,1.143788770E-1
1.206775995E2,1.486258209E-1,-9.312662482E-2,1.074725986E-1
1.206876065E2,1.342761666E-1,-8.750176430E-2,1.024328321E-1
1.206976145E2,1.118381545E-1,-8.567874879E-2,9.646915644E-2
1.207076225E2,8.431864530E-2,-8.616957068E-2,9.744067490E-2
1.207176305E2,5.921175703E-2,-9.155771136E-2,9.938998520E-2
1.207276385E2,4.814978316E-2,-1.001192406E-1,9.959851205E-2
1.207376455E2,4.779951274E-2,-1.052649692E-1,9.493711591E-2
1.207476535E2,5.654693395E-2,-1.089204177E-1,9.273841232E-2
1.207576615E2,7.094947994E-2,-1.141686216E-1,9.397514164E-2
1.207676695E2,7.932911813E-2,-1.190917343E-1,9.719356894E-2
1.207776765E2,7.774673402E-2,-1.346776634E-1,1.054092869E-1
1.207876845E2,7.330751419E-2,-1.643215865E-1,1.054095551E-1
1.207976925E2,7.472108305E-2,-1.977327019E-1,9.978220612E-2
1.208077005E2,7.678397000E-2,-2.189873904E-1,8.734257519E-2
1.208177075E2,7.891204953E-2,-2.227946371E-1,7.926791161E-2
1.208277155E2,7.737834007E-2,-2.079051733E-1,7.109706849E-2
1.208377235E2,7.627794147E-2,-1.806854904E-1,6.672873348E-2
1.208477315E2,8.206313103E-2,-1.532970071E-1,5.842632428E-2
1.208577385E2,9.216679633E-2,-1.334757656E-1,4.788830876E-2
1.208677465E2,1.037824377E-1,-1.246263534E-1,3.734272346E-2
1.208777545E2,1.147070080E-1,-1.215666905E-1,2.447104827E-2
1.208877625E2,1.212866083E-1,-1.153106615E-1,1.264900900E-2
1.208977705E2,1.176605895E-1,-1.129429117E-1,-2.606788184E-3
1.209077775E2,1.084127650E-1,-1.136995107E-1,-1.965368167E-2
1.209177855E2,8.645677567E-2,-1.001985297E-1,-3.723211959E-2
1.209277935E2,5.285434052E-2,-7.420501113E-2,-6.092173606E-2
1.209378015E2,1.814224385E-2,-3.502186015E-2,-8.062494546E-2
1.209478085E2,-5.442976486E-3,-1.181604806E-3,-9.388375282E-2
1.209578165E2,-2.127129585E-2,2.287748083E-2,-1.099738255E-1
1.209678245E2,-2.714250050E-2,3.918428347E-2,-1.271418929E-1
1.209778325E2,-2.608263865E-2,3.741160780E-2,-1.495323330E-1
1.209878395E2,-2.161838114E-2,2.781730518E-2,-1.731441915E-1
1.209978475E2,-1.443459187E-2,1.953574270E-2,-1.925082058E-1
1.210078555E2,-3.853320377E-3,9.096950293E-3,-2.089156806E-1
1.210178635E2,1.254378632E-2,2.216487657E-3,-2.209081948E-1
1.210278715E2,2.781488374E-2,7.631493267E-3,-2.259351760E-1
1.210378785E2,3.859742358E-2,1.981097087E-2,-2.331684530E-1
1.210478865E2,3.874230012E-2,3.623655066E-2,-2.440560013E-1
1.210578945E2,2.491947636E-2,4.833902791E-2,-2.547661960E-1
1.210679025E2,1.318372414E-2,3.576890379E-2,-2.642553151E-1
1.210779095E2,6.377611309E-3,2.001612447E-2,-2.677303851E-1
1.210879175E2,1.239841105E-3,1.940226555E-2,-2.710838318E-1
1.210979255E2,-7.438216824E-3,2.756482176E-2,-2.770312130E-1
1.211079335E2,-2.042432316E-2,3.741186112E-2,-2.765957713E-1
1.211179405E2,-3.698677942E-2,4.452580959E-2,-2.736545503E-1
1.211279485E2,-6.119224802E-2,4.789790511E-2,-2.663236558E-1
1.211379565E2,-8.141915500E-2,4.043354839E-2,-2.558855116E-1
1.211479645E2,-9.408195317E-2,2.814598754E-2,-2.420117855E-1
1.211579725E2,-9.733632207E-2,1.867883466E-2,-2.264293134E-1
1.211679795E2,-9.405424446E-2,8.643510751E-3,-2.132197618E-1
1.211779875E2,-8.504395932E-2,2.398229670E-3,-1.955093443E-1
1.211879955E2,-7.193375379E-2,1.386761200E-3,-1.739228219E-1
1.211980035E2,-5.550440401E-2,2.942485968E-3,-1.525416225E-1
1.212080105E2,-4.457212612E-2,1.623156015E-3,-1.328518093E-1
1.212180185E2,-3.756373003E-2,1.028208062E-4,-1.188403443E-1
1.212280265E2,-2.561119385E-2,1.221348532E-3,-1.095142141E-1
1.212380345E2,-1.268552896E-2,6.234309170E-3,-9.485658258E-2
1.212480415E2,-5.028142128E-3,4.098986275E-3,-7.953435183E-2
1.212580495E2,-3.792556003E-3,-7.729137782E-3,-5.996013433E-2
1.212680575E2,-7.389687467E-3,-2.788527124E-2,-3.902982175E-2
1.212780655E2,-6.257908884E-3,-4.753565043E-2,-2.029827237E-2
1.212880735E2,1.977916807E-3,-6.072255969E-2,-9.845897555E-3
1.212980805E2,1.681070216E-2,-5.605267733E-2,7.336579729E-4
1.213080885E2,2.685374953E-2,-5.359484628E-2,8.516212925E-3
1.213180965E2,3.107072599E-2,-5.245040357E-2,1.403089054E-2
1.213281045E2,3.727482632E-2,-5.306559056E-2,1.471265964E-2
1.213381115E2,4.273027554E-2,-5.242313817E-2,1.435064152E-2
1.213481195E2,5.090830848E-2,-4.122268409E-2,7.296726108E-3
1.213581275E2,6.031288579E-2,-2.624919266E-2,3.788655857E-3
1.213681355E2,7.142972201E-2,-4.373020492E-4,-4.074206809E-4
1.213781425E2,7.651863247E-2,1.263539121E-2,-4.473552108E-3
1.213881505E2,7.142400742E-2,8.078455925E-3,-9.696809575E-3
1.213981585E2,5.424885824E-2,-1.630212367E-2,-2.153121121E-2
1.214081665E2,2.492958680E-2,-4.873329774E-2,-3.416205198E-2
1.214181735E2,-1.115133427E-2,-7.951467484E-2,-5.182385072E-2
1.214281815E2,-3.659943491E-2,-8.900138736E-2,-7.118716091E-2
1.214381895E2,-4.652886465E-2,-7.194226235E-2,-7.955837995E-2
1.214481975E2,-4.106618837E-2,-4.253856838E-2,-8.243885636E-2
1.214582055E2,-2.672140859E-2,-1.667337865E-2,-8.286501467E-2
1.214682125E2,-2.661344595E-3,1.697828993E-4,-7.538633049E-2
1.214782205E2,1.855386235E-2,5.031942856E-3,-6.324477494E-2
1.214882285E2,2.830316313E-2,-1.070867013E-2,-5.743136257E-2
1.214982365E2,2.713129297E-2,-3.468730301E-2,-5.320883915E-2
1.215082435E2,1.780809835E-2,-5.560883135E-2,-4.828412458E-2
1.215182515E2,-1.150513534E-3,-7.853546739E-2,-4.435925931E-2
1.215282595E2,-1.675184444E-2,-8.385672420E-2,-4.209477454E-2
1.215382675E2,-2.270136587E-2,-6.775786728E-2,-3.603573143E-2
1.215482745E2,-1.313342620E-2,-2.677874640E-2,-2.650268003E-2
1.215582825E2,9.140900336E-3,2.059072256E-2,-1.073282398E-2
1.215682905E2,3.451123834E-2,4.540206119E-2,4.072790034E-5
1.215782985E2,5.568848550E-2,4.705627263E-2,8.475766517E-3
1.215883065E2,6.184171885E-2,2.834250592E-2,1.810442656E-2
1.215983135E2,4.877809808E-2,1.279469579E-4,2.175924368E-2
1.216083215E2,2.388899401E-2,-3.094208799E-2,2.751220576E-2
1.216183295E2,-6.973880343E-3,-5.752207339E-2,3.265579045E-2
1.216283375E2,-3.160519153E-2,-6.610038131E-2,3.331439197E-2
1.216383445E2,-4.341832921E-2,-6.045115739E-2,2.711017989E-2
1.216483525E2,-3.809227422E-2,-3.736554831E-2,2.281130664E-2
1.216583605E2,-1.692689210E-2,-2.686840482E-3,2.436608635E-2
1.216683685E2,1.132684946E-2,2.363904007E-2,2.504812181E-2
1.216783755E2,3.986662626E-2,3.771819919E-2,3.626947850E-2
1.216883835E2,7.046128809E-2,3.929106146E-2,4.194600880E-2
1.216983915E2,9.422334284E-2,2.393555455E-2,4.776866361E-2
1.217083995E2,9.995819628E-2,-4.788501654E-3,4.335234314E-2
1.217184075E2,8.984697610E-2,-3.154597059E-2,3.172111511E-2
1.217284145E2,6.856938452E-2,-3.333268315E-2,1.660688035E-2
1.217384225E2,2.897660434E-2,-2.979522571E-2,1.948205521E-3
1.217484305E2,-1.047873404E-3,-2.760317549E-2,-1.928304695E-2
1.217584385E2,-1.738357171E-2,-2.901193127E-2,-3.775565326E-2
1.217684455E2,-1.871914789E-2,-2.370531671E-2,-5.280224979E-2
1.217784535E2,1.957218163E-3,-1.063799299E-2,-6.479904801E-2
1.217884615E2,3.189754114E-2,7.073394954E-4,-7.520321757E-2
1.217984695E2,6.071760878E-2,1.324648596E-2,-8.344417810E-2
1.218084765E2,8.077014238E-2,2.305224538E-2,-8.531557769E-2
1.218184845E2,7.978194952E-2,2.901987359E-2,-8.769634366E-2
1.218284925E2,6.327221543E-2,4.383476824E-2,-8.940236270E-2
1.218385005E2,4.323903471E-2,7.578012347E-2,-8.404240012E-2
1.218485085E2,2.047593147E-2,1.089705676E-1,-7.995977253E-2
1.218585155E2,-8.934480138E-3,1.308794767E-1,-7.299402356E-2
1.218685235E2,-3.864097595E-2,1.343519688E-1,-6.617233902E-2
1.218785315E2,-6.303557009E-2,1.246581674E-1,-6.410847604E-2
1.218885395E2,-6.489712000E-2,1.043385118E-1,-6.872267276E-2
1.218985465E2,-4.690840468E-2,5.711328983E-2,-8.719482273E-2
1.219085545E2,-1.674730517E-2,1.541590784E-2,-1.048603728E-1
1.219185625E2,2.643988701E-3,-1.040774863E-2,-8.744338155E-2
1.219285705E2,1.925492287E-2,-2.245721966E-2,-5.701357126E-2
1.219385775E2,3.051508404E-2,-3.537141532E-2,-2.442824095E-2
1.219485855E2,4.634011909E-2,-5.109791458E-2,6.539432798E-4
1.219585935E2,7.106260210E-2,-5.151775852E-2,2.370657958E-2
1.219686010E2,9.620551020E-2,-4.354265332E-2,3.110830486E-2
1.219786090E2,1.158529595E-1,-2.693392709E-2,3.827394545E-2
1.219886160E2,1.292201728E-1,-1.428231597E-2,3.001362085E-2
1.219986240E2,1.427318901E-1,-7.276083343E-3,1.426038519E-2
1.220086320E2,1.529445797E-1,-5.510407500E-3,-2.720461925E-3
1.220186400E2,1.572837234E-1,-2.570163924E-3,-1.105295215E-2
1.220286470E2,1.451985687E-1,-9.097037837E-3,-7.317336276E-3
1.220386550E2,1.231293753E-1,-2.411674708E-2,-6.295584142E-3
1.220486630E2,9.837848693E-2,-3.717742488E-2,-1.083440892E-2
1.220586710E2,8.085380495E-2,-3.825874627E-2,-1.586269028E-2
1.220686790E2,5.292150751E-2,-3.972375020E-2,-2.530572563E-2
1.220786860E2,3.820695356E-2,-2.690727636E-2,-2.997553535E-2
1.220886940E2,4.231967404E-2,-9.352782741E-3,-3.180219978E-2
1.220987020E2,5.581773818E-2,2.148024738E-2,-2.629015036E-2
1.221087100E2,8.258703351E-2,5.319476873E-2,-1.965914480E-2
1.221187170E2,1.026620418E-1,6.426261365E-2,-1.419903059E-2
1.221287250E2,1.181869432E-1,9.151580185E-2,-1.622303389E-2
1.221387330E2,1.197126433E-1,1.339338869E-1,-8.918162435E-3
1.221487410E2,1.169693246E-1,1.445878744E-1,7.586778142E-3
1.221587480E2,1.158674508E-1,1.507200897E-1,2.374469303E-2
1.221687560E2,1.183769479E-1,1.493429691E-1,3.807409853E-2
1.221787640E2,1.282854080E-1,1.348078251E-1,5.266273767E-2
1.221887720E2,1.450161785E-1,1.250422895E-1,6.961135566E-2
1.221987800E2,1.345985085E-1,9.861310571E-2,7.948319614E-2
1.222087870E2,1.140644848E-1,5.940258875E-2,8.929214627E-2
1.222187950E2,9.704316407E-2,4.852062464E-2,8.848288655E-2
1.222288030E2,8.808188885E-2,4.604042321E-2,8.850312978E-2
1.222388110E2,9.362622350E-2,5.113690346E-2,7.871510834E-2
1.222488180E2,9.872856736E-2,6.026755273E-2,7.181672007E-2
1.222588260E2,8.826619387E-2,5.507543683E-2,6.158559769E-2
1.222688340E2,6.531587243E-2,4.810061678E-2,5.188290402E-2
1.222788420E2,3.994044289E-2,3.653551266E-2,4.172537476E-2
1.222888490E2,2.236544527E-2,2.557500824E-2,2.660581097E-2
1.222988570E2,1.486597862E-2,2.455355972E-2,2.313166671E-2
1.223088650E2,1.541165914E-2,5.685823411E-2,3.205645084E-2
1.223188730E2,1.957254857E-2,9.879685938E-2,4.492586851E-2
1.223288810E2,3.013065085E-2,1.087935716E-1,5.751249939E-2
1.223388880E2,6.352053583E-2,1.212011576E-1,5.458758399E-2
1.223488960E2,1.084707007E-1,1.389759034E-1,5.636790767E-2
1.223589040E2,1.626024097E-1,1.512993723E-1,6.434231251E-2
1.223689120E2,2.224614769E-1,1.724126488E-1,8.067388088E-2
1.223789190E2,2.889957726E-1,1.897304952E-1,1.022147238E-1
1.223889270E2,3.555931747E-1,2.208415419E-1,1.256332397E-1
1.223989350E2,3.994724154E-1,2.408522964E-1,1.481438130E-1
1.224089430E2,4.198101759E-1,2.351323515E-1,1.732491702E-1
1.224189510E2,3.891578317E-1,1.882820427E-1,1.952626854E-1
1.224289580E2,2.912512422E-1,1.036041677E-1,2.085473239E-1
1.224389660E2,1.421541572E-1,-3.180865664E-3,1.894380897E-1
1.224489740E2,-2.594989538E-2,-1.324847788E-1,1.166224629E-1
1.224589820E2,-1.903908104E-1,-2.491785437E-1,-1.811938360E-3
1.224689890E2,-3.422799408E-1,-3.734131157E-1,-1.502485424E-1
1.224789970E2,-4.705606699E-1,-4.554198980E-1,-2.852421403E-1
1.224890050E2,-5.623995066E-1,-4.425139427E-1,-3.944317400E-1
1.224990130E2,-5.922557712E-1,-3.165470064E-1,-4.661704004E-1
1.225090200E2,-5.896062255E-1,-8.458540589E-2,-4.803543985E-1
1.225190280E2,-5.869327784E-1,2.040967643E-1,-4.411020875E-1
1.225290360E2,-5.932855010E-1,4.962159693E-1,-3.606290817E-1
1.225390440E2,-6.023287177E-1,7.382225990E-1,-2.677592337E-1
1.225490520E2,-5.782092810E-1,8.967169523E-1,-1.792791635E-1
1.225590590E2,-5.032706857E-1,9.433278441E-1,-1.003461033E-1
1.225690670E2,-3.777923882E-1,8.946966529E-1,-4.094855860E-2
1.225790750E2,-2.415348738E-1,7.835063934E-1,1.275501959E-2
1.225890830E2,-1.228452399E-1,6.299147010E-1,5.690543726E-2
1.225990900E2,-3.691276908E-2,4.592717886E-1,9.835980833E-2
1.226090980E2,1.140416041E-2,2.834797204E-1,1.316253543E-1
1.226191060E2,1.580251753E-2,1.108179837E-1,1.443821341E-1
1.226291140E2,-2.549645305E-2,-3.385052085E-2,1.462444812E-1
1.226391210E2,-1.077068746E-1,-1.649045050E-1,1.390861720E-1
1.226491290E2,-2.314027101E-1,-2.834835947E-1,1.223870814E-1
1.226591370E2,-3.710057735E-1,-3.690419495E-1,8.656050265E-2
1.226691450E2,-4.940187633E-1,-4.369280636E-1,3.036726825E-2
1.226791530E2,-5.822458267E-1,-4.765390158E-1,-2.809944935E-2
1.226891600E2,-6.410553455E-1,-4.664211273E-1,-6.746656448E-2
1.226991680E2,-6.448872685E-1,-3.983283341E-1,-9.572722763E-2
1.227091760E2,-5.853136778E-1,-2.847690284E-1,-1.197548062E-1
1.227191840E2,-4.846256077E-1,-1.482216716E-1,-1.369320452E-1
1.227291910E2,-3.781686723E-1,-8.237143978E-3,-1.446227133E-1
1.227391990E2,-2.896485627E-1,1.208580360E-1,-1.403491050E-1
1.227492070E2,-2.414280176E-1,2.044530511E-1,-1.274151951E-1
1.227592150E2,-2.116707712E-1,2.628931999E-1,-1.193897128E-1
1.227692220E2,-2.015947104E-1,2.868203819E-1,-1.179508045E-1
1.227792300E2,-1.938209534E-1,2.986900210E-1,-1.183589250E-1
1.227892380E2,-1.903146356E-1,2.935788631E-1,-1.120320559E-1
1.227992460E2,-1.921338737E-1,2.758653164E-1,-9.059045464E-2
1.228092540E2,-1.962010562E-1,2.548756003E-1,-6.306935102E-2
1.228192610E2,-2.058407366E-1,2.390794754E-1,-3.461815789E-2
1.228292690E2,-2.101177722E-1,2.267636806E-1,-1.334882062E-2
1.228392770E2,-2.228600234E-1,2.127459645E-1,1.314570662E-3
1.228492850E2,-2.449083328E-1,1.849343032E-1,1.242314838E-2
1.228592920E2,-2.824570835E-1,1.479327083E-1,1.802554540E-2
1.228693000E2,-3.329953551E-1,1.013617516E-1,2.308714949E-2
1.228793080E2,-3.882256746E-1,4.996427149E-2,2.714135684E-2
1.228893160E2,-4.381753802E-1,4.579744302E-3,2.873951942E-2
1.228993240E2,-4.848195016E-1,-3.572672606E-2,2.615665644E-2
1.229093310E2,-5.203492641E-1,-6.984767318E-2,2.523759939E-2
1.229193390E2,-5.593944788E-1,-1.032349169E-1,3.482182696E-2
1.229293470E2,-5.903350711E-1,-1.125647724E-1,4.856480286E-2
1.229393550E2,-5.993602276E-1,-1.099465191E-1,6.722942740E-2
1.229493620E2,-5.739259720E-1,-1.295596361E-1,8.525370061E-2
1.229593700E2,-4.896523356E-1,-1.493784487E-1,1.046772972E-1
1.229693782E2,-3.641881645E-1,-1.868629754E-1,1.035601050E-1
1.229793862E2,-2.271833122E-1,-2.358080596E-1,7.843989879E-2
1.229893932E2,-1.106617674E-1,-3.062262833E-1,5.958046392E-2
1.229994012E2,-1.723894104E-2,-3.624717295E-1,4.971472174E-2
1.230094092E2,5.276677758E-2,-3.942365646E-1,4.889207333E-2
1.230194172E2,9.775562584E-2,-4.077770412E-1,5.128982663E-2
1.230294252E2,1.354806423E-1,-3.835228384E-1,5.361023918E-2
1.230394322E2,1.683919877E-1,-3.406029642E-1,4.859536886E-2
1.230494402E2,1.903239191E-1,-2.731696069E-1,5.113149807E-2
1.230594482E2,2.106415778E-1,-1.789833605E-1,5.559795350E-2
1.230694562E2,2.203029841E-1,-9.193474054E-2,6.673263013E-2
1.230794632E2,2.151519507E-1,-2.677048743E-2,7.633315772E-2
1.230894712E2,2.001423687E-1,9.405892342E-3,7.949832827E-2
1.230994792E2,1.751268208E-1,2.754610498E-3,8.125686646E-2
1.231094872E2,1.520689130E-1,-3.908444569E-2,7.838997245E-2
1.231194942E2,1.359422952E-1,-9.364475310E-2,6.016287953E-2
1.231295022E2,1.208427101E-1,-1.449998319E-1,3.471850604E-2
1.231395102E2,1.062175408E-1,-1.771581918E-1,1.274046674E-2
1.231495182E2,8.749631792E-2,-1.929890811E-1,5.758989137E-3
1.231595262E2,6.640756875E-2,-2.225476950E-1,2.335259691E-2
1.231695332E2,6.048842892E-2,-2.773446441E-1,4.573300481E-2
1.231795412E2,8.762005717E-2,-3.569414318E-1,4.859455675E-2
1.231895492E2,1.337545365E-1,-4.602933824E-1,2.349799126E-2
1.231995572E2,1.906485558E-1,-5.748714805E-1,-4.520821571E-2
1.232095642E2,2.499358505E-1,-6.783616543E-1,-1.350776553E-1
1.232195722E2,2.917511463E-1,-7.587556839E-1,-2.269666791E-1
1.232295802E2,3.094094992E-1,-8.028184772E-1,-3.016369045E-1
1.232395882E2,2.981865108E-1,-8.035821319E-1,-3.484581709E-1
1.232495962E2,2.634226680E-1,-7.738007903E-1,-3.555259109E-1
1.232596032E2,2.244562954E-1,-6.971753836E-1,-3.478772342E-1
1.232696112E2,1.993464082E-1,-6.028462052E-1,-3.334679306E-1
1.232796192E2,1.896062940E-1,-5.061215758E-1,-3.215356469E-1
1.232896272E2,1.830823421E-1,-4.308270514E-1,-3.360908926E-1
1.232996342E2,1.619018763E-1,-3.902418017E-1,-3.647953570E-1
1.233096422E2,1.089899316E-1,-3.617635369E-1,-3.997994363E-1
1.233196502E2,2.484470233E-2,-3.407726586E-1,-4.380073845E-1
1.233296582E2,-7.225202024E-2,-3.170412481E-1,-4.756540954E-1
1.233396652E2,-1.586392969E-1,-2.845498025E-1,-5.024058819E-1
1.233496732E2,-2.237559706E-1,-2.662679851E-1,-5.255770087E-1
1.233596812E2,-2.488845140E-1,-2.512852550E-1,-5.477655530E-1
1.233696892E2,-2.306269407E-1,-2.141054124E-1,-5.589860082E-1
1.233796972E2,-1.955976486E-1,-1.865563393E-1,-5.609199405E-1
1.233897042E2,-1.414542496E-1,-1.495876759E-1,-5.473748446E-1
1.233997122E2,-1.016373634E-1,-1.238762438E-1,-5.178195834E-1
1.234097202E2,-8.201492578E-2,-1.023656279E-1,-4.818812907E-1
1.234197282E2,-7.615643740E-2,-1.000176743E-1,-4.519036710E-1
1.234297352E2,-7.413696498E-2,-1.098247617E-1,-4.287400246E-1
1.234397432E2,-7.745242119E-2,-1.164951175E-1,-4.074429572E-1
1.234497512E2,-7.852114737E-2,-1.103599891E-1,-3.788230419E-1
1.234597592E2,-7.100252807E-2,-7.937606424E-2,-3.353473246E-1
1.234697662E2,-5.335615575E-2,-4.825702310E-2,-2.845853567E-1
1.234797742E2,-2.247798443E-2,-2.086957172E-2,-2.374002784E-1
1.234897822E2,1.199743338E-2,-3.624805249E-3,-1.982725859E-1
1.234997902E2,4.314709455E-2,-6.185168400E-3,-1.665048003E-1
1.235097982E2,5.907199904E-2,-3.537714481E-2,-1.415683031E-1
1.235198052E2,5.825983733E-2,-6.905652583E-2,-1.241950542E-1
1.235298132E2,3.884992003E-2,-9.629693627E-2,-1.159632280E-1
1.235398212E2,1.340360846E-3,-1.054480895E-1,-1.125519797E-1
1.235498292E2,-3.016856313E-2,-8.778520674E-2,-1.148899719E-1
1.235598362E2,-5.776116252E-2,-5.999056250E-2,-1.228528395E-1
1.235698442E2,-6.317802519E-2,-1.983195543E-2,-1.389615089E-1
1.235798522E2,-5.181344599E-2,3.495572507E-2,-1.443451494E-1
1.235898602E2,-3.752744943E-2,9.672082216E-2,-1.404675990E-1
1.235998672E2,-3.136846423E-2,1.436205506E-1,-1.405577660E-1
1.236098752E2,-3.244757652E-2,1.727464795E-1,-1.424006671E-1
1.236198832E2,-4.350164160E-2,1.861579716E-1,-1.415407211E-1
1.236298912E2,-5.029590055E-2,1.797887534E-1,-1.361917704E-1
1.236398992E2,-5.385367200E-2,1.628316045E-1,-1.306235790E-1
1.236499062E2,-4.471476749E-2,1.360007972E-1,-1.086932421E-1
1.236599142E2,-1.342178695E-2,1.019673645E-1,-7.369787991E-2
1.236699222E2,3.458834812E-2,7.317220420E-2,-3.648952767E-2
1.236799302E2,7.803944498E-2,3.876715526E-2,1.067935955E-3
1.236899372E2,1.093624830E-1,1.133739669E-2,4.150217772E-2
1.236999452E2,1.210785285E-1,-7.901811972E-3,6.854657829E-2
1.237099532E2,1.125928983E-1,-3.275017068E-2,9.096560627E-2
1.237199612E2,9.085845947E-2,-6.429423392E-2,1.152800545E-1
1.237299682E2,5.069079995E-2,-9.240496159E-2,1.383321136E-1
1.237399762E2,1.722234860E-2,-9.501745552E-2,1.727987081E-1
1.237499842E2,1.003261283E-2,-1.012678891E-1,2.298052758E-1
1.237599922E2,2.862894721E-2,-1.015010923E-1,2.838990092E-1
1.237700002E2,7.801993191E-2,-9.741846472E-2,3.257540464E-1
1.237800072E2,1.488600820E-1,-6.961296499E-2,3.446484208E-1
1.237900152E2,2.176122516E-1,-2.386917546E-2,3.436806202E-1
1.238000232E2,2.486544400E-1,8.133194409E-3,3.363273740E-1
1.238100312E2,2.294924706E-1,5.707676709E-2,3.222371340E-1
1.238200382E2,1.824885607E-1,1.241939440E-1,2.978675961E-1
1.238300462E2,1.163335070E-1,2.090294659E-1,2.726474702E-1
1.238400542E2,4.197145253E-2,2.951554358E-1,2.547299862E-1
1.238500622E2,-3.443250805E-2,3.537646830E-1,2.398607582E-1
1.238600702E2,-1.185745373E-1,3.506537676E-1,2.120633870E-1
1.238700772E2,-2.021405399E-1,2.725155652E-1,1.698956937E-1
1.238800852E2,-2.623090446E-1,1.143917143E-1,1.184578091E-1
1.238900932E2,-2.807184160E-1,-5.887194723E-2,6.988867372E-2
1.239001012E2,-2.333915383E-1,-2.025127709E-1,3.517119214E-2
1.239101082E2,-1.318934113E-1,-3.363643289E-1,1.375618018E-2
1.239201162E2,1.742607355E-2,-3.863607645E-1,2.205974422E-2
1.239301242E2,2.027546465E-1,-3.236174881E-1,5.187569559E-2
1.239401322E2,3.818801045E-1,-1.871507615E-1,1.032228470E-1
1.239501392E2,5.266221166E-1,-1.084603928E-2,1.676447242E-1
1.239601472E2,6.170868278E-1,1.604710370E-1,2.103317082E-1
1.239701554E2,6.430529356E-1,2.899443507E-1,2.133858204E-1
1.239801634E2,6.259669065E-1,3.468710184E-1,1.867230535E-1
1.239901714E2,5.776736736E-1,3.458147943E-1,1.396508813E-1
1.240001784E2,5.138625503E-1,3.167489469E-1,7.778653502E-2
1.240101864E2,4.256698191E-1,2.671616971E-1,7.033004425E-3
1.240201944E2,3.243759274E-1,2.219388783E-1,-7.406149060E-2
1.240302024E2,2.171767652E-1,2.186221778E-1,-1.440051645E-1
1.240402094E2,1.037029326E-1,2.611001134E-1,-1.971272379E-1
1.240502174E2,-8.029990830E-3,3.180209398E-1,-2.286388129E-1
1.240602254E2,-1.275019050E-1,3.670881093E-1,-2.395583391E-1
1.240702334E2,-2.540193796E-1,3.983102143E-1,-2.486615479E-1
1.240802404E2,-3.732507527E-1,3.954770267E-1,-2.585291266E-1
1.240902484E2,-4.883033037E-1,3.625904322E-1,-2.785648704E-1
1.241002564E2,-5.987264514E-1,3.284329772E-1,-3.085588515E-1
1.241102644E2,-7.045335174E-1,3.140265942E-1,-3.465403318E-1
1.241202724E2,-8.026816249E-1,3.151132762E-1,-3.959330022E-1
1.241302794E2,-8.816251755E-1,3.473106325E-1,-4.232820570E-1
1.241402874E2,-9.234611392E-1,4.367231131E-1,-4.144840539E-1
1.241502954E2,-9.301467538E-1,5.758621097E-1,-3.752362430E-1
1.241603034E2,-8.965011239E-1,7.481400371E-1,-2.977614999E-1
1.241703104E2,-8.424032927E-1,9.057038426E-1,-2.119922638E-1
1.241803184E2,-7.945411205E-1,1.020611048E0,-1.396283209E-1
1.241903264E2,-7.705753446E-1,1.051546574E0,-9.454126656E-2
1.242003344E2,-7.619356513E-1,1.017907977E0,-8.389369398E-2
1.242103414E2,-7.630368471E-1,9.478763938E-1,-9.178783745E-2
1.242203494E2,-7.544396520E-1,8.573808670E-1,-9.656954557E-2
1.242303574E2,-7.230564356E-1,7.529716492E-1,-9.822815657E-2
1.242403654E2,-6.638991833E-1,6.260327697E-1,-8.154228330E-2
1.242503734E2,-5.828269720E-1,4.940038621E-1,-5.147013441E-2
1.242603804E2,-4.830810428E-1,3.778161108E-1,-9.238574654E-3
1.242703884E2,-3.760515451E-1,2.561845183E-1,4.071993008E-2
1.242803964E2,-2.886380553E-1,1.162388474E-1,7.320304215E-2
1.242904044E2,-2.181812078E-1,-1.189568639E-2,8.469058573E-2
1.243004114E2,-1.598716676E-1,-9.769959003E-2,9.379137307E-2
1.243104194E2,-1.257312745E-1,-1.577227116E-1,9.250080585E-2
1.243204274E2,-1.178562939E-1,-1.938792467E-1,8.719717711E-2
1.243304354E2,-1.339170188E-1,-2.190373242E-1,9.067872167E-2
1.243404434E2,-1.510092914E-1,-2.357451916E-1,9.611600637E-2
1.243504504E2,-1.601356864E-1,-2.313387245E-1,1.005517691E-1
1.243604584E2,-1.456340551E-1,-2.015088797E-1,1.068072841E-1
1.243704664E2,-1.030993685E-1,-1.446099132E-1,1.146071479E-1
1.243804744E2,-5.274489149E-2,-9.312386811E-2,1.162518784E-1
1.243904814E2,-1.169705484E-2,-7.798752189E-2,1.138214767E-1
1.244004894E2,2.284065261E-2,-8.904743195E-2,1.113226712E-1
1.244104974E2,3.698443621E-2,-1.211779267E-1,1.102749854E-1
1.244205054E2,4.961568862E-2,-1.602448672E-1,1.139280200E-1
1.244305124E2,6.805487722E-2,-2.133632153E-1,1.146140471E-1
1.244405204E2,1.035870835E-1,-2.684691846E-1,1.072393209E-1
1.244505284E2,1.461196393E-1,-3.158633411E-1,1.031969115E-1
1.244605364E2,1.859415323E-1,-3.565312028E-1,1.032172218E-1
1.244705444E2,2.205543816E-1,-3.599163592E-1,1.072841361E-1
1.244805514E2,2.556444108E-1,-3.408324420E-1,1.157725528E-1
1.244905594E2,2.779539824E-1,-3.095892966E-1,1.196778119E-1
1.245005674E2,2.874631286E-1,-2.567915916E-1,1.235144213E-1
1.245105754E2,2.760759592E-1,-2.206756771E-1,1.183667928E-1
1.245205824E2,2.456140220E-1,-2.064893842E-1,1.047697365E-1
1.245305904E2,2.059888542E-1,-2.117275447E-1,7.906863093E-2
1.245405984E2,1.668554693E-1,-2.380393445E-1,5.152486637E-2
1.245506064E2,1.392342299E-1,-2.735619247E-1,2.112807520E-2
1.245606134E2,1.359803826E-1,-2.858161628E-1,8.775880560E-4
1.245706214E2,1.440817267E-1,-2.794900835E-1,-1.015562192E-2
1.245806294E2,1.609466523E-1,-2.577554584E-1,-1.271924004E-2
1.245906374E2,1.930507869E-1,-2.286859900E-1,3.087952733E-3
1.246006454E2,2.391831726E-1,-1.894991845E-1,2.960393950E-2
1.246106524E2,2.941297889E-1,-1.518287659E-1,6.499415636E-2
1.246206604E2,3.558294475E-1,-1.461086571E-1,9.575656801E-2
1.246306684E2,4.078716040E-1,-1.636844575E-1,1.199710965E-1
1.246406764E2,4.478506148E-1,-1.966033280E-1,1.398179680E-1
1.246506834E2,4.801062644E-1,-2.366080135E-1,1.401956081E-1
1.246606914E2,5.041565299E-1,-2.674372494E-1,1.217177138E-1
1.246706994E2,5.202729106E-1,-3.087532520E-1,9.708587080E-2
1.246807074E2,5.120079517E-1,-3.303527236E-1,7.996021956E-2
1.246907144E2,4.766361117E-1,-3.533912003E-1,6.242915615E-2
1.247007224E2,4.152877033E-1,-3.894429505E-1,3.023862839E-2
1.247107304E2,3.311235309E-1,-4.462710917E-1,-2.603556216E-2
1.247207384E2,2.192800790E-1,-5.108855963E-1,-1.027144045E-1
1.247307464E2,6.976915151E-2,-5.876687765E-1,-1.991666406E-1
1.247407534E2,-9.844635427E-2,-6.553338766E-1,-3.089291751E-1
1.247507614E2,-2.783910930E-1,-7.279303670E-1,-4.197651446E-1
1.247607694E2,-4.347721040E-1,-7.628557086E-1,-5.090785027E-1
1.247707774E2,-5.188097954E-1,-7.119107246E-1,-5.710784793E-1
1.247807844E2,-5.085888505E-1,-5.467607379E-1,-5.960562229E-1
1.247907924E2,-4.209745526E-1,-3.131456077E-1,-5.714065433E-1
1.248008004E2,-2.699129879E-1,-6.986460090E-2,-5.104998946E-1
1.248108084E2,-1.373283416E-1,9.600479156E-2,-4.418901503E-1
1.248208154E2,-5.369369686E-2,1.955820471E-1,-3.794375658E-1
1.248308234E2,1.443449222E-2,2.968130410E-1,-2.992021143E-1
1.248408314E2,6.534041464E-2,3.675285876E-1,-1.995431036E-1
1.248508394E2,1.106676832E-1,3.908866346E-1,-1.004069373E-1
1.248608474E2,1.530637592E-1,3.530368805E-1,-4.878438544E-3
1.248708544E2,1.984059513E-1,2.402546555E-1,7.074414939E-2
1.248808624E2,2.344978899E-1,4.545308650E-2,1.083932072E-1
1.248908704E2,2.572706044E-1,-2.067141831E-1,1.122627780E-1
1.249008784E2,2.676803470E-1,-4.458752275E-1,8.374463767E-2
1.249108854E2,2.631729543E-1,-6.240358949E-1,3.227026016E-2
1.249208934E2,2.387560159E-1,-7.088223696E-1,-2.774531767E-2
1.249309014E2,1.959486306E-1,-6.898527145E-1,-8.894476295E-2
1.249409094E2,1.517870575E-1,-5.984855890E-1,-1.519412100E-1
1.249509174E2,1.134809479E-1,-4.503491223E-1,-2.064515799E-1
1.249609244E2,6.490287930E-2,-2.556060553E-1,-2.478469461E-1
1.249709328E2,-5.389653612E-3,-6.005092710E-2,-2.718987465E-1
1.249809408E2,-1.022636741E-1,1.021604612E-1,-2.809279263E-1
1.249909488E2,-1.991121918E-1,2.142252177E-1,-2.687247992E-1
1.250009558E2,-2.884438336E-1,2.719036043E-1,-2.488286048E-1
1.250109638E2,-3.511444926E-1,2.942794859E-1,-2.288927138E-1
1.250209718E2,-3.900232911E-1,2.836890817E-1,-2.098966837E-1
1.250309798E2,-4.006344080E-1,2.423816174E-1,-1.970368028E-1
1.250409868E2,-3.940914273E-1,1.856131405E-1,-1.790717095E-1
1.250509948E2,-3.711288571E-1,1.281450689E-1,-1.454511732E-1
1.250610028E2,-3.417760432E-1,5.983177945E-2,-9.621597826E-2
1.250710108E2,-3.194262385E-1,-9.687107988E-3,-3.720698878E-2
1.250810188E2,-2.993974388E-1,-6.913611293E-2,2.303340472E-2
1.250910258E2,-2.710744739E-1,-1.240707412E-1,7.846257091E-2
1.251010338E2,-2.153699994E-1,-1.511376798E-1,1.340307891E-1
1.251110418E2,-1.267405301E-1,-1.563106030E-1,1.896533072E-1
1.251210498E2,-8.180113509E-3,-1.291604936E-1,2.475907505E-1
1.251310568E2,1.140395328E-1,-8.292002976E-2,3.004052341E-1
1.251410648E2,2.254644930E-1,-3.699047863E-2,3.562131524E-1
1.251510728E2,3.236933351E-1,-2.256333455E-2,4.089565277E-1
1.251610808E2,4.042558670E-1,-2.422422916E-2,4.469749928E-1
1.251710878E2,4.563462436E-1,-1.690213382E-2,4.688611329E-1
1.251810958E2,4.721392989E-1,3.272747621E-3,4.718586504E-1
1.251911038E2,4.566389024E-1,4.125874490E-2,4.661182165E-1
1.252011118E2,4.160898030E-1,1.040077433E-1,4.556030929E-1
1.252111198E2,3.561790586E-1,1.693065912E-1,4.495728910E-1
1.252211268E2,2.857942283E-1,2.202718556E-1,4.427089393E-1
1.252311348E2,2.227644026E-1,2.411316037E-1,4.302970171E-1
1.252411428E2,1.793125123E-1,2.169101983E-1,3.934895396E-1
1.252511508E2,1.469655037E-1,1.573882848E-1,3.454498351E-1
1.252611578E2,1.239217743E-1,9.744283557E-2,2.829180062E-1
1.252711658E2,1.067827344E-1,3.277383000E-2,2.316036820E-1
1.252811738E2,9.858101606E-2,-3.514546528E-2,2.052435875E-1
1.252911818E2,1.054591611E-1,-9.987919033E-2,2.280535549E-1
1.253011888E2,1.369266808E-1,-1.630056500E-1,2.853628993E-1
1.253111968E2,1.805742979E-1,-2.408645004E-1,3.630555570E-1
1.253212048E2,2.281103581E-1,-3.277872205E-1,4.561420381E-1
1.253312128E2,2.683603168E-1,-4.239228070E-1,5.545661449E-1
1.253412198E2,3.068655431E-1,-5.376948714E-1,6.320760250E-1
1.253512278E2,3.400413394E-1,-6.796227098E-1,6.798989177E-1
1.253612358E2,3.866888285E-1,-8.046600223E-1,7.086763382E-1
1.253712438E2,5.087859631E-1,-8.328279853E-1,7.336581349E-1
1.253812518E2,7.017685175E-1,-7.956796288E-1,7.595473528E-1
1.253912588E2,9.331066608E-1,-6.959431767E-1,7.550266385E-1
1.254012668E2,1.154498816E0,-4.981058836E-1,7.343816161E-1
1.254112748E2,1.293494463E0,-3.060096800E-1,7.142392993E-1
1.254212828E2,1.302706599E0,-1.621326655E-1,6.872180700E-1
1.254312898E2,1.196242452E0,-5.127192289E-2,6.431965828E-1
1.254412978E2,9.971457720E-1,4.447890073E-2,5.817368031E-1
1.254513058E2,7.364398241E-1,1.283668727E-1,4.961014986E-1
1.254613138E2,4.291808903E-1,1.879945993E-1,3.897517622E-1
1.254713208E2,1.049610153E-1,2.371522933E-1,2.822146416E-1
1.254813288E2,-1.975063980E-1,2.748344839E-1,1.787381023E-1
1.254913368E2,-4.256879091E-1,3.126950562E-1,7.767512649E-2
1.255013448E2,-5.469763875E-1,3.924764991E-1,7.802108303E-3
1.255113528E2,-5.672233105E-1,5.228222609E-1,-2.047826536E-2
1.255213598E2,-5.045437813E-1,6.594153643E-1,-1.955113374E-2
1.255313678E2,-3.794766366E-1,7.934429049E-1,5.099267000E-4
1.255413758E2,-2.168937325E-1,8.798518181E-1,3.661503643E-2
1.255513838E2,-4.298533127E-2,8.949583173E-1,7.832653075E-2
1.255613908E2,1.293435991E-1,8.233665228E-1,1.145159230E-1
1.255713988E2,2.825158238E-1,6.909991503E-1,1.282551736E-1
1.255814068E2,3.978585005E-1,5.139724612E-1,1.164606661E-1
1.255914148E2,4.799003899E-1,3.440982103E-1,8.341003954E-2
1.256014218E2,5.267173648E-1,2.138194889E-1,4.640815780E-2
1.256114298E2,5.205577612E-1,1.209779754E-1,-2.198792063E-3
1.256214378E2,4.630042315E-1,1.077905968E-1,-4.784838110E-2
1.256314458E2,3.561866879E-1,6.102948636E-2,-9.864497930E-2
1.256414538E2,1.477865279E-1,6.412321329E-2,-2.034243047E-1
1.256514608E2,-7.140786946E-2,1.673510522E-1,-2.651097775E-1
1.256614688E2,-3.026061952E-1,2.029990703E-1,-3.006294370E-1
1.256714768E2,-5.331802368E-1,2.282820493E-1,-3.399278522E-1
1.256814848E2,-7.547968626E-1,2.462872565E-1,-3.741362393E-1
1.256914918E2,-9.451124668E-1,2.638294995E-1,-4.211948216E-1
1.257014998E2,-1.077461481E0,3.045947254E-1,-4.593546689E-1
1.257115078E2,-1.162299633E0,3.626076877E-1,-4.761466980E-1
1.257215158E2,-1.164722323E0,4.618006349E-1,-4.691110849E-1
1.257315228E2,-1.186733961E0,4.601832926E-1,-4.766755104E-1
1.257415308E2,-1.176426649E0,5.457676053E-1,-4.473525584E-1
1.257515388E2,-1.129189968E0,5.942438245E-1,-3.671842217E-1
1.257615468E2,-1.037380338E0,6.230487227E-1,-2.751932442E-1
1.257715548E2,-9.119785428E-1,6.456568241E-1,-1.659932435E-1
1.257815618E2,-7.564542294E-1,6.013931632E-1,-5.109893158E-2
1.257915698E2,-5.904492736E-1,4.951325059E-1,2.820920758E-2
1.258015778E2,-4.455466568E-1,3.441550732E-1,6.418377161E-2
1.258115858E2,-3.368425667E-1,1.657270044E-1,6.918571889E-2
1.258215928E2,-2.666662633E-1,-8.306244388E-3,7.142159343E-2
1.258316008E2,-2.357016951E-1,-1.513611376E-1,7.991974056E-2
1.258416088E2,-2.316594422E-1,-2.419802397E-1,1.104921326E-1
1.258516168E2,-2.099498808E-1,-2.268097997E-1,1.559538841E-1
1.258616238E2,-2.062058449E-1,-3.473733664E-1,1.879289001E-1
1.258716318E2,-2.290637642E-1,-3.395444751E-1,1.556087732E-1
1.258816398E2,-2.143022418E-1,-2.752003372E-1,1.774133891E-1
1.258916478E2,-1.956976652E-1,-2.598714232E-1,1.959591061E-1
1.259016548E2,-1.841567159E-1,-2.117445171E-1,1.828399599E-1
1.259116628E2,-1.673103571E-1,-1.735031307E-1,1.772995144E-1
1.259216708E2,-1.326113194E-1,-1.618984193E-1,1.665852517E-1
1.259316788E2,-8.340356499E-2,-1.625498235E-1,1.527072489E-1
1.259416868E2,-2.950506099E-2,-1.856016368E-1,1.357322782E-1
1.259516938E2,1.564670354E-2,-2.185476124E-1,1.126964688E-1
1.259617018E2,4.356023297E-2,-2.652534246E-1,8.370683342E-2
1.259717096E2,5.469357967E-2,-2.958957553E-1,5.680091307E-2
1.259817176E2,5.608436838E-2,-3.034826517E-1,4.273140803E-2
1.259917246E2,5.302652717E-2,-3.062539399E-1,2.915913798E-2
1.260017326E2,5.058252439E-2,-2.967967391E-1,1.142550167E-2
1.260117406E2,5.209946260E-2,-2.920808196E-1,-1.507188566E-2
1.260217486E2,4.855363816E-2,-2.860278785E-1,-4.733845219E-2
1.260317566E2,6.047101691E-2,-2.643843889E-1,-7.329414785E-2
1.260417636E2,8.883717656E-2,-2.294596136E-1,-8.784276992E-2
1.260517716E2,1.324831992E-1,-1.589220762E-1,-9.974177182E-2
1.260617796E2,1.946948171E-1,-6.479814649E-2,-1.040992141E-1
1.260717876E2,2.519761920E-1,8.502697572E-3,-1.155076623E-1
1.260817946E2,2.923972607E-1,6.620730460E-2,-1.238407046E-1
1.260918026E2,3.410140872E-1,1.471783072E-1,-1.369581074E-1
1.261018106E2,3.231384158E-1,-2.695178613E-2,-1.474235952E-1
1.261118186E2,2.275391817E-1,-1.425846368E-1,-2.103895098E-1
1.261218256E2,1.614833772E-1,-2.133431435E-1,-1.842715889E-1
1.261318336E2,9.769454598E-2,-3.737325668E-1,-1.450855732E-1
1.261418416E2,3.899862617E-2,-4.966965616E-1,-1.398482025E-1
1.261518496E2,-7.702036295E-3,-5.772251487E-1,-1.539057046E-1
1.261618576E2,2.942679217E-3,-6.447899938E-1,-1.756976247E-1
1.261718646E2,-5.993109196E-2,-7.239644527E-1,-2.631582320E-1
1.261818726E2,-1.245788857E-1,-6.369802952E-1,-3.347651362E-1
1.261918806E2,-2.114727795E-1,-5.735608339E-1,-3.585413098E-1
1.262018886E2,-3.358691037E-1,-5.172759295E-1,-4.084922373E-1
1.262118956E2,-4.681560397E-1,-4.389611781E-1,-4.684173763E-1
1.262219036E2,-5.736513138E-1,-3.881663978E-1,-5.352129936E-1
1.262319116E2,-6.446402669E-1,-3.442018628E-1,-6.142135262E-1
1.262419196E2,-6.926330328E-1,-2.932586074E-1,-6.780763865E-1
1.262519266E2,-6.982626319E-1,-1.985547543E-1,-7.175276279E-1
1.262619346E2,-6.072313786E-1,1.731873676E-2,-6.941118836E-1
1.262719426E2,-5.368371010E-1,1.089690253E-1,-6.709631681E-1
1.262819506E2,-4.072451890E-1,3.723000586E-1,-6.188814044E-1
1.262919586E2,-2.324922979E-1,5.565985441E-1,-4.707180858E-1
1.263019656E2,-7.986657321E-2,5.926415324E-1,-3.334315717E-1
1.263119736E2,4.978622496E-2,5.352754593E-1,-2.232427746E-1
1.263219816E2,1.640686691E-1,3.977296948E-1,-1.395714581E-1
1.263319896E2,2.719357312E-1,1.892268211E-1,-9.174934775E-2
1.263419966E2,3.744425476E-1,-2.405555174E-2,-6.126593798E-2
1.263520046E2,4.379791915E-1,-2.377188206E-1,-7.095930725E-2
1.263620126E2,4.719077945E-1,-3.646538854E-1,-8.747984469E-2
1.263720206E2,4.546428025E-1,-4.444754720E-1,-1.069659293E-1
1.263820276E2,3.966144621E-1,-4.647061527E-1,-1.261783987E-1
1.263920356E2,3.052874804E-1,-4.578644931E-1,-1.418199390E-1
1.264020436E2,2.099673897E-1,-4.313467145E-1,-1.527960747E-1
1.264120516E2,1.166438386E-1,-3.766054511E-1,-1.549063623E-1
1.264220596E2,5.926882848E-2,-2.812780142E-1,-1.310733855E-1
1.264320666E2,5.822620168E-2,-1.904277653E-1,-9.085539728E-2
1.264420746E2,1.074858084E-1,-1.033600420E-1,-4.147445410E-2
1.264520826E2,1.845441163E-1,-2.639362030E-2,-1.519316225E-3
1.264620906E2,2.678711116E-1,2.504332922E-2,2.377169020E-2
1.264720976E2,3.398537040E-1,4.054905474E-2,3.004796244E-2
1.264821056E2,3.787559271E-1,3.136310726E-3,3.074834310E-2
1.264921136E2,3.497506380E-1,-8.983730525E-2,1.314617880E-2
1.265021216E2,2.664781809E-1,-1.852649003E-1,-2.964628302E-2
1.265121286E2,1.642128080E-1,-2.319541126E-1,-7.683749497E-2
1.265221366E2,6.169516593E-2,-2.353243679E-1,-1.132502481E-1
1.265321446E2,-2.997003868E-2,-1.821639389E-1,-1.380304247E-1
1.265421526E2,-9.999905527E-2,-8.761913329E-2,-1.488241106E-1
1.265521596E2,-1.441587806E-1,3.836410120E-2,-1.522159129E-1
1.265621676E2,-1.819073409E-1,1.496103257E-1,-1.441155225E-1
1.265721756E2,-2.190472633E-1,2.224014401E-1,-1.327041388E-1
1.265821836E2,-2.414168417E-1,2.807142735E-1,-1.181508601E-1
1.265921916E2,-2.302853614E-1,3.215370774E-1,-9.896917641E-2
1.266021986E2,-1.881906092E-1,3.582145572E-1,-8.295577019E-2
1.266122066E2,-1.352581531E-1,3.916593492E-1,-6.464839727E-2
1.266222146E2,-8.937254548E-2,4.221281111E-1,-3.562599793E-2
1.266322226E2,-5.543055758E-2,4.677696228E-1,2.075498365E-2
1.266422296E2,-4.389018193E-2,4.890994430E-1,9.671483934E-2
1.266522376E2,-3.796758130E-2,4.951618612E-1,1.829754263E-1
1.266622456E2,-2.117155679E-2,4.956907630E-1,2.465048581E-1
1.266722536E2,-1.235542819E-2,4.780451953E-1,2.882594764E-1
1.266822606E2,-5.647645798E-3,4.564901590E-1,3.089114428E-1
1.266922686E2,4.949604627E-3,4.322191775E-1,2.939173281E-1
1.267022766E2,2.193254232E-2,4.077120721E-1,2.528851032E-1
1.267122846E2,5.347795039E-2,4.005471170E-1,2.161891311E-1
1.267222926E2,9.203482419E-2,4.269149303E-1,1.921371669E-1
1.267322996E2,1.158778369E-1,4.547430873E-1,1.870065928E-1
1.267423076E2,1.304139793E-1,4.567356408E-1,2.095122188E-1
1.267523156E2,1.334081739E-1,4.302230775E-1,2.341003865E-1
1.267623236E2,1.276277453E-1,3.737928569E-1,2.631997466E-1
1.267723306E2,1.250953525E-1,2.789382637E-1,2.745046020E-1
1.267823386E2,1.332223117E-1,1.946309507E-1,2.730265856E-1
1.267923466E2,1.526732445E-1,1.666589677E-1,2.768407762E-1
1.268023546E2,2.002723664E-1,2.067304552E-1,2.930367589E-1
1.268123616E2,2.789312005E-1,3.041771352E-1,3.207331002E-1
1.268223696E2,3.737783432E-1,4.255387187E-1,3.476117551E-1
1.268323776E2,4.428336024E-1,5.194519162E-1,3.660117984E-1
1.268423856E2,4.679184258E-1,5.753934979E-1,3.747768104E-1
1.268523936E2,4.420154691E-1,5.880144835E-1,3.760274053E-1
1.268624006E2,3.688508570E-1,5.504535437E-1,3.546037674E-1
1.268724086E2,2.314405292E-1,4.536279440E-1,2.981833518E-1
1.268824166E2,5.120155960E-2,3.479569256E-1,2.126350552E-1
1.268924246E2,-1.146734282E-1,2.943980992E-1,1.122605205E-1
1.269024316E2,-2.242443115E-1,2.868853807E-1,2.679773979E-2
1.269124396E2,-2.525049746E-1,3.100514114E-1,8.771937573E-4
1.269224476E2,-1.741442084E-1,3.943229318E-1,3.362948820E-2
1.269324556E2,-6.022347370E-4,5.071977973E-1,1.231846735E-1
1.269424626E2,2.254038155E-1,5.972272158E-1,2.332504243E-1
1.269524706E2,4.429052472E-1,6.073698401E-1,3.446379304E-1
1.269624786E2,6.434861422E-1,5.649378896E-1,4.398560524E-1
1.269724864E2,8.102575541E-1,4.847528040E-1,5.206015110E-1
1.269824944E2,9.098370671E-1,3.749747276E-1,5.704206228E-1
1.269925014E2,9.385115504E-1,2.703649700E-1,5.993862152E-1
1.270025094E2,9.049274325E-1,1.728797704E-1,6.141327024E-1
1.270125174E2,8.223446608E-1,1.054112464E-1,6.172690988E-1
1.270225254E2,7.026494145E-1,4.382027686E-2,5.898853540E-1
1.270325324E2,5.435982347E-1,-4.734132439E-2,5.284800529E-1
1.270425404E2,3.565478325E-1,-1.695895046E-1,4.336496592E-1
1.270525484E2,1.474665105E-1,-2.959003150E-1,3.265887201E-1
1.270625564E2,-6.625746936E-2,-4.062231481E-1,2.156102061E-1
1.270725634E2,-2.881914675E-1,-5.117716789E-1,1.051041931E-1
1.270825714E2,-4.978783131E-1,-5.846075416E-1,3.147264011E-3
1.270925794E2,-6.646561623E-1,-5.866208673E-1,-7.720217109E-2
1.271025874E2,-7.725114226E-1,-5.069980025E-1,-1.144473627E-1
1.271125954E2,-7.996810079E-1,-3.598496020E-1,-1.049689054E-1
1.271226024E2,-7.559090853E-1,-1.540111750E-1,-6.373482943E-2
1.271326104E2,-6.788777113E-1,7.000090182E-2,3.878567833E-3
1.271426184E2,-5.949174762E-1,2.721469700E-1,7.331952453E-2
1.271526264E2,-5.045574903E-1,4.191736877E-1,1.428730339E-1
1.271626334E2,-4.082900882E-1,4.726921022E-1,2.049380988E-1
1.271726414E2,-3.080103397E-1,4.480916858E-1,2.430516630E-1
1.271826494E2,-1.990922391E-1,3.638616204E-1,2.644459903E-1
1.271926574E2,-8.233632892E-2,2.626681626E-1,2.858546078E-1
1.272026644E2,2.398011833E-2,1.655147970E-1,3.086311221E-1
1.272126724E2,9.746498615E-2,7.984596491E-2,3.159638643E-1
1.272226804E2,1.240120828E-1,1.153134368E-2,3.054266870E-1
1.272326884E2,1.098576486E-1,-3.659517318E-2,2.899007499E-1
1.272426964E2,5.284804478E-2,-8.431542665E-2,2.657305300E-1
1.272527034E2,-3.211051971E-2,-1.243222356E-1,2.339800447E-1
1.272627114E2,-1.388500482E-1,-1.674937159E-1,1.943721324E-1
1.272727194E2,-2.488100976E-1,-2.069521844E-1,1.543962210E-1
1.272827274E2,-3.326956332E-1,-2.088426501E-1,1.237379313E-1
1.272927344E2,-3.859079778E-1,-1.952314973E-1,9.854549170E-2
1.273027424E2,-4.100873470E-1,-1.807947606E-1,7.757336646E-2
1.273127504E2,-3.905903697E-1,-1.604018807E-1,6.944300234E-2
1.273227584E2,-3.519490063E-1,-1.567487866E-1,7.446432859E-2
1.273327654E2,-3.035833538E-1,-1.821958274E-1,7.900582254E-2
1.273427734E2,-2.414184809E-1,-2.341934443E-1,8.386844397E-2
1.273527814E2,-1.764429361E-1,-3.135939837E-1,8.870448172E-2
1.273627894E2,-1.035734937E-1,-3.900803328E-1,8.606965095E-2
1.273727974E2,-2.080324106E-2,-4.410513937E-1,7.600849122E-2
1.273828044E2,5.965422839E-2,-4.505393505E-1,6.272520125E-2
1.273928124E2,1.326901019E-1,-4.163656533E-1,4.541039094E-2
1.274028204E2,1.902283728E-1,-3.562358916E-1,2.899690904E-2
1.274128284E2,2.191990316E-1,-2.767421305E-1,1.502783038E-2
1.274228354E2,2.255216241E-1,-2.048294842E-1,-4.487641621E-3
1.274328434E2,2.204155326E-1,-1.256848574E-1,-1.592431962E-2
1.274428514E2,2.112732381E-1,-6.259343028E-2,-3.280651942E-2
1.274528594E2,1.995127201E-1,2.104341518E-3,-5.973986536E-2
1.274628664E2,1.865000874E-1,6.557109952E-2,-8.413577825E-2
1.274728744E2,1.752173454E-1,1.135157198E-1,-1.020641774E-1
1.274828824E2,1.685076952E-1,1.328051537E-1,-1.089811400E-1
1.274928904E2,1.672602743E-1,1.165705323E-1,-1.030175239E-1
1.275028984E2,1.539127231E-1,3.509792313E-2,-9.702488035E-2
1.275129054E2,1.164601520E-1,-1.015504748E-1,-1.105105951E-1
1.275229134E2,4.349291697E-2,-2.726076245E-1,-1.555446386E-1
1.275329214E2,-5.982974544E-2,-4.555891454E-1,-2.322841436E-1
1.275429294E2,-1.910984814E-1,-6.158285737E-1,-3.363350034E-1
1.275529364E2,-3.298201263E-1,-7.122954130E-1,-4.420166910E-1
1.275629444E2,-4.604209960E-1,-7.380475402E-1,-5.303059816E-1
1.275729524E2,-5.533277988E-1,-6.708047986E-1,-5.919821262E-1
1.275829604E2,-5.932819247E-1,-5.139763951E-1,-6.268994808E-1
1.275929674E2,-5.729711056E-1,-2.969460785E-1,-6.494939923E-1
1.276029754E2,-5.005556345E-1,-3.752849251E-2,-6.645340919E-1
1.276129834E2,-3.750543892E-1,2.404879481E-1,-6.557254195E-1
1.276229914E2,-2.255234867E-1,4.649947286E-1,-6.115743518E-1
1.276329994E2,-8.162731677E-2,6.235726476E-1,-5.276437402E-1
1.276430064E2,4.229723290E-2,7.151647806E-1,-4.346666336E-1
1.276530144E2,1.416192949E-1,7.255231142E-1,-3.386570215E-1
1.276630224E2,2.350392491E-1,6.469167471E-1,-2.613297403E-1
1.276730304E2,3.085066080E-1,4.704042375E-1,-2.023369074E-1
1.276830374E2,3.469585180E-1,2.217617333E-1,-1.706676036E-1
1.276930454E2,3.490355313E-1,-6.136477366E-2,-1.718937159E-1
1.277030534E2,3.176642954E-1,-3.255535364E-1,-1.921497285E-1
1.277130614E2,2.625932992E-1,-5.146616697E-1,-2.345760167E-1
1.277230694E2,1.959963739E-1,-6.153557897E-1,-2.844077945E-1
1.277330764E2,1.304418743E-1,-6.276233792E-1,-3.262615204E-1
1.277430844E2,6.966806203E-2,-5.577935576E-1,-3.579640388E-1
1.277530924E2,1.144443359E-2,-4.281266332E-1,-3.923505247E-1
1.277631004E2,-3.102983348E-2,-2.347920984E-1,-4.146112204E-1
1.277731074E2,-6.361041218E-2,-3.412450477E-2,-4.355380833E-1
1.277831154E2,-8.037339151E-2,1.562487185E-1,-4.466879666E-1
1.277931234E2,-1.055533141E-1,2.821035981E-1,-4.522268176E-1
1.278031314E2,-1.594713181E-1,3.405458927E-1,-4.570970237E-1
1.278131384E2,-2.036052346E-1,3.758157492E-1,-4.479293525E-1
1.278231464E2,-2.398330569E-1,3.679169118E-1,-4.338218868E-1
1.278331544E2,-2.603516281E-1,3.479751647E-1,-4.246006906E-1
1.278431624E2,-2.684880793E-1,3.190281093E-1,-4.053803086E-1
1.278531704E2,-2.624653578E-1,2.954729795E-1,-3.791313767E-1
1.278631774E2,-2.507129014E-1,2.679627538E-1,-3.479720354E-1
1.278731854E2,-2.540780902E-1,2.094658613E-1,-3.240584433E-1
1.278831934E2,-2.884677649E-1,1.221050993E-1,-3.035546541E-1
1.278932014E2,-3.366579413E-1,2.767233551E-2,-3.030726016E-1
1.279032084E2,-3.882384896E-1,-4.519267380E-2,-3.223108947E-1
1.279132164E2,-4.403783977E-1,-9.419509768E-2,-3.553729653E-1
1.279232244E2,-4.907696247E-1,-1.132332981E-1,-3.899294436E-1
1.279332324E2,-5.265838504E-1,-9.042172134E-2,-4.024412334E-1
1.279432404E2,-5.404757857E-1,-4.136819765E-2,-3.922852278E-1
1.279532474E2,-5.290542841E-1,3.006976470E-2,-3.635542393E-1
1.279632554E2,-4.883525074E-1,1.069909036E-1,-3.074617982E-1
1.279732635E2,-4.236424863E-1,1.700082123E-1,-2.455440909E-1
1.279832715E2,-3.416061997E-1,2.106835991E-1,-1.806958169E-1
1.279932785E2,-2.460112423E-1,2.292817831E-1,-1.200753376E-1
1.280032865E2,-1.410232186E-1,2.371340245E-1,-7.097227871E-2
1.280132945E2,-4.378481954E-2,2.481046468E-1,-2.648176998E-2
1.280233025E2,2.790483460E-2,2.597092986E-1,1.135135349E-2
1.280333105E2,7.013058662E-2,2.705587447E-1,4.944521189E-2
1.280433175E2,8.524695039E-2,2.903631032E-1,8.646440506E-2
1.280533255E2,8.282454312E-2,3.131413758E-1,1.263287216E-1
1.280633335E2,7.669433951E-2,3.419083953E-1,1.619096994E-1
1.280733415E2,8.967378736E-2,3.889350295E-1,1.958378404E-1
1.280833485E2,1.099339053E-1,4.245262444E-1,2.229297310E-1
1.280933565E2,1.327569336E-1,4.355634749E-1,2.492175251E-1
1.281033645E2,1.607002914E-1,4.223908484E-1,2.728618085E-1
1.281133725E2,1.917058825E-1,3.962641656E-1,2.922765017E-1
1.281233795E2,2.284131497E-1,3.534131944E-1,2.997938991E-1
1.281333875E2,2.655772865E-1,2.860107124E-1,3.037292659E-1
1.281433955E2,3.069853187E-1,2.126720101E-1,3.129244745E-1
1.281534035E2,3.571361303E-1,1.608857661E-1,3.300073147E-1
1.281634115E2,4.255404174E-1,1.360014528E-1,3.466883898E-1
1.281734185E2,5.107519627E-1,1.395471841E-1,3.559636474E-1
1.281834265E2,5.979139805E-1,1.506785899E-1,3.642152846E-1
1.281934345E2,6.778433919E-1,1.591695547E-1,3.542276323E-1
1.282034425E2,7.136973143E-1,1.550403982E-1,3.304276764E-1
1.282134495E2,6.826893687E-1,1.117120907E-1,2.863395810E-1
1.282234575E2,5.691863894E-1,1.990289055E-2,2.112600654E-1
1.282334655E2,3.742219508E-1,-1.014789268E-1,8.640681952E-2
1.282434735E2,1.234403700E-1,-2.098122835E-1,-7.446511090E-2
1.282534815E2,-1.093199104E-1,-2.783878744E-1,-2.381981164E-1
1.282634885E2,-2.679621577E-1,-2.352715582E-1,-3.425576985E-1
1.282734965E2,-3.271274865E-1,-4.621562362E-2,-3.607787788E-1
1.282835045E2,-2.725180984E-1,2.437144816E-1,-2.895027101E-1
1.282935125E2,-1.273699701E-1,5.643324256E-1,-1.441124827E-1
1.283035195E2,5.927285552E-2,8.079516888E-1,3.022925742E-2
1.283135275E2,2.481277287E-1,9.100266695E-1,1.931760907E-1
1.283235355E2,4.247627556E-1,8.763324022E-1,3.195581138E-1
1.283335435E2,5.752556324E-1,7.535833120E-1,4.117751122E-1
1.283435515E2,6.948323250E-1,5.669136643E-1,4.873205721E-1
1.283535585E2,7.653940916E-1,3.537318707E-1,5.306710005E-1
1.283635665E2,7.949997187E-1,1.716389209E-1,5.462430716E-1
1.283735745E2,7.713772058E-1,3.033478931E-2,5.298976302E-1
1.283835825E2,7.027735114E-1,-9.863777459E-2,5.126642585E-1
1.283935895E2,5.976468325E-1,-2.048339844E-1,4.735173583E-1
1.284035975E2,4.520304203E-1,-2.990004420E-1,4.155799747E-1
1.284136055E2,2.916434109E-1,-3.462595642E-1,3.261555731E-1
1.284236135E2,1.510086954E-1,-3.441726863E-1,2.306329310E-1
1.284336205E2,1.396828704E-2,-3.201831877E-1,1.405704170E-1
1.284436285E2,-1.313756555E-1,-3.172084391E-1,6.390248239E-2
1.284536365E2,-2.502804697E-1,-3.171890080E-1,1.430882514E-2
1.284636445E2,-3.287487328E-1,-2.957981229E-1,-1.827907935E-2
1.284736525E2,-3.536274433E-1,-2.488055974E-1,-3.181592748E-2
1.284836595E2,-3.218764961E-1,-1.792259812E-1,-2.684147097E-2
1.284936675E2,-2.436773032E-1,-1.070077121E-1,-9.357552044E-3
1.285036755E2,-1.316709369E-1,-3.576985747E-2,2.008608356E-2
1.285136835E2,5.932731088E-3,3.588089347E-2,6.595078111E-2
1.285236905E2,1.541932523E-1,8.974982798E-2,1.191156283E-1
1.285336985E2,2.930592895E-1,1.236361489E-1,1.632860154E-1
1.285437065E2,3.820650578E-1,1.328996420E-1,1.893481612E-1
1.285537145E2,4.140664041E-1,1.282516271E-1,1.959115267E-1
1.285637225E2,3.879575431E-1,1.023558080E-1,1.889237761E-1
1.285737295E2,3.237737417E-1,7.574416697E-2,1.613475382E-1
1.285837375E2,2.345481068E-1,5.254312605E-2,1.228445098E-1
1.285937455E2,1.277537495E-1,2.768464759E-2,8.157590032E-2
1.286037535E2,2.442390285E-2,3.055865411E-3,3.682792559E-2
1.286137605E2,-6.756488234E-2,-1.518119499E-2,-3.076346358E-3
1.286237685E2,-1.527702212E-1,-3.930276632E-2,-3.327169642E-2
1.286337765E2,-2.307017744E-1,-7.817453146E-2,-5.534584075E-2
1.286437845E2,-2.906596959E-1,-1.326853931E-1,-5.997109041E-2
1.286537925E2,-3.269450068E-1,-1.992380470E-1,-6.159748137E-2
1.286637995E2,-3.492738008E-1,-2.678159773E-1,-7.447761297E-2
1.286738075E2,-3.386307359E-1,-3.199396431E-1,-8.384715021E-2
1.286838155E2,-3.121832907E-1,-3.489416838E-1,-7.461558282E-2
1.286938235E2,-2.966109812E-1,-3.909493089E-1,-6.316292286E-2
1.287038305E2,-2.818013430E-1,-4.285511672E-1,-4.297908396E-2
1.287138385E2,-2.504868209E-1,-4.542213678E-1,-1.777093299E-2
1.287238465E2,-2.136881500E-1,-4.833593667E-1,-3.345841542E-3
1.287338545E2,-1.772901863E-1,-5.144392252E-1,5.417289678E-3
1.287438625E2,-1.414831281E-1,-5.405390859E-1,2.713975962E-3
1.287538695E2,-1.062638834E-1,-5.624816418E-1,-1.046148129E-2
1.287638775E2,-7.764430344E-2,-5.739856362E-1,-3.077829070E-2
1.287738855E2,-4.509222507E-2,-5.587648749E-1,-5.568949878E-2
1.287838935E2,-9.282297455E-3,-5.317069888E-1,-8.920319378E-2
1.287939005E2,1.491678227E-2,-5.121489763E-1,-1.257377714E-1
1.288039085E2,2.698850632E-2,-4.866754413E-1,-1.634100080E-1
1.288139165E2,3.411139920E-2,-4.559004605E-1,-1.962510496E-1
1.288239245E2,3.680231050E-2,-4.031070769E-1,-2.265458703E-1
1.288339325E2,4.436169192E-2,-3.155609667E-1,-2.515865266E-1
1.288439395E2,3.974235803E-2,-2.349229157E-1,-2.672077417E-1
1.288539475E2,1.983709447E-2,-1.722360998E-1,-2.819989324E-1
1.288639555E2,-1.317147538E-2,-1.475843638E-1,-2.895087600E-1
1.288739635E2,-3.665735945E-2,-1.533389241E-1,-2.979123592E-1
1.288839705E2,-3.174950182E-2,-1.870604604E-1,-3.023456633E-1
1.288939785E2,1.983959693E-3,-2.419538051E-1,-3.243822455E-1
1.289039865E2,5.020374805E-2,-3.019821346E-1,-3.519850969E-1
1.289139945E2,8.502431959E-2,-3.566352725E-1,-3.747143745E-1
1.289240025E2,9.124434739E-2,-4.085199237E-1,-3.927920163E-1
1.289340095E2,7.400118560E-2,-4.540775418E-1,-4.181522429E-1
1.289440175E2,3.156260774E-2,-4.763695598E-1,-4.565766454E-1
1.289540255E2,-1.950244233E-2,-4.846978188E-1,-5.134385824E-1
1.289640335E2,-6.564484537E-2,-4.698769450E-1,-5.756766796E-1
1.289740409E2,-1.063280925E-1,-4.402322471E-1,-6.561909318E-1
1.289840489E2,-1.341152340E-1,-4.018213749E-1,-7.420985103E-1
1.289940569E2,-1.259569079E-1,-3.638798594E-1,-8.190566301E-1
1.290040649E2,-8.630843461E-2,-3.177058697E-1,-8.985024691E-1
1.290140729E2,-3.507534042E-2,-2.533889413E-1,-9.708842635E-1
1.290240799E2,2.776151523E-2,-1.426626742E-1,-1.016806364E0
1.290340879E2,8.975884318E-2,7.196582854E-3,-1.022996783E0
1.290440959E2,1.424944252E-1,1.780435890E-1,-9.989999533E-1
1.290541039E2,1.680541039E-1,3.234151304E-1,-9.584788680E-1
1.290641109E2,1.637675911E-1,3.963173330E-1,-9.190373421E-1
1.290741189E2,1.398050040E-1,4.064700902E-1,-8.896077871E-1
1.290841269E2,1.072773784E-1,3.460109830E-1,-8.658450246E-1
1.290941349E2,8.851620555E-2,2.294252664E-1,-8.372849822E-1
1.291041429E2,8.673873544E-2,8.447373658E-2,-8.182995915E-1
1.291141499E2,9.974534810E-2,-6.220997497E-2,-8.158830404E-1
1.291241579E2,1.207524985E-1,-1.737379432E-1,-8.207928538E-1
1.291341659E2,1.519708782E-1,-2.415944934E-1,-8.311373591E-1
1.291441739E2,1.772961915E-1,-2.427922189E-1,-8.335749507E-1
1.291541809E2,1.851873994E-1,-1.897718757E-1,-8.153703809E-1
1.291641889E2,1.599345356E-1,-1.189505905E-1,-7.866263390E-1
1.291741969E2,1.007953063E-1,-4.718559235E-2,-7.573505044E-1
1.291842049E2,2.160358988E-2,2.098882943E-2,-7.317539454E-1
1.291942129E2,-7.072793692E-2,6.932120770E-2,-7.183028460E-1
1.292042199E2,-1.549289078E-1,9.697444737E-2,-7.172967196E-1
1.292142279E2,-2.229196727E-1,8.611860126E-2,-7.093676925E-1
1.292242359E2,-2.658964992E-1,3.115261905E-2,-7.034974694E-1
1.292342439E2,-2.850211859E-1,-4.966499656E-2,-6.926131248E-1
1.292442519E2,-2.952219844E-1,-1.614143699E-1,-6.688305736E-1
1.292542589E2,-3.164159656E-1,-2.868452668E-1,-6.508451700E-1
1.292642669E2,-3.551207185E-1,-4.075927734E-1,-6.405340433E-1
1.292742749E2,-4.033180773E-1,-4.891592562E-1,-6.358923912E-1
1.292842829E2,-4.519387186E-1,-5.195347071E-1,-6.311586499E-1
1.292942899E2,-4.942675233E-1,-5.088959336E-1,-6.334329844E-1
1.293042979E2,-5.311871171E-1,-4.669960737E-1,-6.361375451E-1
1.293143059E2,-5.530026555E-1,-3.720322847E-1,-6.306093335E-1
1.293243139E2,-5.536143780E-1,-2.444255352E-1,-6.166089773E-1
1.293343219E2,-5.307564735E-1,-1.086573228E-1,-6.036953330E-1
1.293443289E2,-4.956446886E-1,1.840976998E-2,-5.896404386E-1
1.293543369E2,-4.562701285E-1,1.136196479E-1,-5.787131786E-1
1.293643449E2,-4.202139676E-1,1.620858759E-1,-5.686540008E-1
1.293743529E2,-3.941908777E-1,1.583004594E-1,-5.623241663E-1
1.293843609E2,-3.718990088E-1,1.140485704E-1,-5.647789240E-1
1.293943679E2,-3.391908705E-1,7.131948322E-2,-5.771887302E-1
1.294043759E2,-2.888699174E-1,4.537182674E-2,-5.929569602E-1
1.294143839E2,-2.404238284E-1,4.528553784E-2,-6.183187366E-1
1.294243919E2,-2.032108903E-1,9.583339095E-2,-6.458182931E-1
1.294343989E2,-1.844710261E-1,1.647448242E-1,-6.662993431E-1
1.294444069E2,-1.853946596E-1,2.537854910E-1,-6.783533096E-1
1.294544149E2,-2.071705312E-1,3.186060190E-1,-6.902683377E-1
1.294644229E2,-2.404771149E-1,3.350752294E-1,-7.074437141E-1
1.294744309E2,-2.636591494E-1,3.319025934E-1,-7.327522635E-1
1.294844379E2,-2.699309587E-1,3.169150949E-1,-7.673432231E-1
1.294944459E2,-2.452205569E-1,3.028788865E-1,-8.085244894E-1
1.295044539E2,-2.010951787E-1,3.094043136E-1,-8.377110958E-1
1.295144619E2,-1.406126618E-1,3.519019783E-1,-8.525726199E-1
1.295244689E2,-7.109317183E-2,4.318753183E-1,-8.441799283E-1
1.295344769E2,2.156536561E-3,5.124252439E-1,-8.211486340E-1
1.295444849E2,8.198247105E-2,5.710635185E-1,-7.956699133E-1
1.295544929E2,1.594184190E-1,5.954434276E-1,-7.898061872E-1
1.295645009E2,2.305952758E-1,5.875772834E-1,-8.086090088E-1
1.295745079E2,2.880194187E-1,5.601674914E-1,-8.337135315E-1
1.295845159E2,3.169279695E-1,5.271134377E-1,-8.632469177E-1
1.295945239E2,3.192081749E-1,4.906624258E-1,-8.979854584E-1
1.296045319E2,3.181240559E-1,4.573661089E-1,-9.351701736E-1
1.296145399E2,3.222548962E-1,4.066488743E-1,-9.782971740E-1
1.296245469E2,3.201327622E-1,3.597164750E-1,-1.028409719E0
1.296345549E2,3.071242869E-1,3.220655024E-1,-1.077921867E0
1.296445629E2,2.601921558E-1,2.792004049E-1,-1.119422197E0
1.296545709E2,1.822576523E-1,2.422128171E-1,-1.152775049E0
1.296645789E2,8.758269250E-2,1.969218254E-1,-1.175900698E0
1.296745859E2,1.667895727E-2,1.456439942E-1,-1.190526962E0
1.296845939E2,-2.045405097E-2,7.800801098E-2,-1.204698086E0
1.296946019E2,-9.830435738E-3,2.917362936E-2,-1.204949260E0
1.297046099E2,5.094683543E-2,-9.983999655E-3,-1.186255217E0
1.297146169E2,1.629234254E-1,-1.113395207E-2,-1.147873759E0
1.297246249E2,3.212111890E-1,3.380603716E-2,-1.097222805E0
1.297346329E2,5.018805265E-1,9.890061617E-2,-1.043855429E0
1.297446409E2,6.670519710E-1,1.382190883E-1,-1.015503764E0
1.297546489E2,7.762298584E-1,1.336696148E-1,-1.023692966E0
1.297646559E2,8.189908266E-1,9.900874645E-2,-1.049126983E0
1.297746639E2,7.624558806E-1,4.890882224E-2,-1.125783682E0
1.297846719E2,6.225741506E-1,3.392630816E-2,-1.214614630E0
1.297946799E2,4.275016189E-1,1.673799939E-2,-1.292798400E0
1.298046879E2,1.953277737E-1,1.010847837E-2,-1.361137152E0
1.298146949E2,-4.068689793E-2,3.285906464E-2,-1.405439973E0
1.298247029E2,-2.407236099E-1,6.987599283E-2,-1.428028345E0
1.298347109E2,-3.738968372E-1,1.082793027E-1,-1.439215183E0
1.298447189E2,-4.429019988E-1,1.392417550E-1,-1.444663763E0
1.298547269E2,-4.709312320E-1,1.653505862E-1,-1.440164924E0
1.298647339E2,-4.665986300E-1,1.892298460E-1,-1.421717882E0
1.298747419E2,-4.442120790E-1,2.022678852E-1,-1.390208125E0
1.298847499E2,-4.186527431E-1,2.019129694E-1,-1.359592438E0
1.298947579E2,-3.845432401E-1,1.998668611E-1,-1.324094892E0
1.299047649E2,-3.554143608E-1,1.737250090E-1,-1.286386371E0
1.299147729E2,-3.196537197E-1,1.274477839E-1,-1.251777768E0
1.299247809E2,-2.758433819E-1,5.420286953E-2,-1.218258142E0
1.299347889E2,-2.221809626E-1,-4.352182895E-2,-1.185307384E0
1.299447969E2,-1.609923840E-1,-1.419751793E-1,-1.152970433E0
1.299548039E2,-9.583442658E-2,-2.307756245E-1,-1.119964242E0
1.299648119E2,-3.238783404E-2,-3.044757545E-1,-1.087816954E0
1.299748192E2,1.551417820E-2,-3.515774906E-1,-1.066452861E0
1.299848272E2,4.215534031E-2,-3.571549952E-1,-1.051397562E0
1.299948352E2,3.940056637E-2,-3.382140398E-1,-1.044041872E0
1.300048422E2,9.701782838E-3,-3.003311753E-1,-1.036791205E0
1.300148502E2,-2.660881914E-2,-2.419749349E-1,-1.031950355E0
1.300248582E2,-5.892273411E-2,-1.768853813E-1,-1.036816835E0
1.300348662E2,-8.047197014E-2,-1.171714440E-1,-1.054660201E0
1.300448742E2,-8.019964397E-2,-5.835191533E-2,-1.073762298E0
1.300548812E2,-6.472401321E-2,-1.519752014E-2,-1.100343347E0
1.300648892E2,-5.092734843E-2,6.438538898E-3,-1.128824711E0
1.300748972E2,-4.829188436E-2,-1.895291265E-3,-1.161041141E0
1.300849052E2,-5.692206696E-2,-2.849786729E-2,-1.187857509E0
1.300949122E2,-7.357508689E-2,-5.311186984E-2,-1.212310910E0
1.301049202E2,-9.305930138E-2,-6.334213912E-2,-1.234390140E0
1.301149282E2,-1.046272740E-1,-5.405116454E-2,-1.246114492E0
1.301249362E2,-1.085898429E-1,-2.263572253E-2,-1.248457909E0
1.301349442E2,-9.838753939E-2,2.847166918E-2,-1.238767147E0
1.301449512E2,-6.543894112E-2,9.030595422E-2,-1.215927482E0
1.301549592E2,-9.890726767E-3,1.326222569E-1,-1.187338948E0
1.301649672E2,5.635776371E-2,1.384334862E-1,-1.163541555E0
1.301749752E2,1.144442335E-1,9.627804160E-2,-1.140986443E0
1.301849832E2,1.488429457E-1,1.029554475E-2,-1.136457443E0
1.301949902E2,1.584721357E-1,-8.663126826E-2,-1.143086314E0
1.302049982E2,1.484148204E-1,-1.818212122E-1,-1.161397696E0
1.302150062E2,1.292272806E-1,-2.588230669E-1,-1.185441494E0
1.302250142E2,1.284165084E-1,-2.874429822E-1,-1.204622746E0
1.302350222E2,1.456873715E-1,-2.694264352E-1,-1.225423574E0
1.302450292E2,1.755906492E-1,-1.750848144E-1,-1.229559541E0
1.302550372E2,2.014478147E-1,-5.251576379E-2,-1.221659899E0
1.302650452E2,2.270679027E-1,7.952799648E-2,-1.189863920E0
1.302750532E2,2.441547364E-1,1.894867271E-1,-1.153620124E0
1.302850612E2,2.406907231E-1,2.658422291E-1,-1.122635722E0
1.302950682E2,2.130380571E-1,3.004931509E-1,-1.109050393E0
1.303050762E2,1.628415436E-1,2.818850577E-1,-1.099270821E0
1.303150842E2,7.984225452E-2,1.836271882E-1,-1.099352479E0
1.303250922E2,-1.493683644E-2,5.947746709E-2,-1.095608115E0
1.303351002E2,-9.924186021E-2,-5.006473884E-2,-1.076993942E0
1.303451072E2,-1.749553084E-1,-1.528911442E-1,-1.068733215E0
1.303551152E2,-2.453831285E-1,-2.322048843E-1,-1.064827919E0
1.303651232E2,-3.239393234E-1,-3.116729558E-1,-1.066062093E0
1.303751312E2,-4.018112123E-1,-3.865671754E-1,-1.076940536E0
1.303851382E2,-4.558427632E-1,-4.465852082E-1,-1.088914037E0
1.303951462E2,-4.823726416E-1,-4.806427658E-1,-1.087949991E0
1.304051542E2,-4.745857716E-1,-4.775707424E-1,-1.071160913E0
1.304151622E2,-4.365976453E-1,-4.124772251E-1,-1.043215036E0
1.304251702E2,-3.694729209E-1,-2.680111825E-1,-1.019309759E0
1.304351772E2,-2.703458071E-1,-4.875712097E-2,-9.903875589E-1
1.304451852E2,-1.515616775E-1,1.891347915E-1,-9.472864866E-1
1.304551932E2,-3.454877809E-2,3.867605031E-1,-8.940456510E-1
1.304652012E2,7.490450144E-2,5.595586300E-1,-8.286315203E-1
1.304752092E2,1.673092693E-1,6.736231446E-1,-7.562635541E-1
1.304852162E2,2.531161904E-1,7.027997971E-1,-6.816992164E-1
1.304952242E2,3.228129745E-1,6.257207394E-1,-6.200869679E-1
1.305052322E2,3.657563925E-1,4.612396657E-1,-5.742430687E-1
1.305152402E2,3.790889680E-1,2.183915824E-1,-5.516927242E-1
1.305252482E2,3.506823480E-1,-9.115070850E-2,-5.608516932E-1
1.305352552E2,2.816697061E-1,-4.036377668E-1,-5.991487503E-1
1.305452632E2,1.817941517E-1,-6.681761146E-1,-6.638384461E-1
1.305552712E2,8.336052299E-2,-8.184841275E-1,-7.379657030E-1
1.305652792E2,-2.410666458E-2,-8.722939491E-1,-8.065949082E-1
1.305752872E2,-1.453555822E-1,-8.187345862E-1,-8.712335229E-1
1.305852942E2,-2.581369579E-1,-6.571196914E-1,-9.177089930E-1
1.305953022E2,-3.523790538E-1,-4.302465916E-1,-9.274090528E-1
1.306053102E2,-4.285355210E-1,-2.222681493E-1,-9.079762697E-1
1.306153182E2,-4.807443917E-1,-6.894569844E-2,-8.719629049E-1
1.306253262E2,-4.947943985E-1,1.288823970E-2,-8.311865330E-1
1.306353332E2,-4.661310613E-1,3.797228634E-2,-7.908732295E-1
1.306453412E2,-4.067618549E-1,1.796517707E-2,-7.612791657E-1
1.306553492E2,-3.252824545E-1,-2.496524528E-2,-7.478699088E-1
1.306653572E2,-2.364480495E-1,-6.850413978E-2,-7.338874936E-1
1.306753652E2,-1.762459576E-1,-1.198413670E-1,-7.093406320E-1
1.306853722E2,-1.447853148E-1,-1.547157466E-1,-6.731498837E-1
1.306953802E2,-1.404169351E-1,-1.700936258E-1,-6.305060387E-1
1.307053882E2,-1.522869319E-1,-1.600186378E-1,-5.899294019E-1
1.307153962E2,-1.717389375E-1,-1.322184354E-1,-5.511141419E-1
1.307254042E2,-1.834398955E-1,-7.168371230E-2,-5.035938025E-1
1.307354112E2,-1.923819929E-1,-1.920984685E-2,-4.563727975E-1
1.307454192E2,-1.894925982E-1,1.918224804E-2,-4.109797180E-1
1.307554272E2,-1.567844599E-1,7.361859083E-2,-3.611045480E-1
1.307654352E2,-1.058204025E-1,1.183522344E-1,-3.100502193E-1
1.307754432E2,-2.963322401E-2,1.473170370E-1,-2.616222203E-1
1.307854502E2,6.164930761E-2,1.585454196E-1,-2.094094455E-1
1.307954582E2,1.512268633E-1,1.709016860E-1,-1.594730318E-1
1.308054662E2,2.306381613E-1,1.874212623E-1,-1.182240397E-1
1.308154742E2,2.953934669E-1,2.124858648E-1,-7.785691321E-2
1.308254812E2,3.404889703E-1,2.403347045E-1,-4.122620448E-2
1.308354892E2,3.679789305E-1,2.693240047E-1,-2.233795822E-3
1.308454972E2,3.773727119E-1,2.879517972E-1,3.262656927E-2
1.308555052E2,3.780382276E-1,2.927145958E-1,6.441885233E-2
1.308655132E2,3.889210224E-1,2.894040644E-1,1.068066806E-1
1.308755202E2,3.961285949E-1,2.719137669E-1,1.512891948E-1
1.308855282E2,4.118401706E-1,2.526121140E-1,1.944452077E-1
1.308955362E2,4.510195255E-1,2.576276660E-1,2.462580800E-1
1.309055442E2,5.349679589E-1,3.241673708E-1,3.135417402E-1
1.309155522E2,6.241300702E-1,4.141539931E-1,3.898192048E-1
1.309255592E2,6.688180566E-1,4.683383405E-1,4.559720159E-1
1.309355672E2,6.376361847E-1,4.602053165E-1,5.059323311E-1
1.309455752E2,5.311657786E-1,3.876696527E-1,5.341215134E-1
1.309555832E2,3.647243381E-1,2.575968802E-1,5.361111760E-1
1.309655912E2,1.458952576E-1,6.797534972E-2,5.049144626E-1
1.309755989E2,-7.797460258E-2,-1.255959719E-1,4.459509552E-1
1.309856069E2,-2.623437047E-1,-2.957911491E-1,3.718793392E-1
1.309956149E2,-3.975542486E-1,-4.246378243E-1,2.994504273E-1
1.310056229E2,-4.316421747E-1,-4.281360507E-1,2.453791648E-1
1.310156309E2,-3.344756961E-1,-2.680222690E-1,2.480117083E-1
1.310256379E2,-1.412036568E-1,-8.779587224E-3,3.136976361E-1
1.310356459E2,7.976707071E-2,2.641486228E-1,4.049793482E-1
1.310456539E2,2.738120854E-1,4.771200716E-1,5.004034042E-1
1.310556619E2,3.978030086E-1,5.660007000E-1,5.624084473E-1
1.310656699E2,4.570018351E-1,5.691753030E-1,5.791229606E-1
1.310756769E2,4.675135911E-1,5.427804589E-1,5.590515137E-1
1.310856849E2,4.465008974E-1,5.172665715E-1,5.099028349E-1
1.310956929E2,3.958363831E-1,4.870336056E-1,4.504136145E-1
1.311057009E2,3.096552193E-1,4.394035637E-1,3.879073262E-1
1.311157089E2,2.011452466E-1,3.852258325E-1,3.243001401E-1
1.311257159E2,7.625880092E-2,2.994413376E-1,2.593780160E-1
1.311357239E2,-5.796718225E-2,1.766096652E-1,1.737182438E-1
1.311457319E2,-1.790896505E-1,7.267565280E-2,8.330810070E-2
1.311557399E2,-3.023902774E-1,-2.197069302E-2,1.329812594E-2
1.311657479E2,-4.320910573E-1,-9.183950722E-2,-2.675558627E-2
1.311757549E2,-5.434660912E-1,-1.095540524E-1,-3.009199351E-2
1.311857629E2,-6.057349443E-1,-4.603874311E-2,4.704637453E-3
1.311957709E2,-5.937094688E-1,8.139244467E-2,6.368166953E-2
1.312057789E2,-5.065197349E-1,2.048857510E-1,1.282039732E-1
1.312157869E2,-3.913172483E-1,2.243025899E-1,1.676765382E-1
1.312257939E2,-3.061836958E-1,8.012069762E-2,1.576148868E-1
1.312358019E2,-2.569905818E-1,-1.637329757E-1,1.371026784E-1
1.312458099E2,-2.286580950E-1,-3.878821433E-1,1.274109334E-1
1.312558179E2,-1.969627589E-1,-5.063941479E-1,1.495479196E-1
1.312658259E2,-1.346549690E-1,-5.119239092E-1,2.095319182E-1
1.312758329E2,-2.200511843E-2,-4.041015506E-1,2.949623764E-1
1.312858409E2,1.256906688E-1,-2.399460524E-1,3.926642239E-1
1.312958489E2,2.666312754E-1,-1.083595157E-1,4.697275758E-1
1.313058569E2,3.696406782E-1,-6.713388860E-2,4.952907264E-1
1.313158649E2,4.348995686E-1,-9.937971085E-2,4.800851345E-1
1.313258719E2,4.662416875E-1,-1.664975733E-1,4.477733374E-1
1.313358799E2,4.652741551E-1,-2.217949182E-1,4.097042382E-1
1.313458879E2,4.424794614E-1,-2.447836399E-1,3.701474965E-1
1.313558959E2,4.068002999E-1,-2.471359968E-1,3.295196295E-1
1.313659039E2,3.805410266E-1,-2.227416039E-1,2.928615510E-1
1.313759109E2,3.692170084E-1,-1.805757731E-1,2.684172094E-1
1.313859189E2,3.593376577E-1,-1.443389058E-1,2.417780906E-1
1.313959269E2,3.423280716E-1,-1.141546369E-1,2.099735439E-1
1.314059349E2,3.104535937E-1,-1.046166122E-1,1.758889854E-1
1.314159429E2,2.686217427E-1,-1.074859053E-1,1.460016668E-1
1.314259499E2,2.198770940E-1,-1.335967928E-1,1.146346182E-1
1.314359579E2,1.794487238E-1,-1.707289815E-1,9.579328448E-2
1.314459659E2,1.488229036E-1,-2.074258775E-1,7.521928102E-2
1.314559739E2,1.377012879E-1,-2.391664833E-1,5.084416270E-2
1.314659819E2,1.491968036E-1,-2.474248260E-1,2.725497261E-2
1.314759889E2,1.708182096E-1,-2.227836549E-1,1.851612818E-3
1.314859969E2,1.902729124E-1,-1.875388473E-1,-3.177014366E-2
1.314960049E2,2.044446617E-1,-1.488540322E-1,-6.748925894E-2
1.315060129E2,2.155541480E-1,-1.149910092E-1,-8.516512066E-2
1.315160209E2,2.209465206E-1,-9.077461809E-2,-9.776453674E-2
1.315260279E2,2.288480252E-1,-6.902875006E-2,-1.107122377E-1
1.315360359E2,2.241323739E-1,-4.758497700E-2,-1.238107309E-1
1.315460439E2,2.150928080E-1,-2.959732153E-2,-1.359914690E-1
1.315560519E2,2.094109505E-1,-1.489054784E-2,-1.469884515E-1
1.315660599E2,1.877282411E-1,-2.388805710E-2,-1.561378688E-1
1.315760669E2,1.745716929E-1,-4.219808802E-2,-1.816509515E-1
1.315860749E2,1.738670915E-1,-4.805814475E-2,-2.280855328E-1
1.315960829E2,1.630069762E-1,-6.336332858E-2,-2.974198759E-1
1.316060909E2,1.087671667E-1,-1.265463680E-1,-3.755276501E-1
1.316160989E2,1.377487369E-2,-2.360390425E-1,-4.465813339E-1
1.316261059E2,-9.986303747E-2,-3.336764276E-1,-4.681567550E-1
1.316361139E2,-2.144567370E-1,-3.896342218E-1,-4.450075030E-1
1.316461219E2,-3.136420846E-1,-4.076934457E-1,-4.161663353E-1
1.316561299E2,-3.761803210E-1,-3.974306881E-1,-4.023889899E-1
1.316661379E2,-3.978156149E-1,-3.682948947E-1,-4.270527959E-1
1.316761449E2,-3.989189565E-1,-3.347342610E-1,-4.710500836E-1
1.316861529E2,-4.046217501E-1,-2.888641655E-1,-5.343901515E-1
1.316961609E2,-4.079922438E-1,-1.747605205E-1,-5.863191485E-1
1.317061689E2,-4.036470652E-1,1.525217202E-3,-5.969319940E-1
1.317161769E2,-3.965649009E-1,1.846756041E-1,-5.728130937E-1
1.317261839E2,-3.769617379E-1,3.119953573E-1,-5.466207266E-1
1.317361919E2,-3.302344382E-1,3.883812129E-1,-5.112981796E-1
1.317461999E2,-2.710941732E-1,4.170926213E-1,-4.653743505E-1
1.317562079E2,-2.034171224E-1,4.169717133E-1,-4.246178567E-1
1.317662159E2,-1.406593025E-1,3.850779831E-1,-3.859680295E-1
1.317762229E2,-9.117750823E-2,3.093531132E-1,-3.468331397E-1
1.317862309E2,-5.299381539E-2,2.038497627E-1,-3.043140173E-1
1.317962389E2,-2.772440761E-2,7.259959728E-2,-2.506851554E-1
1.318062469E2,-1.830226183E-2,-7.954611629E-2,-1.895872504E-1
1.318162549E2,-1.723513380E-2,-2.236295193E-1,-1.291987449E-1
1.318262619E2,-6.737806252E-4,-3.182151914E-1,-6.654793769E-2
1.318362699E2,2.720019594E-2,-3.647339642E-1,-2.922506817E-2
1.318462779E2,5.613588169E-2,-3.918928504E-1,-2.850430273E-2
1.318562859E2,6.489102542E-2,-3.992170691E-1,-4.578688368E-2
1.318662939E2,6.668014824E-2,-3.806827068E-1,-6.763552129E-2
1.318763009E2,5.779424310E-2,-3.503181338E-1,-7.769268006E-2
1.318863089E2,2.500001341E-2,-2.992143333E-1,-8.215267956E-2
1.318963169E2,-2.797105908E-2,-2.235192955E-1,-8.966812491E-2
1.319063249E2,-8.008038253E-2,-1.317446679E-1,-9.022133052E-2
1.319163329E2,-1.266822368E-1,-5.940521136E-2,-8.868627995E-2
1.319263399E2,-1.653045267E-1,-1.359734684E-2,-9.234467149E-2
1.319363479E2,-1.894985437E-1,1.960215159E-2,-9.963214397E-2
1.319463559E2,-1.961689889E-1,3.045631014E-2,-9.275926650E-2
1.319563639E2,-1.911462545E-1,1.813759282E-2,-7.850655913E-2
1.319663719E2,-1.998354942E-1,-2.246893570E-2,-7.315658778E-2
1.319763785E2,-2.097136825E-1,-6.506673247E-2,-6.897009909E-2
1.319863865E2,-2.314515859E-1,-1.073363572E-1,-6.241553649E-2
1.319963945E2,-2.613312006E-1,-1.396247894E-1,-5.976435915E-2
1.320064025E2,-3.009645641E-1,-1.641445458E-1,-6.601189077E-2
1.320164105E2,-3.402999938E-1,-1.893585473E-1,-7.117496431E-2
1.320264175E2,-3.615745902E-1,-1.758609712E-1,-6.653323770E-2
1.320364255E2,-3.499400318E-1,-1.333430707E-1,-5.177853256E-2
1.320464335E2,-3.036516905E-1,-8.242718130E-2,-2.419251017E-2
1.320564415E2,-2.285241783E-1,-2.532340959E-2,7.908433676E-3
1.320664495E2,-1.374392360E-1,1.418114081E-2,4.234663397E-2
1.320764565E2,-3.682393953E-2,4.292144254E-2,6.430546194E-2
1.320864645E2,6.904556602E-2,5.707704276E-2,8.015447110E-2
1.320964725E2,1.789014935E-1,8.157945424E-2,1.044848487E-1
1.321064805E2,2.685429752E-1,1.086544842E-1,1.325100958E-1
1.321164885E2,3.176631033E-1,1.059812009E-1,1.522571594E-1
1.321264955E2,3.383978605E-1,1.154570282E-1,1.543115526E-1
1.321365035E2,3.467929363E-1,1.500328481E-1,1.571249217E-1
1.321465115E2,3.540089726E-1,2.067611814E-1,1.637940556E-1
1.321565195E2,3.616213500E-1,2.935070097E-1,1.722040474E-1
1.321665275E2,3.684792519E-1,3.876952231E-1,1.758002192E-1
1.321765345E2,3.678198457E-1,4.843123257E-1,1.843476444E-1
1.321865425E2,3.624799848E-1,5.578361750E-1,1.985449493E-1
1.321965505E2,3.488848209E-1,6.059911847E-1,2.083144933E-1
1.322065585E2,3.310499489E-1,6.080151796E-1,2.114314437E-1
1.322165665E2,3.211866617E-1,5.709833503E-1,2.100170404E-1
1.322265735E2,3.156738579E-1,5.016199350E-1,2.028241903E-1
1.322365815E2,3.187037408E-1,4.192851186E-1,2.007993907E-1
1.322465895E2,3.391992152E-1,3.478792608E-1,2.112611830E-1
1.322565975E2,3.832976818E-1,2.825718820E-1,2.243812382E-1
1.322666055E2,4.347400069E-1,2.041565478E-1,2.350667417E-1
1.322766125E2,4.790608883E-1,1.005976647E-1,2.397488505E-1
1.322866205E2,4.819592237E-1,-3.069521859E-2,2.275988013E-1
1.322966285E2,4.129372835E-1,-1.686381698E-1,1.911084354E-1
1.323066365E2,2.634293139E-1,-3.036077619E-1,1.276156455E-1
1.323166445E2,1.427807473E-2,-5.211246014E-1,5.247030780E-2
1.323266515E2,-4.892610312E-1,-7.854990959E-1,-9.800442308E-2
1.323366595E2,-6.516366005E-1,-5.788346529E-1,-7.950963452E-3
1.323466675E2,-7.683187723E-1,-3.453593552E-1,5.951480940E-2
1.323566755E2,-9.560202360E-1,-3.653988242E-1,-2.163650282E-2
1.323666835E2,-8.880327344E-1,-4.445132241E-2,4.128427804E-2
1.323766905E2,-6.710077524E-1,1.959839165E-1,2.183674425E-1
1.323866985E2,-4.207956195E-1,3.855027556E-1,3.006106019E-1
1.323967065E2,-1.261679828E-1,5.449853539E-1,3.560823798E-1
1.324067145E2,2.286750972E-1,6.482197642E-1,4.082844257E-1
1.324167225E2,5.729392767E-1,6.771163940E-1,4.610855877E-1
1.324267295E2,8.317879438E-1,6.485422850E-1,5.106732249E-1
1.324367375E2,1.001633167E0,6.000059247E-1,5.591049194E-1
1.324467455E2,1.062952995E0,5.074812770E-1,5.971996784E-1
1.324567535E2,1.062825203E0,4.563933313E-1,6.189087033E-1
1.324667615E2,9.734201431E-1,3.685920537E-1,6.308755875E-1
1.324767685E2,8.168134689E-1,2.825751305E-1,6.085386276E-1
1.324867765E2,6.179506779E-1,1.922883689E-1,5.766190290E-1
1.324967845E2,4.123834372E-1,1.072030365E-1,5.394895077E-1
1.325067925E2,1.898336560E-1,-2.465788648E-2,4.781515598E-1
1.325168005E2,-3.405696526E-2,-1.795116514E-1,4.037369788E-1
1.325268075E2,-2.466730475E-1,-3.333705664E-1,3.281994462E-1
1.325368155E2,-4.281262159E-1,-4.629064500E-1,2.413489819E-1
1.325468235E2,-5.727137327E-1,-5.393099189E-1,1.481355876E-1
1.325568315E2,-6.967744231E-1,-5.497223735E-1,7.240168005E-2
1.325668395E2,-7.363302112E-1,-3.983359933E-1,6.581640244E-2
1.325768465E2,-7.250267267E-1,-2.264422625E-1,9.414551407E-2
1.325868545E2,-6.664967537E-1,-1.432884112E-2,1.231122017E-1
1.325968625E2,-5.689851046E-1,1.930938512E-1,1.744664758E-1
1.326068705E2,-4.502485394E-1,3.337207735E-1,2.238013893E-1
1.326168785E2,-3.291002810E-1,3.955559134E-1,2.481240332E-1
1.326268855E2,-2.083134949E-1,3.997749984E-1,2.437946349E-1
1.326368935E2,-1.000456139E-1,3.602084219E-1,2.298207581E-1
1.326469015E2,-2.196281962E-2,2.880546451E-1,2.164658904E-1
1.326569095E2,1.735449210E-2,2.084200084E-1,2.056404054E-1
1.326669175E2,1.543073449E-2,1.285864115E-1,1.934967637E-1
1.326769245E2,-2.279468253E-2,6.053918600E-2,1.785481870E-1
1.326869325E2,-8.661149442E-2,2.483676933E-2,1.625511646E-1
1.326969405E2,-1.626524627E-1,1.742519066E-2,1.427164674E-1
1.327069485E2,-2.384758592E-1,3.474186361E-2,1.189445630E-1
1.327169565E2,-3.125434220E-1,6.075695157E-2,1.037941054E-1
1.327269635E2,-3.865148127E-1,5.733707547E-2,9.358736873E-2
1.327369715E2,-4.555604756E-1,4.198554903E-2,9.335593879E-2
1.327469795E2,-5.121854544E-1,2.598858625E-2,9.229164571E-2
1.327569875E2,-5.334273577E-1,3.629218787E-3,9.282374382E-2
1.327669955E2,-5.231432319E-1,-2.135387063E-2,9.381029755E-2
1.327770025E2,-4.872704744E-1,-4.399100691E-2,1.011446416E-1
1.327870105E2,-4.435564578E-1,-7.392596453E-2,1.077444106E-1
1.327970185E2,-3.959181011E-1,-1.262189895E-1,1.037637815E-1
1.328070265E2,-3.405811787E-1,-1.751830578E-1,1.007556394E-1
1.328170345E2,-2.899670005E-1,-2.200083286E-1,9.748474509E-2
1.328270415E2,-2.312848270E-1,-2.326809317E-1,9.486815333E-2
1.328370495E2,-1.606921554E-1,-1.984918118E-1,1.143928543E-1
1.328470575E2,-8.739367127E-2,-9.473902732E-2,1.471418738E-1
1.328570655E2,-1.868384704E-2,7.461191714E-2,1.983853579E-1
1.328670735E2,4.696860164E-2,2.450791597E-1,2.429653257E-1
1.328770805E2,9.641950577E-2,3.536415994E-1,2.626016140E-1
1.328870885E2,1.322509497E-1,3.767734468E-1,2.572614253E-1
1.328970965E2,1.565682739E-1,3.179759085E-1,2.316154540E-1
1.329071045E2,1.807178855E-1,1.955405772E-1,2.047044039E-1
1.329171125E2,2.211928815E-1,4.629570618E-2,1.770501286E-1
1.329271195E2,2.883274853E-1,-6.283596158E-2,1.594262421E-1
1.329371275E2,3.665879369E-1,-1.427204013E-1,1.532972455E-1
1.329471355E2,4.317637384E-1,-2.239880413E-1,1.395644546E-1
1.329571435E2,4.651166201E-1,-3.153232634E-1,1.179864705E-1
1.329671515E2,4.650326371E-1,-4.007253349E-1,9.214141965E-2
1.329771587E2,4.394252896E-1,-4.745987654E-1,6.379632652E-2
1.329871667E2,3.992881179E-1,-5.422537923E-1,2.194930427E-2
1.329971747E2,3.433108628E-1,-6.051172018E-1,-3.156904876E-2
1.330071827E2,2.850159407E-1,-6.441214085E-1,-8.409912139E-2
1.330171907E2,2.095611244E-1,-7.041367888E-1,-1.433454007E-1
1.330271977E2,1.409016699E-1,-7.378733754E-1,-2.004711479E-1
1.330372057E2,1.055487320E-1,-7.392579317E-1,-2.499122024E-1
1.330472137E2,1.090072691E-1,-7.246215940E-1,-3.057643771E-1
1.330572217E2,1.525081396E-1,-6.810829043E-1,-3.836764693E-1
1.330672297E2,2.444327921E-1,-5.612808466E-1,-4.605826437E-1
1.330772367E2,3.599447310E-1,-3.499891460E-1,-5.157987475E-1
1.330872447E2,4.639265835E-1,-7.732603699E-2,-5.547031760E-1
1.330972527E2,4.948277771E-1,1.748225838E-1,-5.606194139E-1
1.331072607E2,4.470578730E-1,3.997029960E-1,-5.404794216E-1
1.331172687E2,3.452801108E-1,5.657969117E-1,-5.049278140E-1
1.331272757E2,2.212559879E-1,6.238282919E-1,-4.702609777E-1
1.331372837E2,9.360243380E-2,6.209723353E-1,-4.545912147E-1
1.331472917E2,-3.879731148E-2,5.450096130E-1,-4.527785182E-1
1.331572997E2,-1.647690833E-1,4.072049260E-1,-4.640183747E-1
1.331673077E2,-2.897402048E-1,2.484383285E-1,-4.893842340E-1
1.331773147E2,-4.109236002E-1,9.381972998E-2,-5.168877840E-1
1.331873227E2,-5.130373240E-1,-2.471065335E-2,-5.456783772E-1
1.331973307E2,-6.071363688E-1,-1.010075510E-1,-5.553946495E-1
1.332073387E2,-6.810930967E-1,-8.475384861E-2,-5.373909473E-1
1.332173467E2,-7.223393321E-1,1.559033338E-2,-4.934943318E-1
1.332273537E2,-7.399078012E-1,1.514282823E-1,-4.315856099E-1
1.332373617E2,-7.283546925E-1,2.907278538E-1,-3.674439192E-1
1.332473697E2,-6.886495352E-1,3.886028230E-1,-3.160388470E-1
1.332573777E2,-6.343580484E-1,4.204110801E-1,-2.899153531E-1
1.332673857E2,-5.787120461E-1,3.894245327E-1,-2.977537811E-1
1.332773927E2,-5.278068185E-1,3.182523549E-1,-3.115321696E-1
1.332874007E2,-4.821619391E-1,2.250826806E-1,-3.257512450E-1
1.332974087E2,-4.425612688E-1,1.141268685E-1,-3.374478519E-1
1.333074167E2,-4.118111432E-1,3.713374492E-3,-3.413498104E-1
1.333174247E2,-3.907980025E-1,-1.002063602E-1,-3.339643180E-1
1.333274317E2,-3.777766824E-1,-1.895537227E-1,-3.135602474E-1
1.333374397E2,-3.624928296E-1,-2.362386733E-1,-2.916424274E-1
1.333474477E2,-3.328889608E-1,-2.248050421E-1,-2.668586075E-1
1.333574557E2,-2.959658504E-1,-1.824155003E-1,-2.511901557E-1
1.333674637E2,-2.586322427E-1,-1.214212552E-1,-2.429455072E-1
1.333774707E2,-2.303449512E-1,-6.402374059E-2,-2.385640740E-1
1.333874787E2,-2.089450061E-1,-8.309776895E-4,-2.293028533E-1
1.333974867E2,-1.904288530E-1,5.688078701E-2,-2.127193511E-1
1.334074947E2,-1.592483521E-1,1.280058622E-1,-2.017016262E-1
1.334175027E2,-1.096003652E-1,1.995863169E-1,-1.829103529E-1
1.334275097E2,-3.160212189E-2,2.645291984E-1,-1.531225592E-1
1.334375177E2,6.640008092E-2,3.152328432E-1,-1.183017343E-1
1.334475257E2,1.602196544E-1,3.512694836E-1,-8.004090935E-2
1.334575337E2,2.284985781E-1,3.824769557E-1,-3.215141594E-2
1.334675407E2,2.692824304E-1,4.052746296E-1,1.601631381E-2
1.334775487E2,2.897791862E-1,4.480279684E-1,5.289123952E-2
1.334875567E2,2.975281477E-1,4.904754162E-1,7.825322449E-2
1.334975647E2,2.966069579E-1,5.202119946E-1,9.316267073E-2
1.335075727E2,2.954144180E-1,5.515138507E-1,1.098662242E-1
1.335175797E2,2.776039839E-1,5.727666616E-1,1.294143498E-1
1.335275877E2,2.498638481E-1,5.720070601E-1,1.457225084E-1
1.335375957E2,2.109081745E-1,5.499947071E-1,1.618543416E-1
1.335476037E2,1.546350867E-1,5.022295117E-1,1.793423742E-1
1.335576117E2,9.147875756E-2,4.276623130E-1,1.875558197E-1
1.335676187E2,3.714467585E-2,3.404339254E-1,1.860561967E-1
1.335776267E2,1.195731224E-3,2.807759345E-1,1.859976053E-1
1.335876347E2,-2.265438670E-3,2.687059939E-1,1.993011236E-1
1.335976427E2,2.224736102E-2,2.868695259E-1,2.465248406E-1
1.336076507E2,5.694356561E-2,3.074406981E-1,3.224504590E-1
1.336176577E2,1.086245999E-1,3.005867898E-1,4.094929397E-1
1.336276657E2,1.740703583E-1,2.101329267E-1,4.890038967E-1
1.336376737E2,2.674442530E-1,2.004101127E-2,5.656859279E-1
1.336476817E2,4.030816853E-1,-2.289107293E-1,6.553319097E-1
1.336576897E2,5.549793243E-1,-5.397247672E-1,7.428929210E-1
1.336676967E2,6.814448237E-1,-8.951979876E-1,8.158151507E-1
1.336777047E2,7.652188540E-1,-1.220365405E0,8.538195491E-1
1.336877127E2,7.894062400E-1,-1.445511818E0,8.344067931E-1
1.336977207E2,7.609975338E-1,-1.519164801E0,7.453711629E-1
1.337077287E2,7.022958994E-1,-1.415713906E0,6.215239167E-1
1.337177357E2,6.270730495E-1,-1.123120904E0,5.101555586E-1
1.337277437E2,5.436890721E-1,-6.846435666E-1,4.545789361E-1
1.337377517E2,4.771787226E-1,-1.682092100E-1,4.426322579E-1
1.337477597E2,4.564298093E-1,3.571482599E-1,4.650408030E-1
1.337577677E2,4.637281895E-1,7.764099836E-1,5.078215599E-1
1.337677747E2,4.716400802E-1,1.028022289E0,5.605190396E-1
1.337777827E2,4.776590765E-1,1.107301354E0,6.003769636E-1
1.337877907E2,4.899381399E-1,1.060616732E0,6.145928502E-1
1.337977987E2,5.099024773E-1,9.197528362E-1,6.085506678E-1
1.338078067E2,5.346419811E-1,7.131584883E-1,5.816841722E-1
1.338178137E2,5.657724738E-1,4.904053211E-1,5.498111844E-1
1.338278217E2,5.698501468E-1,2.551970482E-1,5.088323951E-1
1.338378297E2,5.387351513E-1,4.887769371E-2,4.468731880E-1
1.338478377E2,4.736635387E-1,-1.041070968E-1,3.828190863E-1
1.338578457E2,3.436101973E-1,-2.536984682E-1,3.077507019E-1
1.338678527E2,1.612823308E-1,-3.756358624E-1,2.299515456E-1
1.338778607E2,-6.404639035E-2,-4.548670352E-1,1.659291536E-1
1.338878687E2,-3.186341822E-1,-5.100882649E-1,1.050062999E-1
1.338978767E2,-5.589671135E-1,-5.212674141E-1,4.312855378E-2
1.339078847E2,-7.439017892E-1,-4.826148152E-1,-1.996959187E-2
1.339178917E2,-8.592824340E-1,-4.060228169E-1,-8.134613186E-2
1.339278997E2,-9.148982167E-1,-3.014736176E-1,-1.450548619E-1
1.339379077E2,-9.348053336E-1,-1.880999058E-1,-2.045818269E-1
1.339479157E2,-9.197827578E-1,-4.164523631E-2,-2.505536675E-1
1.339579237E2,-8.667789102E-1,1.079943180E-1,-2.646231353E-1
1.339679307E2,-8.060839176E-1,2.382718325E-1,-2.446611077E-1
1.339779387E2,-7.485793829E-1,3.341794312E-1,-2.210593820E-1
1.339879466E2,-6.934671402E-1,3.918598890E-1,-2.011123896E-1
1.339979546E2,-6.268497705E-1,4.241115749E-1,-1.841629744E-1
1.340079626E2,-5.473985076E-1,4.210243821E-1,-1.779559404E-1
1.340179696E2,-4.434018135E-1,3.883426189E-1,-1.671581417E-1
1.340279776E2,-3.378740251E-1,3.266534209E-1,-1.516573578E-1
1.340379856E2,-2.493268400E-1,2.398128211E-1,-1.366043836E-1
1.340479936E2,-2.014691681E-1,1.512212306E-1,-1.326261610E-1
1.340580016E2,-1.999269277E-1,7.935184240E-2,-1.390861869E-1
1.340680086E2,-2.339642346E-1,2.763878927E-2,-1.487010866E-1
1.340780166E2,-2.913686633E-1,6.649085786E-3,-1.600448191E-1
1.340880246E2,-3.526034057E-1,1.887945645E-2,-1.649974585E-1
1.340980326E2,-4.134366512E-1,3.878365457E-2,-1.735392809E-1
1.341080406E2,-4.624213874E-1,5.709446967E-2,-1.850456893E-1
1.341180476E2,-4.964264929E-1,6.361841410E-2,-1.914298236E-1
1.341280556E2,-5.326646566E-1,5.471179634E-2,-2.006080449E-1
1.341380636E2,-5.677552819E-1,5.132958293E-2,-1.962085068E-1
1.341480716E2,-6.069611311E-1,4.245343432E-2,-1.827262193E-1
1.341580796E2,-6.563715339E-1,2.115320601E-2,-1.764912158E-1
1.341680866E2,-7.169708610E-1,-1.611637510E-2,-1.902937889E-1
1.341780946E2,-7.755742669E-1,-8.737777174E-2,-2.161006182E-1
1.341881026E2,-8.240246177E-1,-1.720897555E-1,-2.514274716E-1
1.341981106E2,-8.712205887E-1,-2.692038119E-1,-2.884472609E-1
1.342081186E2,-9.083220959E-1,-3.423899710E-1,-3.188610077E-1
1.342181256E2,-9.092448950E-1,-3.710011244E-1,-3.276332021E-1
1.342281336E2,-8.707870245E-1,-3.944668174E-1,-3.169775307E-1
1.342381416E2,-7.730157375E-1,-3.943174183E-1,-2.909701467E-1
1.342481496E2,-6.283811927E-1,-3.536641300E-1,-2.373166978E-1
1.342581576E2,-4.539057910E-1,-3.074332476E-1,-1.680960804E-1
1.342681646E2,-2.632616460E-1,-2.623672187E-1,-9.228628874E-2
1.342781726E2,-6.717818230E-2,-2.471397668E-1,-1.232913416E-2
1.342881806E2,1.208268031E-1,-2.624363899E-1,7.134234160E-2
1.342981886E2,2.998202443E-1,-3.102936745E-1,1.403861195E-1
1.343081966E2,4.518344998E-1,-4.192696810E-1,1.848680675E-1
1.343182036E2,5.753614902E-1,-5.712720156E-1,1.997745782E-1
1.343282116E2,6.740238667E-1,-7.045949697E-1,1.894381791E-1
1.343382196E2,7.371716499E-1,-8.220773339E-1,1.565334946E-1
1.343482276E2,7.640265226E-1,-9.013983607E-1,1.011934280E-1
1.343582346E2,7.645096183E-1,-9.468585253E-1,2.404164895E-2
1.343682426E2,7.412730455E-1,-9.491013288E-1,-5.719831586E-2
1.343782506E2,7.117990255E-1,-9.193519354E-1,-1.349610239E-1
1.343882586E2,6.860657930E-1,-8.649092913E-1,-2.165609151E-1
1.343982666E2,6.828463078E-1,-7.921091318E-1,-3.053432405E-1
1.344082736E2,7.177127004E-1,-6.753860116E-1,-3.891354501E-1
1.344182816E2,7.799677849E-1,-5.254378319E-1,-4.656403363E-1
1.344282896E2,8.411942720E-1,-3.382457793E-1,-5.389885902E-1
1.344382976E2,9.069567919E-1,-1.204031855E-1,-5.870344043E-1
1.344483056E2,9.576596618E-1,9.287790209E-2,-6.062810421E-1
1.344583126E2,9.785711169E-1,2.580727339E-1,-6.223708391E-1
1.344683206E2,9.734947681E-1,3.736860156E-1,-6.292357445E-1
1.344783286E2,9.396212101E-1,4.125338197E-1,-6.244580150E-1
1.344883366E2,8.721216321E-1,3.690712750E-1,-6.329228878E-1
1.344983446E2,7.824074626E-1,2.755903304E-1,-6.474597454E-1
1.345083516E2,6.579719186E-1,1.356706321E-1,-6.813019514E-1
1.345183596E2,5.059133768E-1,-3.240066394E-2,-7.421692610E-1
1.345283676E2,3.229418695E-1,-1.861508191E-1,-8.320127726E-1
1.345383756E2,1.076074690E-1,-2.965322137E-1,-9.487681389E-1
1.345483836E2,-1.188253984E-1,-3.297004402E-1,-1.063574433E0
1.345583906E2,-3.389124870E-1,-2.973081470E-1,-1.153571248E0
1.345683986E2,-5.403825641E-1,-2.303666919E-1,-1.214594483E0
1.345784066E2,-6.944538355E-1,-9.485228360E-2,-1.240994096E0
1.345884146E2,-8.060835004E-1,7.766562700E-2,-1.241834402E0
1.345984226E2,-8.695269227E-1,2.552718520E-1,-1.210117459E0
1.346084296E2,-8.903666735E-1,3.895848989E-1,-1.152871609E0
1.346184376E2,-8.847801685E-1,4.781137109E-1,-1.071848989E0
1.346284456E2,-8.718052506E-1,5.017110109E-1,-9.866968393E-1
1.346384536E2,-8.594308496E-1,4.537668824E-1,-9.091365337E-1
1.346484616E2,-8.358049393E-1,3.720455468E-1,-8.408728242E-1
1.346584686E2,-7.949904203E-1,2.763541937E-1,-7.768003345E-1
1.346684766E2,-7.325837016E-1,1.591506302E-1,-7.225614190E-1
1.346784846E2,-6.696103215E-1,4.276064783E-2,-6.759936810E-1
1.346884926E2,-6.129783988E-1,-6.048453972E-2,-6.163700223E-1
1.346985006E2,-5.765689611E-1,-1.393095851E-1,-5.525036454E-1
1.347085076E2,-5.561098456E-1,-1.949490309E-1,-4.795573652E-1
1.347185156E2,-5.647227764E-1,-2.322687060E-1,-3.987599909E-1
1.347285236E2,-5.812667012E-1,-2.508802116E-1,-3.161722720E-1
1.347385316E2,-6.020835638E-1,-2.551716268E-1,-2.359440178E-1
1.347485396E2,-5.999856591E-1,-2.317243814E-1,-1.590563804E-1
1.347585466E2,-5.694269538E-1,-1.873457283E-1,-9.361559153E-2
1.347685546E2,-5.121722221E-1,-1.167095974E-1,-2.064149268E-2
1.347785626E2,-4.454446435E-1,-4.590573162E-2,5.472463369E-2
1.347885706E2,-3.808151484E-1,-1.768139564E-2,1.252429336E-1
1.347985786E2,-3.168164790E-1,-2.330945432E-2,1.850687265E-1
1.348085856E2,-2.426407784E-1,-4.840788245E-2,2.385111749E-1
1.348185936E2,-1.570377201E-1,-6.416021287E-2,2.973491848E-1
1.348286016E2,-5.736142769E-2,-3.720314056E-2,3.630718589E-1
1.348386096E2,5.020098761E-2,3.117991239E-2,4.346387088E-1
1.348486166E2,1.543170959E-1,1.364147514E-1,5.035076737E-1
1.348586246E2,2.486872822E-1,2.744424045E-1,5.660741329E-1
1.348686326E2,3.095868528E-1,4.120243192E-1,6.153257489E-1
1.348786406E2,3.253421187E-1,5.238720179E-1,6.407355070E-1
1.348886486E2,2.799158394E-1,5.810238123E-1,6.403363347E-1
1.348986556E2,1.897468120E-1,5.918756723E-1,6.170371771E-1
1.349086636E2,7.635936886E-2,5.596349239E-1,5.760777593E-1
1.349186716E2,-3.542041779E-2,5.139281154E-1,5.325942039E-1
1.349286796E2,-9.040492773E-2,4.848623574E-1,4.972943664E-1
1.349386876E2,-9.221401066E-2,4.608291984E-1,4.932687283E-1
1.349486946E2,-4.069890082E-2,4.526135027E-1,5.143972635E-1
1.349587026E2,5.673124641E-2,4.475966394E-1,5.538296103E-1
1.349687106E2,1.905378550E-1,4.277595282E-1,5.885868073E-1
1.349787186E2,3.361160755E-1,3.984248042E-1,6.160396934E-1
1.349887265E2,4.608777165E-1,3.402861059E-1,6.138686538E-1
1.349987335E2,5.585715175E-1,2.791652381E-1,5.921028852E-1
1.350087415E2,6.040470600E-1,2.162084430E-1,5.739597082E-1
1.350187495E2,5.833734870E-1,1.410311311E-1,5.443104506E-1
1.350287575E2,5.321978331E-1,7.921719551E-2,5.087116957E-1
1.350387655E2,4.626488388E-1,1.825423911E-2,4.699262083E-1
1.350487725E2,4.100781381E-1,-1.288312394E-2,4.351710677E-1
1.350587805E2,4.055235982E-1,3.409562865E-3,4.152085483E-1
1.350687885E2,4.698636830E-1,7.989485562E-2,4.129639268E-1
1.350787965E2,5.864840150E-1,1.962361038E-1,4.367765784E-1
1.350888045E2,7.132443786E-1,3.292599320E-1,4.904917777E-1
1.350988115E2,8.183796406E-1,4.417864680E-1,5.580518842E-1
1.351088195E2,8.945726752E-1,5.258612633E-1,6.366681457E-1
1.351188275E2,9.370575547E-1,5.632832050E-1,7.231007814E-1
1.351288355E2,9.435375333E-1,5.563498735E-1,7.802491188E-1
1.351388435E2,9.105274081E-1,5.055007935E-1,7.874636054E-1
1.351488505E2,8.594202995E-1,4.259977639E-1,7.543377876E-1
1.351588585E2,7.751831412E-1,3.016454577E-1,6.816686392E-1
1.351688665E2,6.595284939E-1,1.694767177E-1,5.757346749E-1
1.351788745E2,5.232859254E-1,4.112220928E-2,4.473719001E-1
1.351888815E2,3.978688717E-1,-5.612029135E-2,3.203590810E-1
1.351988895E2,2.600854337E-1,-1.386234164E-1,2.114754766E-1
1.352088975E2,7.256527245E-2,-2.532406449E-1,1.215290576E-1
1.352189055E2,-1.453516036E-1,-3.724083304E-1,5.394282565E-2
1.352289135E2,-3.946334720E-1,-5.287922621E-1,8.232693654E-5
1.352389205E2,-6.716677547E-1,-7.160662413E-1,-5.731385201E-2
1.352489285E2,-9.222592115E-1,-8.501043320E-1,-1.412102580E-1
1.352589365E2,-1.095125556E0,-9.087567329E-1,-2.403014153E-1
1.352689445E2,-1.166569352E0,-8.647922277E-1,-3.167993426E-1
1.352789525E2,-1.126034021E0,-6.745836735E-1,-3.571305275E-1
1.352889595E2,-1.033733010E0,-3.824472725E-1,-3.537905812E-1
1.352989675E2,-9.232063293E-1,-3.415320441E-2,-3.024789393E-1
1.353089755E2,-8.166465163E-1,2.890644073E-1,-2.082575262E-1
1.353189835E2,-7.396236658E-1,4.768771827E-1,-1.038320586E-1
1.353289915E2,-7.003340721E-1,4.857974052E-1,-2.984796837E-2
1.353389985E2,-6.546089053E-1,4.048231840E-1,4.799756687E-3
1.353490065E2,-5.846835971E-1,2.684184015E-1,2.399804629E-2
1.353590145E2,-4.897408187E-1,1.391389519E-1,3.805660829E-2
1.353690225E2,-3.959589005E-1,2.714210376E-2,4.987867922E-2
1.353790305E2,-3.209592104E-1,-5.450029299E-2,7.273099571E-2
1.353890375E2,-2.749072313E-1,-1.046150848E-1,9.076397866E-2
1.353990455E2,-2.610454559E-1,-1.488062441E-1,1.100013256E-1
1.354090535E2,-2.767715156E-1,-1.869846582E-1,1.290720999E-1
1.354190615E2,-3.174153566E-1,-2.342666835E-1,1.472015679E-1
1.354290695E2,-3.639988005E-1,-2.915737033E-1,1.520638764E-1
1.354390765E2,-3.940951824E-1,-3.311562538E-1,1.554173231E-1
1.354490845E2,-4.005672634E-1,-3.406517804E-1,1.612256169E-1
1.354590925E2,-3.858527541E-1,-3.384525478E-1,1.713083535E-1
1.354691005E2,-3.556760848E-1,-3.288505077E-1,1.789177060E-1
1.354791085E2,-3.139451444E-1,-3.130121529E-1,1.884113401E-1
1.354891155E2,-2.687503695E-1,-2.969219685E-1,1.970212311E-1
1.354991235E2,-2.237789184E-1,-2.767815292E-1,2.082136869E-1
1.355091315E2,-1.899847686E-1,-2.717119157E-1,2.201114297E-1
1.355191395E2,-1.756985039E-1,-2.867691815E-1,2.305576801E-1
1.355291475E2,-1.678287834E-1,-3.189109266E-1,2.259378582E-1
1.355391545E2,-1.593202502E-1,-3.709352314E-1,2.022067010E-1
1.355491625E2,-1.403955966E-1,-4.161195457E-1,1.727109700E-1
1.355591705E2,-1.136888787E-1,-4.393806756E-1,1.498128474E-1
1.355691785E2,-7.965535671E-2,-4.490548074E-1,1.360126734E-1
1.355791865E2,-4.083472490E-2,-4.244471788E-1,1.336871982E-1
1.355891935E2,8.445558138E-3,-3.480754197E-1,1.460987777E-1
1.355992015E2,6.498260796E-2,-2.362892181E-1,1.662008464E-1
1.356092095E2,1.234223172E-1,-1.055594236E-1,1.873683035E-1
1.356192175E2,1.834744811E-1,1.896093786E-2,2.086163461E-1
1.356292245E2,2.419357598E-1,1.001613438E-1,2.268768847E-1
1.356392325E2,2.997657657E-1,1.566701680E-1,2.412779331E-1
1.356492405E2,3.594255149E-1,1.741912514E-1,2.548682392E-1
1.356592485E2,4.174499512E-1,1.331940144E-1,2.647829056E-1
1.356692565E2,4.569744468E-1,4.091601819E-2,2.579005063E-1
1.356792635E2,4.806768596E-1,-3.862088174E-2,2.252043486E-1
1.356892715E2,4.729335904E-1,-1.439546943E-1,1.594647318E-1
1.356992795E2,4.196615815E-1,-2.454410940E-1,5.294441804E-2
1.357092875E2,3.206101954E-1,-3.150140047E-1,-8.194477111E-2
1.357192955E2,1.831788123E-1,-3.222961426E-1,-2.224076092E-1
1.357293025E2,2.126701735E-2,-2.519862652E-1,-3.444304764E-1
1.357393105E2,-1.433743834E-1,-1.349171549E-1,-4.321978688E-1
1.357493185E2,-2.958695590E-1,1.224965230E-2,-4.950323999E-1
1.357593265E2,-4.108645916E-1,1.688792109E-1,-5.413469076E-1
1.357693345E2,-4.710662663E-1,3.218186498E-1,-5.711330175E-1
1.357793415E2,-4.648291469E-1,4.460870624E-1,-5.932689309E-1
1.357893495E2,-3.946367502E-1,5.686188340E-1,-5.986210108E-1
1.357993575E2,-2.776792347E-1,6.714874506E-1,-5.746456385E-1
1.358093655E2,-1.395450830E-1,7.429343462E-1,-5.255720615E-1
1.358193735E2,-1.027791575E-2,7.558283210E-1,-4.626519382E-1
1.358293805E2,1.016005352E-1,6.839589477E-1,-3.907310963E-1
1.358393885E2,1.748654246E-1,5.044599771E-1,-3.147607148E-1
1.358493965E2,2.210470438E-1,2.395590842E-1,-2.750838697E-1
1.358594045E2,2.343282253E-1,-9.117595851E-2,-2.731437683E-1
1.358694125E2,2.285243571E-1,-4.021276236E-1,-3.023307621E-1
1.358794195E2,2.108651996E-1,-6.229459643E-1,-3.468273878E-1
1.358894275E2,1.736764014E-1,-7.455987930E-1,-3.908861279E-1
1.358994355E2,1.184727997E-1,-7.621381283E-1,-4.253106713E-1
1.359094435E2,6.297116727E-2,-6.697314978E-1,-4.542921782E-1
1.359194505E2,6.460492034E-3,-5.139527917E-1,-4.804468155E-1
1.359294585E2,-6.104312092E-2,-3.166412115E-1,-5.065367222E-1
1.359394665E2,-1.263891011E-1,-1.075305939E-1,-5.203415155E-1
1.359494745E2,-1.810946614E-1,6.738639623E-2,-5.267292261E-1
1.359594825E2,-2.268898487E-1,2.032164037E-1,-5.287279487E-1
1.359694895E2,-2.763850987E-1,2.627831101E-1,-5.292443633E-1
1.359794975E2,-3.165215850E-1,2.556208074E-1,-5.261904597E-1
1.359895056E2,-3.488416374E-1,2.083193958E-1,-5.168495178E-1
1.359995136E2,-3.645771742E-1,1.399760246E-1,-4.970034063E-1
1.360095216E2,-3.612286448E-1,5.596018210E-2,-4.697432518E-1
1.360195286E2,-3.472443819E-1,-3.663899377E-2,-4.364856780E-1
1.360295366E2,-3.349087536E-1,-1.267371029E-1,-4.092907012E-1
1.360395446E2,-3.127879798E-1,-1.774186492E-1,-3.787705898E-1
1.360495526E2,-2.716911137E-1,-1.864482909E-1,-3.373593688E-1
1.360595606E2,-2.188002020E-1,-1.676573008E-1,-2.907314301E-1
1.360695676E2,-1.516412944E-1,-1.336803287E-1,-2.429598421E-1
1.360795756E2,-8.076658845E-2,-9.365435690E-2,-1.965497434E-1
1.360895836E2,-2.003758773E-2,-4.656028375E-2,-1.569711715E-1
1.360995916E2,3.094064072E-2,6.000394002E-3,-1.299824417E-1
1.361095996E2,8.366561681E-2,7.713534683E-2,-1.022239625E-1
1.361196066E2,1.490251720E-1,1.520005316E-1,-7.540513575E-2
1.361296146E2,2.198118865E-1,2.158275992E-1,-4.337962717E-2
1.361396226E2,2.782467008E-1,2.528947890E-1,-4.325169604E-3
1.361496306E2,3.143441081E-1,2.692567408E-1,2.659955621E-2
1.361596386E2,3.425166011E-1,2.923553884E-1,5.209159851E-2
1.361696456E2,3.534421623E-1,3.113782704E-1,6.602711231E-2
1.361796536E2,3.473997116E-1,3.402498662E-1,7.173480093E-2
1.361896616E2,3.085962832E-1,3.659924865E-1,6.989099830E-2
1.361996696E2,2.374781668E-1,3.967466652E-1,5.821170285E-2
1.362096776E2,1.536640376E-1,4.198271930E-1,4.870047048E-2
1.362196846E2,8.033016324E-2,4.426816404E-1,4.694012180E-2
1.362296926E2,3.951616958E-2,4.599334300E-1,5.326214060E-2
1.362397006E2,3.754542768E-2,4.656746686E-1,7.626732439E-2
1.362497086E2,6.917758286E-2,4.544339478E-1,1.103348583E-1
1.362597156E2,1.199382320E-1,4.202698469E-1,1.511552632E-1
1.362697236E2,1.821817309E-1,3.828784227E-1,1.895571053E-1
1.362797316E2,2.434504032E-1,3.391677141E-1,2.213123590E-1
1.362897396E2,3.039215207E-1,2.711250186E-1,2.418592423E-1
1.362997476E2,3.691532612E-1,1.838705242E-1,2.653443217E-1
1.363097546E2,4.452652037E-1,9.846657515E-2,3.007656336E-1
1.363197626E2,5.414884090E-1,2.743767574E-2,3.469560146E-1
1.363297706E2,6.557356715E-1,-2.580414899E-2,4.051692188E-1
1.363397786E2,7.690470219E-1,-4.234823585E-2,4.633896649E-1
1.363497866E2,8.565033674E-1,-2.561110817E-2,5.154106617E-1
1.363597936E2,8.926496506E-1,-1.484394819E-2,5.579093695E-1
1.363698016E2,8.686531186E-1,-9.046034887E-3,5.814233422E-1
1.363798096E2,7.902656198E-1,-1.445278339E-2,5.729062557E-1
1.363898176E2,6.710214615E-1,-4.712963104E-2,5.342856050E-1
1.363998256E2,4.976603389E-1,-1.103424206E-1,4.468774498E-1
1.364098326E2,2.716453075E-1,-2.068907470E-1,3.206279874E-1
1.364198406E2,2.236916125E-2,-2.959479094E-1,1.782215685E-1
1.364298486E2,-2.154797763E-1,-3.454176188E-1,5.560544506E-2
1.364398566E2,-3.816120028E-1,-3.331029117E-1,-1.818808913E-2
1.364498646E2,-4.301055074E-1,-2.267980129E-1,-1.994604059E-2
1.364598716E2,-3.448193669E-1,-3.836712614E-2,5.366133526E-2
1.364698796E2,-1.777169555E-1,1.975096315E-1,1.336601228E-1
1.364798876E2,4.796756059E-2,4.265404046E-1,2.456612289E-1
1.364898956E2,2.855132222E-1,5.485044122E-1,3.659098148E-1
1.364999026E2,4.787923992E-1,5.687716007E-1,4.637998939E-1
1.365099106E2,6.225258708E-1,5.371666551E-1,5.310550332E-1
1.365199186E2,7.109997869E-1,4.605778456E-1,5.718924999E-1
1.365299266E2,7.520080805E-1,3.316986263E-1,5.852677226E-1
1.365399346E2,7.543532252E-1,1.994791031E-1,5.844492912E-1
1.365499416E2,7.197760940E-1,8.694860339E-2,5.748175383E-1
1.365599496E2,6.434576511E-1,-7.965385914E-3,5.523290038E-1
1.365699576E2,5.273596048E-1,-9.857607633E-2,5.137695670E-1
1.365799656E2,3.862496316E-1,-1.662533879E-1,4.625300467E-1
1.365899736E2,2.104814351E-1,-2.302024513E-1,4.089249969E-1
1.365999806E2,4.992460832E-3,-2.934597135E-1,3.482408524E-1
1.366099886E2,-1.962855160E-1,-3.423850536E-1,2.933722436E-1
1.366199966E2,-3.767719269E-1,-3.843210638E-1,2.397338003E-1
1.366300046E2,-5.299935937E-1,-4.081796706E-1,1.787048727E-1
1.366400126E2,-6.393403411E-1,-4.013220370E-1,1.234871596E-1
1.366500196E2,-7.017173767E-1,-3.522458971E-1,9.010568261E-2
1.366600276E2,-7.035930157E-1,-2.491522729E-1,6.668131053E-2
1.366700356E2,-6.503095627E-1,-1.271377355E-1,5.654074624E-2
1.366800436E2,-5.868656039E-1,-3.757803142E-2,6.564369053E-2
1.366900516E2,-5.183641315E-1,3.695943207E-2,9.869339317E-2
1.367000586E2,-4.422964752E-1,6.844119728E-2,1.431617886E-1
1.367100666E2,-3.542189300E-1,6.297548115E-2,1.826819628E-1
1.367200746E2,-2.261270285E-1,5.906729028E-2,2.200141549E-1
1.367300826E2,-6.267371029E-2,5.978607386E-2,2.527925372E-1
1.367400896E2,1.119359061E-1,5.402245745E-2,2.808697224E-1
1.367500976E2,2.550821006E-1,3.125121072E-2,3.076677024E-1
1.367601056E2,3.337692022E-1,-1.052206941E-2,3.277457952E-1
1.367701136E2,3.456763923E-1,-7.890527695E-2,3.306664228E-1
1.367801216E2,3.112683594E-1,-1.556336135E-1,3.170550168E-1
1.367901286E2,2.331325114E-1,-2.335545272E-1,2.900840044E-1
1.368001366E2,1.346272379E-1,-2.922574878E-1,2.418360412E-1
1.368101446E2,4.335805774E-2,-3.028261364E-1,1.931140125E-1
1.368201526E2,-3.247092664E-2,-2.622390389E-1,1.558409482E-1
1.368301606E2,-8.415344357E-2,-1.966226399E-1,1.314731091E-1
1.368401676E2,-1.042134389E-1,-1.245455146E-1,1.232356727E-1
1.368501756E2,-9.350878745E-2,-7.144933939E-2,1.302045882E-1
1.368601836E2,-5.726023763E-2,-6.164811179E-2,1.410575062E-1
1.368701916E2,-2.878511790E-3,-1.001690775E-1,1.578267217E-1
1.368801996E2,5.831719935E-2,-1.740249246E-1,1.650635898E-1
1.368902066E2,1.162832901E-1,-2.549994886E-1,1.595570296E-1
1.369002146E2,1.594747156E-1,-3.357968628E-1,1.517885923E-1
1.369102226E2,1.864090264E-1,-4.034172595E-1,1.426260620E-1
1.369202306E2,1.981170923E-1,-4.524061084E-1,1.376081407E-1
1.369302386E2,2.061377764E-1,-4.693440199E-1,1.360673755E-1
1.369402456E2,2.144862562E-1,-4.603478611E-1,1.367411613E-1
1.369502536E2,2.299074233E-1,-4.212423861E-1,1.311393827E-1
1.369602616E2,2.347431779E-1,-3.976318538E-1,1.094000041E-1
1.369702696E2,2.211888880E-1,-3.853488863E-1,7.736352086E-2
1.369802776E2,1.889278889E-1,-3.825592399E-1,4.356614873E-2
1.369902843E2,1.580220163E-1,-3.667048812E-1,1.003465336E-2
1.370002923E2,1.355294883E-1,-3.184143305E-1,-1.766541786E-2
1.370103003E2,1.306790709E-1,-2.330059409E-1,-4.323815554E-2
1.370203083E2,1.555071920E-1,-1.004271358E-1,-6.256151944E-2
1.370303153E2,1.996662319E-1,5.404179916E-2,-7.161909342E-2
1.370403233E2,2.458132207E-1,2.061724663E-1,-7.314401865E-2
1.370503313E2,2.977046371E-1,3.134970665E-1,-7.721626014E-2
1.370603393E2,3.705721796E-1,3.895846307E-1,-1.157854870E-1
1.370703473E2,4.103690088E-1,4.268341959E-1,-1.740261465E-1
1.370803543E2,3.853800297E-1,4.080115259E-1,-2.366594374E-1
1.370903623E2,3.089141250E-1,3.734375834E-1,-2.892772853E-1
1.371003703E2,1.863618493E-1,3.372212648E-1,-3.428475559E-1
1.371103783E2,2.479947731E-2,3.203208148E-1,-4.010454416E-1
1.371203863E2,-1.674429476E-1,2.989939451E-1,-4.634797871E-1
1.371303933E2,-3.684222400E-1,2.736869156E-1,-5.282321572E-1
1.371404013E2,-5.395476222E-1,2.546596825E-1,-5.872946978E-1
1.371504093E2,-6.591216922E-1,2.573747337E-1,-6.371840835E-1
1.371604173E2,-7.063779235E-1,3.151397407E-1,-6.647174954E-1
1.371704253E2,-6.801089644E-1,4.128323197E-1,-6.700749397E-1
1.371804323E2,-5.911647081E-1,5.128007531E-1,-6.561349034E-1
1.371904403E2,-4.642854631E-1,5.935119987E-1,-6.163696647E-1
1.372004483E2,-3.290381730E-1,6.353060603E-1,-5.689952374E-1
1.372104563E2,-1.948547065E-1,6.270545125E-1,-5.159504414E-1
1.372204633E2,-7.953877002E-2,5.545877218E-1,-4.585931599E-1
1.372304713E2,1.991568366E-3,4.311705232E-1,-4.007876515E-1
1.372404793E2,4.833696410E-2,2.664550841E-1,-3.325710595E-1
1.372504873E2,6.561757624E-2,5.360914022E-2,-2.603430152E-1
1.372604953E2,5.996607989E-2,-2.042990923E-1,-2.136088163E-1
1.372705023E2,2.625340782E-2,-4.433778822E-1,-2.168011814E-1
1.372805103E2,-8.919492364E-3,-6.086707115E-1,-2.360475808E-1
1.372905183E2,-4.336317256E-2,-7.039423585E-1,-2.615504861E-1
1.373005263E2,-7.562736422E-2,-6.988500953E-1,-2.888766527E-1
1.373105343E2,-1.057264581E-1,-5.944455862E-1,-3.085772097E-1
1.373205413E2,-1.186696887E-1,-4.126923084E-1,-3.158029020E-1
1.373305493E2,-1.156452000E-1,-1.905349791E-1,-3.156465888E-1
1.373405573E2,-1.089809090E-1,9.345915169E-3,-3.146052957E-1
1.373505653E2,-9.986881167E-2,1.390698701E-1,-3.046675324E-1
1.373605733E2,-1.040134877E-1,1.775866300E-1,-2.850442827E-1
1.373705803E2,-1.089144722E-1,1.509588212E-1,-2.714170218E-1
1.373805883E2,-1.127150655E-1,8.184871823E-2,-2.731712461E-1
1.373905963E2,-1.181403324E-1,1.086556911E-2,-2.942743599E-1
1.374006043E2,-1.250349879E-1,-4.338808358E-2,-3.110147119E-1
1.374106113E2,-1.546023041E-1,-9.531758726E-2,-3.177555799E-1
1.374206193E2,-1.955864877E-1,-1.212775558E-1,-3.382171690E-1
1.374306273E2,-2.501902878E-1,-1.318349242E-1,-3.591065109E-1
1.374406353E2,-3.138800263E-1,-1.186914146E-1,-3.763829768E-1
1.374506433E2,-3.811868727E-1,-9.696406871E-2,-3.944192827E-1
1.374606503E2,-4.523662627E-1,-7.984899729E-2,-4.178402126E-1
1.374706583E2,-5.184301734E-1,-6.697554141E-2,-4.316539764E-1
1.374806663E2,-5.742966533E-1,-6.393660605E-2,-4.350108802E-1
1.374906743E2,-6.115055680E-1,-6.080643088E-2,-4.383827448E-1
1.375006823E2,-6.166468263E-1,-5.215835199E-2,-4.315069914E-1
1.375106893E2,-5.917314291E-1,-4.045700654E-2,-4.194121659E-1
1.375206973E2,-5.335501432E-1,-6.077461410E-3,-4.083962739E-1
1.375307053E2,-4.515464008E-1,4.852168262E-2,-3.919681311E-1
1.375407133E2,-3.663555980E-1,1.021609455E-1,-3.659826219E-1
1.375507213E2,-2.919448912E-1,1.489315629E-1,-3.354044855E-1
1.375607283E2,-2.369617969E-1,1.777709424E-1,-2.991088033E-1
1.375707363E2,-2.064700723E-1,2.043966204E-1,-2.625305355E-1
1.375807443E2,-1.940368414E-1,2.280572057E-1,-2.323931456E-1
1.375907523E2,-1.935999393E-1,2.383003235E-1,-2.098883837E-1
1.376007593E2,-1.831592768E-1,2.536284029E-1,-1.791395247E-1
1.376107673E2,-1.708706617E-1,2.619341612E-1,-1.387558579E-1
1.376207753E2,-1.620950252E-1,2.625754476E-1,-9.320755303E-2
1.376307833E2,-1.467164457E-1,2.694705427E-1,-3.016684204E-2
1.376407913E2,-1.254050285E-1,2.721517980E-1,4.951866344E-2
1.376507983E2,-9.504052252E-2,2.625817358E-1,1.323692650E-1
1.376608063E2,-3.991175815E-2,2.288386971E-1,2.076773345E-1
1.376708143E2,2.165359631E-2,1.639219075E-1,2.603917420E-1
1.376808223E2,9.666712582E-2,7.586555183E-2,3.061805367E-1
1.376908303E2,1.871108860E-1,-2.506293729E-2,3.640836477E-1
1.377008373E2,2.995634079E-1,-9.787961096E-2,4.300847650E-1
1.377108453E2,4.355841577E-1,-1.261565685E-1,5.045592785E-1
1.377208533E2,5.766347647E-1,-1.273536682E-1,5.835108161E-1
1.377308613E2,6.975628734E-1,-1.252246946E-1,6.606907248E-1
1.377408693E2,7.672452927E-1,-1.422795653E-1,7.240454555E-1
1.377508763E2,7.856332064E-1,-1.944442838E-1,7.675696015E-1
1.377608843E2,7.664361000E-1,-2.571071386E-1,7.695877552E-1
1.377708923E2,7.086787224E-1,-3.209192455E-1,7.186140418E-1
1.377809003E2,6.154406667E-1,-4.012715816E-1,6.177132726E-1
1.377909073E2,4.922183454E-1,-4.454714656E-1,4.984693527E-1
1.378009153E2,3.670228720E-1,-3.838800192E-1,3.977158368E-1
1.378109233E2,2.807754278E-1,-2.043182701E-1,3.418237865E-1
1.378209313E2,2.540407479E-1,8.369646966E-2,3.511001170E-1
1.378309393E2,2.650819719E-1,4.346227646E-1,4.204394519E-1
1.378409463E2,2.806651890E-1,7.153220177E-1,5.092507601E-1
1.378509543E2,2.945960760E-1,8.701124787E-1,5.794570446E-1
1.378609623E2,3.162667453E-1,8.924923539E-1,6.285665035E-1
1.378709703E2,3.725151122E-1,8.208557367E-1,6.609153748E-1
1.378809783E2,4.511867464E-1,6.752172709E-1,6.642299891E-1
1.378909853E2,5.409740806E-1,5.163851380E-1,6.329672337E-1
1.379009933E2,6.345679164E-1,3.970888555E-1,5.949437022E-1
1.379110013E2,7.124811411E-1,2.902079821E-1,5.610830784E-1
1.379210093E2,7.476292849E-1,1.963992119E-1,5.510118008E-1
1.379310173E2,7.108469605E-1,9.724067152E-2,5.458042026E-1
1.379410243E2,6.239256263E-1,1.245520636E-2,5.310859680E-1
1.379510323E2,4.964562953E-1,-5.502226204E-2,5.053482652E-1
1.379610403E2,3.338428736E-1,-1.420527697E-1,4.671864510E-1
1.379710483E2,1.572031975E-1,-2.444471717E-1,4.216651917E-1
1.379810553E2,-1.671240851E-2,-3.461058736E-1,3.680325747E-1
1.379910633E2,-1.729145795E-1,-4.398814738E-1,3.121312261E-1
1.380010713E2,-3.006608486E-1,-5.122606158E-1,2.549797893E-1
1.380110793E2,-3.907454908E-1,-5.323831439E-1,2.082023919E-1
1.380210873E2,-4.386475086E-1,-4.802707136E-1,1.974634528E-1
1.380310943E2,-4.473301172E-1,-3.776089549E-1,2.048745453E-1
1.380411023E2,-4.155468941E-1,-2.356227785E-1,2.244834006E-1
1.380511103E2,-3.618355989E-1,-8.762302995E-2,2.555133700E-1
1.380611183E2,-3.020835817E-1,2.454851754E-2,3.042324483E-1
1.380711263E2,-2.449230850E-1,8.814064413E-2,3.503927290E-1
1.380811333E2,-1.937911958E-1,8.239647001E-2,3.956299722E-1
1.380911413E2,-1.435838491E-1,2.464007586E-2,4.346980751E-1
1.381011493E2,-9.095179290E-2,-5.548831820E-2,4.645481110E-1
1.381111573E2,-4.091142118E-2,-1.441569328E-1,4.818994999E-1
1.381211643E2,1.686452329E-2,-1.933239400E-1,4.854966402E-1
1.381311723E2,7.907200605E-2,-1.974439174E-1,4.905307591E-1
1.381411803E2,1.266009063E-1,-1.916291714E-1,5.014646053E-1
1.381511883E2,1.517828405E-1,-1.917509735E-1,5.224468112E-1
1.381611963E2,1.435091943E-1,-2.196238935E-1,5.367773175E-1
1.381712033E2,1.263355911E-1,-2.532469928E-1,5.448240638E-1
1.381812113E2,1.080428734E-1,-2.818695903E-1,5.372343063E-1
1.381912193E2,9.899855405E-2,-3.038772345E-1,5.150799155E-1
1.382012273E2,9.887392074E-2,-3.148017824E-1,4.717553258E-1
1.382112353E2,1.019521654E-1,-3.166380525E-1,4.178053439E-1
1.382212423E2,1.112274230E-1,-2.997344434E-1,3.705480695E-1
1.382312503E2,1.072057188E-1,-2.823812664E-1,3.241871893E-1
1.382412583E2,9.069518745E-2,-2.574511468E-1,2.852981091E-1
1.382512663E2,6.499379128E-2,-2.248306870E-1,2.564466298E-1
1.382612733E2,4.594740272E-2,-1.757712662E-1,2.328291684E-1
1.382712813E2,3.623405844E-2,-1.395156682E-1,2.073655725E-1
1.382812893E2,4.774503782E-2,-1.115554199E-1,1.744326502E-1
1.382912973E2,7.555428147E-2,-8.494745940E-2,1.446383595E-1
1.383013053E2,1.055491939E-1,-5.244703591E-2,1.134759113E-1
1.383113123E2,1.310722232E-1,-3.226134181E-2,9.261760116E-2
1.383213203E2,1.387147009E-1,-4.009343684E-2,6.983558834E-2
1.383313283E2,1.197371706E-1,-8.839616925E-2,3.901784867E-2
1.383413363E2,7.385436445E-2,-1.549477726E-1,-7.797324099E-3
1.383513443E2,3.403197601E-2,-1.895468384E-1,-5.808828771E-2
1.383613513E2,8.408370428E-3,-1.554000527E-1,-9.194026142E-2
1.383713593E2,5.994495936E-3,-5.974278599E-2,-1.007052287E-1
1.383813673E2,1.898992248E-2,4.822948948E-2,-8.814016730E-2
1.383913753E2,4.999984056E-2,1.343287528E-1,-6.685895473E-2
1.384013823E2,8.459030837E-2,1.871653348E-1,-4.831802472E-2
1.384113903E2,1.007074267E-1,1.592864990E-1,-6.273388118E-2
1.384213983E2,8.232895285E-2,4.009033740E-2,-1.177036539E-1
1.384314063E2,1.096067671E-2,-1.300893277E-1,-2.119768709E-1
1.384414143E2,-1.148340032E-1,-3.004866242E-1,-3.364751339E-1
1.384514213E2,-2.947789431E-1,-4.488350153E-1,-4.715872109E-1
1.384614293E2,-5.178082585E-1,-5.499064922E-1,-6.014730334E-1
1.384714373E2,-7.771540284E-1,-6.157103181E-1,-7.249857783E-1
1.384814453E2,-1.031618476E0,-6.343731880E-1,-8.406583667E-1
1.384914533E2,-1.245408893E0,-5.996344090E-1,-9.272009730E-1
1.385014603E2,-1.380557895E0,-4.568610191E-1,-9.711971879E-1
1.385114683E2,-1.416126251E0,-1.943720579E-1,-9.811345339E-1
1.385214763E2,-1.353184104E0,1.367829591E-1,-9.440683722E-1
1.385314843E2,-1.213336110E0,4.415935576E-1,-8.657737970E-1
1.385414913E2,-1.025068521E0,6.582369804E-1,-7.497420311E-1
1.385514993E2,-8.164067864E-1,7.430586815E-1,-6.239662766E-1
1.385615073E2,-5.892900229E-1,7.339277864E-1,-5.274927020E-1
1.385715153E2,-3.487139940E-1,6.457722783E-1,-4.432654679E-1
1.385815233E2,-1.183465868E-1,4.794879556E-1,-3.722544312E-1
1.385915303E2,7.458271086E-2,2.605035305E-1,-3.142398596E-1
1.386015383E2,2.130966634E-1,2.128907479E-2,-2.797127664E-1
1.386115463E2,2.926468253E-1,-1.907532364E-1,-2.645836174E-1
1.386215543E2,3.219999075E-1,-3.624661565E-1,-2.669942975E-1
1.386315623E2,3.036814332E-1,-4.840985239E-1,-2.992912233E-1
1.386415693E2,2.429730743E-1,-5.570477843E-1,-3.438893259E-1
1.386515773E2,1.521124840E-1,-5.672193170E-1,-3.991827965E-1
1.386615853E2,4.826199636E-2,-4.999667406E-1,-4.547381997E-1
1.386715933E2,-6.644760072E-2,-3.640517890E-1,-5.113070011E-1
1.386816003E2,-1.724536717E-1,-1.652761102E-1,-5.583820939E-1
1.386916083E2,-2.647432089E-1,3.877102584E-2,-5.933590531E-1
1.387016163E2,-3.417112231E-1,2.050044835E-1,-6.163759828E-1
1.387116243E2,-3.896193504E-1,3.105046749E-1,-6.179597378E-1
1.387216323E2,-3.982919455E-1,3.432746232E-1,-6.054394245E-1
1.387316393E2,-3.795920014E-1,2.900587916E-1,-5.875309110E-1
1.387416473E2,-3.462313712E-1,1.676354259E-1,-5.819827318E-1
1.387516553E2,-3.110080361E-1,1.244945452E-2,-5.887014866E-1
1.387616633E2,-2.893789113E-1,-1.371770650E-1,-5.989146829E-1
1.387716713E2,-2.809119523E-1,-2.397599816E-1,-6.115921140E-1
1.387816783E2,-2.848827243E-1,-2.658054233E-1,-6.238626242E-1
1.387916863E2,-3.041731119E-1,-2.149036080E-1,-6.283013225E-1
1.388016943E2,-3.395217955E-1,-1.072485074E-1,-6.185933352E-1
1.388117023E2,-3.880438507E-1,2.627428807E-2,-5.967116952E-1
1.388217093E2,-4.382857084E-1,1.666013151E-1,-5.660704374E-1
1.388317173E2,-4.850001931E-1,2.883517146E-1,-5.348847508E-1
1.388417253E2,-5.082152486E-1,3.796009421E-1,-4.914283752E-1
1.388517333E2,-5.039796233E-1,4.408695698E-1,-4.441237450E-1
1.388617413E2,-4.565527439E-1,4.673097134E-1,-3.979418576E-1
1.388717483E2,-3.696520925E-1,4.488421082E-1,-3.445467651E-1
1.388817563E2,-2.573929429E-1,3.932986856E-1,-2.834455967E-1
1.388917643E2,-1.352015883E-1,3.197108805E-1,-2.090005279E-1
1.389017723E2,-1.781184971E-2,2.473823279E-1,-1.286023557E-1
1.389117793E2,7.301378250E-2,1.940795332E-1,-5.998220667E-2
1.389217873E2,1.332004219E-1,1.658652127E-1,-7.069191430E-3
1.389317953E2,1.571030915E-1,1.673203558E-1,3.667509556E-2
1.389418033E2,1.488065422E-1,2.017686218E-1,8.227187395E-2
1.389518113E2,1.203799918E-1,2.469807863E-1,1.232333332E-1
1.389618183E2,8.484622836E-2,2.960343361E-1,1.472265571E-1
1.389718263E2,4.988492653E-2,3.374626637E-1,1.723589897E-1
1.389818343E2,1.086961757E-2,3.551037014E-1,1.897627562E-1
1.389918432E2,-3.386894986E-2,3.454529643E-1,2.001860887E-1
1.390018512E2,-9.048642218E-2,3.192549348E-1,2.177392542E-1
1.390118582E2,-1.521074623E-1,2.636782825E-1,2.453696430E-1
1.390218662E2,-2.139140964E-1,1.456211358E-1,2.824565470E-1
1.390318742E2,-2.426729202E-1,4.326355830E-2,3.269429207E-1
1.390418822E2,-1.880733222E-1,9.505860507E-3,3.974799216E-1
1.390518892E2,-3.439098969E-2,5.977503955E-2,4.736314714E-1
1.390618972E2,1.755473316E-1,1.715026349E-1,5.510820150E-1
1.390719052E2,3.947854936E-1,2.876511216E-1,6.328111887E-1
1.390819132E2,5.881325603E-1,3.782465458E-1,7.037921548E-1
1.390919212E2,7.350104451E-1,4.126833081E-1,7.511872649E-1
1.391019282E2,8.258660436E-1,3.838356733E-1,7.560024858E-1
1.391119362E2,8.544725180E-1,2.883062363E-1,7.032992244E-1
1.391219442E2,8.269407749E-1,1.481712312E-1,5.932846069E-1
1.391319522E2,7.615692616E-1,-4.304556642E-3,4.740528762E-1
1.391419602E2,6.844414473E-1,-1.373313218E-1,3.717009425E-1
1.391519672E2,6.205560565E-1,-2.180349529E-1,3.041632771E-1
1.391619752E2,5.923190713E-1,-2.134694904E-1,2.820883393E-1
1.391719832E2,6.037599444E-1,-1.079842299E-1,2.945546806E-1
1.391819912E2,6.597233415E-1,6.830691546E-2,3.235155046E-1
1.391919982E2,7.372040749E-1,2.460091114E-1,3.554391563E-1
1.392020062E2,8.066987395E-1,3.771138489E-1,3.868767023E-1
1.392120142E2,8.403882384E-1,4.351413548E-1,4.157762229E-1
1.392220222E2,8.293201327E-1,4.193336368E-1,4.234051108E-1
1.392320302E2,7.875844240E-1,3.495527804E-1,4.085619748E-1
1.392420372E2,7.354578376E-1,2.713847458E-1,3.802552521E-1
1.392520452E2,6.795232296E-1,2.062447816E-1,3.438104987E-1
1.392620532E2,6.192836165E-1,1.687826365E-1,3.136003911E-1
1.392720612E2,5.356759429E-1,1.356012076E-1,2.966161370E-1
1.392820682E2,4.217709601E-1,9.842215478E-2,2.847549617E-1
1.392920762E2,2.671228349E-1,4.441737011E-2,2.731916308E-1
1.393020842E2,7.507165521E-2,-3.808043525E-2,2.458106130E-1
1.393120922E2,-1.226303875E-1,-1.371359825E-1,2.071557939E-1
1.393221002E2,-3.133971393E-1,-2.299418151E-1,1.546603739E-1
1.393321072E2,-4.947720170E-1,-3.137328625E-1,8.892659843E-2
1.393421152E2,-6.447548866E-1,-3.741509318E-1,1.892354339E-2
1.393521232E2,-7.575190067E-1,-3.939031065E-1,-3.903620318E-2
1.393621312E2,-8.091121316E-1,-3.399043083E-1,-5.999927595E-2
1.393721392E2,-7.971377969E-1,-2.191410065E-1,-3.942747787E-2
1.393821462E2,-7.278317213E-1,-6.054550037E-2,1.556706708E-2
1.393921542E2,-6.228769422E-1,9.135779738E-2,9.075921029E-2
1.394021622E2,-4.968892038E-1,2.038603872E-1,1.715837568E-1
1.394121702E2,-3.714176118E-1,2.288662344E-1,2.334480882E-1
1.394221772E2,-2.606010735E-1,1.639386266E-1,2.498403788E-1
1.394321852E2,-1.405289918E-1,5.978479236E-2,2.416746914E-1
1.394421932E2,-2.922164090E-2,-5.701212585E-2,2.230972797E-1
1.394522012E2,5.500430241E-2,-1.489398330E-1,2.083309889E-1
1.394622092E2,9.172663093E-2,-1.771110147E-1,2.022784203E-1
1.394722162E2,8.574428409E-2,-1.648521572E-1,2.030891180E-1
1.394822242E2,4.527276009E-2,-1.393289566E-1,1.956426501E-1
1.394922322E2,-2.207030542E-2,-1.181592643E-1,1.672324985E-1
1.395022402E2,-9.568167478E-2,-1.215151176E-1,1.149863377E-1
1.395122472E2,-1.657146513E-1,-1.488908678E-1,4.616286978E-2
1.395222552E2,-2.054719180E-1,-1.824309826E-1,-2.530225739E-2
1.395322632E2,-2.175936848E-1,-2.135062516E-1,-8.818980306E-2
1.395422712E2,-2.046603113E-1,-2.232592702E-1,-1.408764571E-1
1.395522792E2,-1.613629460E-1,-2.078994364E-1,-1.493327320E-1
1.395622862E2,-1.052418873E-1,-1.889366508E-1,-1.004637182E-1
1.395722942E2,-5.393748730E-2,-1.737676561E-1,-2.313937992E-2
1.395823022E2,-8.899169974E-3,-1.826266646E-1,6.004711986E-2
1.395923102E2,4.153286293E-2,-2.208139002E-1,1.166238114E-1
1.396023182E2,9.786936641E-2,-2.820000350E-1,1.501849741E-1
1.396123252E2,1.504075676E-1,-3.585076928E-1,1.566691548E-1
1.396223332E2,1.906971931E-1,-4.273780882E-1,1.318729967E-1
1.396323412E2,2.292202264E-1,-4.474156797E-1,9.310987592E-2
1.396423492E2,2.846589983E-1,-4.059862196E-1,5.307644606E-2
1.396523562E2,3.506091535E-1,-3.358810842E-1,1.660713926E-2
1.396623642E2,4.099795520E-1,-2.346322387E-1,-6.636929698E-3
1.396723722E2,4.470344484E-1,-1.228414848E-1,-2.031913772E-2
1.396823802E2,4.487742782E-1,-3.339602798E-2,-3.722142428E-2
1.396923882E2,4.187447727E-1,3.328586742E-2,-5.531987548E-2
1.397023952E2,3.577069938E-1,5.926420540E-2,-7.682622969E-2
1.397124032E2,2.788563371E-1,6.639487296E-2,-1.055933386E-1
1.397224112E2,1.888510883E-1,4.602781311E-2,-1.232948378E-1
1.397324192E2,1.073673815E-1,4.185128212E-2,-1.407233477E-1
1.397424262E2,5.525038764E-2,8.390259743E-2,-1.433146000E-1
1.397524342E2,3.901646659E-2,1.317812353E-1,-1.407966763E-1
1.397624422E2,4.719983041E-2,1.753835678E-1,-1.374962181E-1
1.397724502E2,5.970086902E-2,2.003425956E-1,-1.355159432E-1
1.397824582E2,4.607427120E-2,1.888236254E-1,-1.448117048E-1
1.397924652E2,-1.334371883E-2,1.164298132E-1,-1.744189113E-1
1.398024732E2,-1.219005510E-1,-1.009004563E-2,-2.167362720E-1
1.398124812E2,-2.650073469E-1,-1.640510112E-1,-3.014701307E-1
1.398224892E2,-4.233059287E-1,-3.680782020E-1,-4.089902043E-1
1.398324972E2,-5.900141597E-1,-5.942016244E-1,-5.316581726E-1
1.398425042E2,-7.328368425E-1,-8.034986854E-1,-6.677044034E-1
1.398525122E2,-8.278372288E-1,-9.628155231E-1,-7.769602537E-1
1.398625202E2,-8.803273439E-1,-1.006905794E0,-8.377133012E-1
1.398725282E2,-8.894835711E-1,-9.157959223E-1,-8.604964018E-1
1.398825352E2,-8.467339277E-1,-7.299975753E-1,-8.406170011E-1
1.398925432E2,-7.534074187E-1,-4.811484814E-1,-8.006464243E-1
1.399025512E2,-6.192104816E-1,-2.257832736E-1,-7.346322536E-1
1.399125592E2,-4.702371955E-1,-6.917774212E-3,-6.474688053E-1
1.399225672E2,-3.211515546E-1,1.590080857E-1,-5.583178997E-1
1.399325742E2,-1.646808088E-1,2.707957327E-1,-4.693018794E-1
1.399425822E2,-1.314773131E-2,2.992649078E-1,-3.822338283E-1
1.399525902E2,1.172328740E-1,2.394378036E-1,-3.077060580E-1
1.399625982E2,2.211454213E-1,1.183015183E-1,-2.449095398E-1
1.399726052E2,2.891412377E-1,-4.126332328E-2,-1.990583539E-1
1.399826132E2,3.272894323E-1,-2.085087746E-1,-1.785000712E-1
1.399926209E2,3.367018998E-1,-3.632311821E-1,-1.858358234E-1
1.400026289E2,3.183769584E-1,-4.840068519E-1,-2.124527842E-1
1.400126369E2,2.720759809E-1,-5.706949830E-1,-2.525007725E-1
1.400226439E2,2.087172270E-1,-5.804466605E-1,-2.930849493E-1
1.400326519E2,1.384405941E-1,-4.944011569E-1,-3.185804486E-1
1.400426599E2,7.066712528E-2,-3.590398729E-1,-3.318328857E-1
1.400526679E2,1.804308966E-2,-1.815028340E-1,-3.445471227E-1
1.400626759E2,-1.822729968E-2,-2.225166000E-2,-3.476212025E-1
1.400726829E2,-5.676139891E-2,8.388213813E-2,-3.412929475E-1
1.400826909E2,-1.075590700E-1,1.229275465E-1,-3.323740363E-1
1.400926989E2,-1.640885770E-1,8.908980340E-2,-3.131091297E-1
1.401027069E2,-2.202647626E-1,-1.002719533E-2,-2.970119417E-1
1.401127139E2,-2.823216319E-1,-1.564722806E-1,-2.937989831E-1
1.401227219E2,-3.337233067E-1,-2.861088216E-1,-3.067792356E-1
1.401327299E2,-3.644638956E-1,-3.709593117E-1,-3.204559386E-1
1.401427379E2,-3.692381382E-1,-3.870541155E-1,-3.226205707E-1
1.401527459E2,-3.537021577E-1,-3.458849490E-1,-3.185486794E-1
1.401627529E2,-3.367426395E-1,-2.634007037E-1,-3.134337962E-1
1.401727609E2,-3.286244869E-1,-1.667937338E-1,-3.007828891E-1
1.401827689E2,-3.363689482E-1,-7.376019657E-2,-2.795732021E-1
1.401927769E2,-3.545071185E-1,-7.240950596E-3,-2.655872703E-1
1.402027839E2,-3.571572304E-1,4.610482976E-2,-2.552046776E-1
1.402127919E2,-3.326232433E-1,1.094300523E-1,-2.447049320E-1
1.402227999E2,-2.837574482E-1,1.726692021E-1,-2.282125056E-1
1.402328079E2,-2.095662057E-1,2.383829802E-1,-1.963684410E-1
1.402428159E2,-1.244529113E-1,2.830838561E-1,-1.577589959E-1
1.402528229E2,-5.058536679E-2,2.960194349E-1,-1.159193292E-1
1.402628309E2,9.266517125E-3,3.072049618E-1,-6.617361307E-2
1.402728389E2,6.315018982E-2,3.354699016E-1,-2.227572538E-2
1.402828469E2,1.022376716E-1,3.734116852E-1,1.286175661E-2
1.402928539E2,1.243200153E-1,4.242766500E-1,3.384783491E-2
1.403028619E2,1.304655224E-1,4.856369495E-1,4.702462256E-2
1.403128699E2,1.169143617E-1,5.457340479E-1,6.279368699E-2
1.403228779E2,9.357814491E-2,5.977951288E-1,8.253809810E-2
1.403328859E2,7.751079649E-2,6.343052387E-1,1.107894778E-1
1.403428929E2,7.200524956E-2,6.425514221E-1,1.387422830E-1
1.403529009E2,7.494893670E-2,6.232302785E-1,1.679272801E-1
1.403629089E2,6.323236227E-2,5.583276749E-1,2.025635540E-1
1.403729169E2,3.807610646E-2,4.702940583E-1,2.490667850E-1
1.403829249E2,1.417716406E-2,4.004691541E-1,2.898466885E-1
1.403929319E2,8.837215602E-3,3.488943577E-1,3.297417760E-1
1.404029399E2,2.974010073E-2,3.067237437E-1,3.640350401E-1
1.404129479E2,8.712564409E-2,2.852386236E-1,4.033946097E-1
1.404229559E2,1.739761233E-1,2.875989974E-1,4.553368986E-1
1.404329629E2,2.808126509E-1,3.044752479E-1,5.041016936E-1
1.404429709E2,3.887273967E-1,3.096614778E-1,5.329930186E-1
1.404529789E2,4.832408726E-1,2.961803377E-1,5.346328616E-1
1.404629869E2,5.554854870E-1,2.451160699E-1,5.080755353E-1
1.404729949E2,5.866565704E-1,1.850446314E-1,4.421851039E-1
1.404830019E2,5.486231446E-1,1.288916171E-1,3.372456133E-1
1.404930099E2,4.332704544E-1,8.508988470E-2,2.013810575E-1
1.405030179E2,2.811283171E-1,9.241943806E-2,7.924158126E-2
1.405130259E2,1.348431408E-1,1.739923060E-1,1.957304776E-2
1.405230329E2,2.921472304E-2,3.169313371E-1,3.576639667E-2
1.405330409E2,1.388218487E-3,4.986768961E-1,1.224334389E-1
1.405430489E2,5.488047376E-2,6.721530557E-1,2.513749301E-1
1.405530569E2,1.768682748E-1,7.897151709E-1,3.829102814E-1
1.405630649E2,3.360941708E-1,7.970561981E-1,4.928338528E-1
1.405730719E2,5.086114407E-1,6.979252696E-1,5.565778613E-1
1.405830799E2,6.637909412E-1,5.103394389E-1,5.895051956E-1
1.405930879E2,7.762117386E-1,3.039490879E-1,5.935231447E-1
1.406030959E2,8.368316889E-1,1.085010245E-1,5.770717263E-1
1.406131029E2,8.437603116E-1,-5.130191520E-2,5.598549247E-1
1.406231109E2,7.970204949E-1,-1.862940937E-1,5.510281324E-1
1.406331189E2,6.986359954E-1,-3.093672693E-1,5.361360312E-1
1.406431269E2,5.340207219E-1,-4.217305481E-1,4.938016236E-1
1.406531349E2,3.177535534E-1,-4.911113679E-1,4.095292985E-1
1.406631419E2,9.526881576E-2,-4.869919717E-1,3.099105656E-1
1.406731499E2,-1.184854209E-1,-4.294514954E-1,2.146728635E-1
1.406831579E2,-3.105009198E-1,-3.292742968E-1,1.329822689E-1
1.406931659E2,-4.684531987E-1,-1.896529943E-1,8.190160990E-2
1.407031739E2,-5.696809888E-1,1.253839582E-5,7.851832360E-2
1.407131809E2,-6.091135144E-1,2.106683105E-1,1.025705040E-1
1.407231889E2,-6.035491228E-1,3.781755567E-1,1.365718842E-1
1.407331969E2,-5.597099066E-1,4.760669470E-1,1.642975807E-1
1.407432049E2,-5.003981590E-1,5.021979213E-1,1.931989938E-1
1.407532119E2,-4.369809926E-1,4.637697637E-1,2.195739001E-1
1.407632199E2,-3.625187278E-1,3.756148815E-1,2.519864440E-1
1.407732279E2,-2.802615166E-1,2.521019280E-1,2.847857475E-1
1.407832359E2,-1.921558678E-1,1.336860657E-1,3.220095634E-1
1.407932439E2,-1.102406085E-1,3.099868819E-2,3.550216556E-1
1.408032509E2,-4.751277342E-2,-5.523126945E-2,3.841726184E-1
1.408132589E2,-1.101173367E-2,-1.099472940E-1,4.032554030E-1
1.408232669E2,-1.068555634E-3,-1.452733427E-1,4.035750031E-1
1.408332749E2,-3.049523383E-2,-1.906767040E-1,3.741699755E-1
1.408432819E2,-7.565712184E-2,-2.242828757E-1,3.313404918E-1
1.408532899E2,-1.311066300E-1,-2.402979136E-1,2.921454012E-1
1.408632979E2,-1.822299957E-1,-2.339417487E-1,2.616325021E-1
1.408733059E2,-2.264255285E-1,-2.165401280E-1,2.312712818E-1
1.408833139E2,-2.626325488E-1,-1.856418550E-1,1.888601780E-1
1.408933209E2,-2.900324464E-1,-1.405330300E-1,1.541798711E-1
1.409033289E2,-3.132237792E-1,-1.087804288E-1,1.286497414E-1
1.409133369E2,-3.282694519E-1,-9.973371029E-2,1.122494787E-1
1.409233449E2,-3.164277077E-1,-1.161299944E-1,1.072150394E-1
1.409333519E2,-2.854918242E-1,-1.611687839E-1,9.987475723E-2
1.409433599E2,-2.316411138E-1,-2.200656533E-1,9.902521223E-2
1.409533679E2,-1.782367527E-1,-2.896430790E-1,9.338151664E-2
1.409633759E2,-1.311113238E-1,-3.463758826E-1,8.084309101E-2
1.409733839E2,-1.028055027E-1,-3.912534416E-1,7.460057735E-2
1.409833909E2,-8.762868494E-2,-4.044123888E-1,7.071715593E-2
1.409933987E2,-7.906690240E-2,-3.846932054E-1,6.695190817E-2
1.410034067E2,-5.895471200E-2,-3.326971233E-1,6.412202865E-2
1.410134147E2,-2.509897389E-2,-2.590686679E-1,5.551420152E-2
1.410234227E2,1.590891182E-2,-1.799213886E-1,4.162714630E-2
1.410334297E2,5.590245873E-2,-1.121502146E-1,2.779469825E-2
1.410434377E2,8.262222260E-2,-7.312585413E-2,1.951120235E-2
1.410534457E2,9.709112346E-2,-5.759977922E-2,2.268050797E-2
1.410634537E2,1.137031242E-1,-6.475010514E-2,2.389384434E-2
1.410734607E2,1.343091875E-1,-7.718215883E-2,1.471240260E-2
1.410834687E2,1.565124840E-1,-8.529201150E-2,3.068529535E-3
1.410934767E2,1.674935669E-1,-8.078514785E-2,-1.329972781E-2
1.411034847E2,1.802197397E-1,-6.097975373E-2,-2.109586447E-2
1.411134927E2,1.869291663E-1,-3.810804337E-2,-8.305486292E-3
1.411234997E2,2.062216401E-1,-2.413790114E-2,2.443168871E-2
1.411335077E2,2.294023931E-1,-5.716643482E-2,5.673775822E-2
1.411435157E2,2.530254424E-1,-1.331980824E-1,7.053718716E-2
1.411535237E2,2.660744786E-1,-2.524738610E-1,6.141490862E-2
1.411635307E2,2.603841126E-1,-3.762538731E-1,2.326006070E-2
1.411735387E2,2.470868230E-1,-4.702867270E-1,-4.157013819E-2
1.411835467E2,2.166290432E-1,-5.451663136E-1,-1.211933270E-1
1.411935547E2,1.571467221E-1,-5.781996250E-1,-2.062525600E-1
1.412035627E2,6.855000556E-2,-5.608858466E-1,-2.959251702E-1
1.412135697E2,-3.995863348E-2,-4.963461757E-1,-3.776781559E-1
1.412235777E2,-1.526870579E-1,-3.841842115E-1,-4.453767538E-1
1.412335857E2,-2.413987368E-1,-2.353989184E-1,-4.987442195E-1
1.412435937E2,-2.793639600E-1,-5.661478639E-2,-5.367360711E-1
1.412536017E2,-2.627871037E-1,1.373526156E-1,-5.593630075E-1
1.412636087E2,-1.917630285E-1,3.366225660E-1,-5.518856645E-1
1.412736167E2,-8.905093372E-2,4.935542941E-1,-5.181397796E-1
1.412836247E2,1.851254329E-2,5.708418489E-1,-4.696303308E-1
1.412936327E2,1.047446057E-1,5.662018061E-1,-4.151791632E-1
1.413036397E2,1.557793021E-1,4.831732213E-1,-3.601691723E-1
1.413136477E2,1.711204499E-1,3.432148695E-1,-3.160595596E-1
1.413236557E2,1.587732434E-1,1.765084565E-1,-2.755283713E-1
1.413336637E2,1.264233589E-1,7.510495838E-3,-2.528427541E-1
1.413436717E2,8.477072418E-2,-1.267863214E-1,-2.491934299E-1
1.413536787E2,4.230143130E-2,-1.889780313E-1,-2.518721819E-1
1.413636867E2,7.888332009E-3,-1.903668791E-1,-2.473098934E-1
1.413736947E2,-1.921805739E-2,-1.416066885E-1,-2.364050448E-1
1.413837027E2,-4.431409016E-2,-6.662192196E-2,-2.123907804E-1
1.413937097E2,-6.846097112E-2,2.279146388E-2,-1.808711588E-1
1.414037177E2,-8.364605159E-2,1.017866805E-1,-1.478290409E-1
1.414137257E2,-9.440483153E-2,1.523642093E-1,-1.213542297E-1
1.414237337E2,-9.725574404E-2,1.600048095E-1,-1.007573456E-1
1.414337417E2,-9.018630534E-2,1.363854259E-1,-8.901255578E-2
1.414437487E2,-7.628832757E-2,9.900290519E-2,-9.319239110E-2
1.414537567E2,-5.752240866E-2,4.678440839E-2,-9.788662195E-2
1.414637647E2,-5.662332475E-2,-8.806415834E-3,-9.413902462E-2
1.414737727E2,-9.530164301E-2,-7.522431761E-2,-8.643679321E-2
1.414837797E2,-1.611629426E-1,-1.412853450E-1,-8.070034534E-2
1.414937877E2,-2.539089918E-1,-2.075600922E-1,-8.454228938E-2
1.415037957E2,-3.585730791E-1,-2.654622793E-1,-1.050555557E-1
1.415138037E2,-4.459998906E-1,-2.863427997E-1,-1.338438392E-1
1.415238117E2,-5.100715160E-1,-2.813816071E-1,-1.588871330E-1
1.415338187E2,-5.523967147E-1,-2.462535501E-1,-1.749542654E-1
1.415438267E2,-5.731710196E-1,-1.735167503E-1,-1.572216004E-1
1.415538347E2,-5.640047789E-1,-7.025630772E-2,-1.288432181E-1
1.415638427E2,-5.115363002E-1,5.601347983E-2,-8.502463251E-2
1.415738507E2,-4.227295816E-1,1.631941646E-1,-3.317029402E-2
1.415838577E2,-3.020255268E-1,2.428248078E-1,8.062365465E-3
1.415938657E2,-1.704571098E-1,2.808741331E-1,4.147855937E-2
1.416038737E2,-5.764880404E-2,2.869296372E-1,5.585509911E-2
1.416138817E2,2.225870825E-2,2.818424702E-1,7.464866340E-2
1.416238887E2,6.855057180E-2,2.755672634E-1,1.000267267E-1
1.416338967E2,8.981718123E-2,2.881369889E-1,1.127640754E-1
1.416439047E2,8.683843911E-2,3.063569963E-1,1.123414338E-1
1.416539127E2,5.788829923E-2,3.290336430E-1,9.834132344E-2
1.416639207E2,1.953931339E-2,3.572383821E-1,8.819441497E-2
1.416739277E2,-3.719151393E-2,3.668629527E-1,8.044496179E-2
1.416839357E2,-8.730129153E-2,3.686677814E-1,7.664942741E-2
1.416939437E2,-1.170834899E-1,3.683672845E-1,7.863070816E-2
1.417039517E2,-1.260887086E-1,3.560650945E-1,7.375925779E-2
1.417139587E2,-1.100017577E-1,3.366189003E-1,7.484583557E-2
1.417239667E2,-7.179950923E-2,3.100061715E-1,8.949135989E-2
1.417339747E2,-2.307890542E-2,2.835113704E-1,1.187488362E-1
1.417439827E2,3.467067331E-2,2.697398961E-1,1.648428291E-1
1.417539907E2,9.898594022E-2,2.641338408E-1,2.289831638E-1
1.417639977E2,1.600333005E-1,2.484081388E-1,2.971084416E-1
1.417740057E2,2.233747542E-1,2.399416715E-1,3.505969942E-1
1.417840137E2,3.050310016E-1,2.402146459E-1,4.014021158E-1
1.417940217E2,3.981054723E-1,2.256796956E-1,4.443000555E-1
1.418040297E2,4.980691075E-1,1.807324588E-1,4.508098960E-1
1.418140367E2,6.015926600E-1,1.245678887E-1,4.339929819E-1
1.418240447E2,6.884439588E-1,5.741947889E-2,3.855705857E-1
1.418340527E2,7.357729077E-1,8.775617927E-3,3.140767217E-1
1.418440607E2,7.291203141E-1,-1.198398788E-2,2.289666086E-1
1.418540677E2,6.533514857E-1,9.273854084E-4,1.538983881E-1
1.418640757E2,5.300846696E-1,4.764322191E-2,9.024590999E-2
1.418740837E2,4.026375711E-1,1.168861687E-1,4.921693355E-2
1.418840917E2,3.217381835E-1,2.139903456E-1,3.568487987E-2
1.418940997E2,2.990349233E-1,3.543379903E-1,7.284863293E-2
1.419041067E2,3.464525044E-1,5.061402917E-1,1.510688663E-1
1.419141147E2,4.471490383E-1,5.934308171E-1,2.413053811E-1
1.419241227E2,5.739402771E-1,6.010538936E-1,3.203658462E-1
1.419341307E2,7.096547484E-1,5.608574152E-1,3.897055686E-1
1.419441387E2,8.170171976E-1,4.603866935E-1,4.282947779E-1
1.419541457E2,8.928548694E-1,3.482156396E-1,4.487655461E-1
1.419641537E2,9.222686887E-1,2.217282504E-1,4.685192704E-1
1.419741617E2,8.917055130E-1,1.055747569E-1,4.868834615E-1
1.419841697E2,8.014498949E-1,9.838914499E-3,4.804889560E-1
1.419941762E2,6.745078564E-1,-4.996300116E-2,4.556407630E-1
1.420041842E2,5.178261399E-1,-1.043293104E-1,4.238639474E-1
1.420141922E2,3.391195834E-1,-1.598363966E-1,3.823948801E-1
1.420242002E2,1.374527812E-1,-2.433792204E-1,3.297494948E-1
1.420342082E2,-8.713413775E-2,-3.570367396E-1,2.557688355E-1
1.420442152E2,-2.923272252E-1,-4.556378722E-1,1.806671470E-1
1.420542232E2,-4.634116292E-1,-5.290092826E-1,1.123770326E-1
1.420642312E2,-6.030936241E-1,-5.710153580E-1,4.742467031E-2
1.420742392E2,-7.135244608E-1,-5.690413117E-1,1.119338721E-2
1.420842472E2,-7.778512239E-1,-5.146515965E-1,2.811886836E-3
1.420942542E2,-7.888974547E-1,-4.242922366E-1,2.611191198E-2
1.421042622E2,-7.613289356E-1,-3.293774426E-1,5.376724154E-2
1.421142702E2,-6.966671348E-1,-2.335998267E-1,7.353975624E-2
1.421242782E2,-6.105519533E-1,-1.514796615E-1,9.060502797E-2
1.421342852E2,-5.066614747E-1,-9.379841387E-2,1.107028499E-1
1.421442932E2,-3.918182552E-1,-6.701607257E-2,1.424091160E-1
1.421543012E2,-2.687919140E-1,-5.369283631E-2,1.869033724E-1
1.421643092E2,-1.413559318E-1,-4.394673556E-2,2.504517138E-1
1.421743172E2,-3.296836838E-2,-5.704855919E-2,3.012747169E-1
1.421843242E2,4.482549429E-2,-8.674679697E-2,3.301495016E-1
1.421943322E2,8.920112997E-2,-1.255632192E-1,3.433817923E-1
1.422043402E2,8.932469785E-2,-1.767433286E-1,3.303250968E-1
1.422143482E2,4.774077609E-2,-2.322891355E-1,2.981189489E-1
1.422243562E2,-2.135440707E-2,-2.684252858E-1,2.586493194E-1
1.422343632E2,-9.525398910E-2,-2.705483437E-1,2.196938694E-1
1.422443712E2,-1.549356878E-1,-2.148851156E-1,1.857611984E-1
1.422543792E2,-1.957336068E-1,-1.349150687E-1,1.760268807E-1
1.422643872E2,-2.218861133E-1,-7.021144032E-2,1.782159954E-1
1.422743942E2,-2.296234369E-1,-3.883476928E-2,1.803213954E-1
1.422844022E2,-2.260502726E-1,-5.940848589E-2,1.761285216E-1
1.422944102E2,-2.128230631E-1,-1.288227886E-1,1.625146866E-1
1.423044182E2,-1.868159622E-1,-2.113956958E-1,1.392178833E-1
1.423144262E2,-1.538322866E-1,-2.907866836E-1,1.140185744E-1
1.423244332E2,-1.347134560E-1,-3.445260823E-1,9.003414959E-2
1.423344412E2,-1.306362897E-1,-3.629212976E-1,7.264688611E-2
1.423444492E2,-1.342629790E-1,-3.564894795E-1,4.970375448E-2
1.423544572E2,-1.319806576E-1,-3.214899004E-1,2.835244872E-2
1.423644652E2,-1.241091639E-1,-2.814940214E-1,4.867895506E-3
1.423744722E2,-1.177971214E-1,-2.529673576E-1,-2.537601814E-2
1.423844802E2,-1.185217649E-1,-2.485350668E-1,-5.503591150E-2
1.423944882E2,-1.200738922E-1,-2.577885389E-1,-8.369912952E-2
1.424044962E2,-1.268748045E-1,-2.663836181E-1,-1.069906056E-1
1.424145032E2,-1.301525682E-1,-2.410784215E-1,-1.184099615E-1
1.424245112E2,-1.153954566E-1,-1.629146487E-1,-1.163215116E-1
1.424345192E2,-7.023688406E-2,-3.032341599E-2,-9.840330482E-2
1.424445272E2,-1.075358503E-2,9.590588510E-2,-7.093066722E-2
1.424545352E2,4.446018860E-2,1.655335873E-1,-4.345897585E-2
1.424645422E2,9.091690928E-2,1.575568914E-1,-2.822036855E-2
1.424745502E2,1.193751842E-1,5.278265849E-2,-2.716102079E-2
1.424845582E2,1.204257980E-1,-1.153027490E-1,-4.722207785E-2
1.424945662E2,1.147360131E-1,-2.945903540E-1,-8.999270201E-2
1.425045742E2,7.125192136E-2,-5.197151303E-1,-1.658965200E-1
1.425145812E2,-8.110832423E-3,-7.213419080E-1,-2.655990720E-1
1.425245892E2,-1.123120710E-1,-8.295970559E-1,-3.727636039E-1
1.425345972E2,-2.085265517E-1,-8.083079457E-1,-4.646106362E-1
1.425446052E2,-2.735652030E-1,-6.491262913E-1,-5.184025168E-1
1.425546122E2,-2.896549106E-1,-3.792493641E-1,-5.409125686E-1
1.425646202E2,-2.512212396E-1,-7.213840634E-2,-5.518432260E-1
1.425746282E2,-1.766300350E-1,2.012943178E-1,-5.543630719E-1
1.425846362E2,-1.008599028E-1,3.866249919E-1,-5.502370596E-1
1.425946442E2,-2.905741520E-2,4.807215929E-1,-5.322508812E-1
1.426046512E2,4.185031354E-2,4.915007353E-1,-4.966752827E-1
1.426146592E2,1.126520336E-1,4.279020429E-1,-4.619498253E-1
1.426246672E2,1.824966222E-1,2.907052934E-1,-4.481104314E-1
1.426346752E2,2.415282279E-1,1.080648750E-1,-4.433951676E-1
1.426446832E2,2.922534645E-1,-8.249868453E-2,-4.477553070E-1
1.426546902E2,3.081160486E-1,-2.678510249E-1,-4.675945938E-1
1.426646982E2,2.839915454E-1,-4.063369930E-1,-4.987370670E-1
1.426747062E2,2.340926826E-1,-4.660551250E-1,-5.300046206E-1
1.426847142E2,1.681783795E-1,-4.308241904E-1,-5.569896102E-1
1.426947222E2,1.037677601E-1,-3.177317083E-1,-5.838372111E-1
1.427047292E2,6.030151248E-2,-1.425897330E-1,-5.954341888E-1
1.427147372E2,1.681190729E-2,5.569306761E-2,-5.939327478E-1
1.427247452E2,-3.450188041E-2,2.352228761E-1,-5.708782673E-1
1.427347532E2,-9.778299183E-2,3.549059629E-1,-5.302245617E-1
1.427447602E2,-1.542598605E-1,3.948592544E-1,-4.691563845E-1
1.427547682E2,-1.868145168E-1,3.679810166E-1,-4.126994312E-1
1.427647762E2,-1.893357188E-1,2.928902507E-1,-3.668051958E-1
1.427747842E2,-1.759955734E-1,1.705787480E-1,-3.429937363E-1
1.427847922E2,-1.605987698E-1,2.179486118E-2,-3.234200478E-1
1.427947992E2,-1.503038108E-1,-1.282580644E-1,-3.054744601E-1
1.428048072E2,-1.506633461E-1,-2.618196011E-1,-2.736164033E-1
1.428148152E2,-1.681574136E-1,-3.626619875E-1,-2.503717244E-1
1.428248232E2,-1.937751621E-1,-4.146058857E-1,-2.330302745E-1
1.428348312E2,-2.243695706E-1,-4.344102740E-1,-2.221340835E-1
1.428448382E2,-2.598601878E-1,-4.137939513E-1,-2.233303785E-1
1.428548462E2,-2.894045413E-1,-3.528532684E-1,-2.238721550E-1
1.428648542E2,-3.193462193E-1,-2.755236030E-1,-2.206614465E-1
1.428748622E2,-3.388358653E-1,-1.690861434E-1,-2.062007338E-1
1.428848692E2,-3.322019279E-1,-4.279425368E-2,-1.818509251E-1
1.428948772E2,-2.880243063E-1,7.912425697E-2,-1.488525569E-1
1.429048852E2,-2.124064863E-1,1.751977950E-1,-1.186360791E-1
1.429148932E2,-1.200133190E-1,2.243782133E-1,-9.630087018E-2
1.429249012E2,-4.032381624E-2,2.163019180E-1,-8.775319159E-2
1.429349082E2,9.788578376E-3,1.534583420E-1,-8.827339858E-2
1.429449162E2,3.306753561E-2,7.691510022E-2,-9.461491555E-2
1.429549242E2,3.855164349E-2,2.096283622E-2,-1.014658809E-1
1.429649322E2,3.831142560E-2,3.896501381E-3,-1.081775799E-1
1.429749402E2,4.258926213E-2,2.911796793E-2,-1.145132408E-1
1.429849472E2,5.227198079E-2,1.042867526E-1,-1.211168170E-1
1.429949553E2,4.730391502E-2,2.060105652E-1,-1.245264560E-1
1.430049633E2,2.786124311E-2,3.256136477E-1,-1.183961257E-1
1.430149713E2,-3.038638039E-3,4.247235060E-1,-8.932843804E-2
1.430249793E2,-3.815960512E-2,4.702270627E-1,-4.652557895E-2
1.430349863E2,-5.574476719E-2,4.789415896E-1,8.082898566E-4
1.430449943E2,-5.283339694E-2,4.367259443E-1,3.853436559E-2
1.430550023E2,-3.463644907E-2,3.635074198E-1,7.135206461E-2
1.430650103E2,-3.019667231E-3,2.794833481E-1,1.018170342E-1
1.430750173E2,3.765667602E-2,2.103497535E-1,1.395334303E-1
1.430850253E2,9.659669548E-2,1.720793247E-1,1.816880703E-1
1.430950333E2,1.690963358E-1,1.760978252E-1,2.305192351E-1
1.431050413E2,2.358202487E-1,1.960683316E-1,2.725133002E-1
1.431150493E2,2.895234525E-1,2.300137728E-1,3.065229654E-1
1.431250563E2,3.295356035E-1,2.669078708E-1,3.302104771E-1
1.431350643E2,3.471479416E-1,2.845990062E-1,3.411217332E-1
1.431450723E2,3.455191553E-1,2.845263183E-1,3.445039690E-1
1.431550803E2,3.414092958E-1,2.801481485E-1,3.584460616E-1
1.431650883E2,3.405512273E-1,2.613185346E-1,3.672784269E-1
1.431750953E2,3.512437046E-1,2.530210614E-1,3.686167300E-1
1.431851033E2,3.690021932E-1,2.565859556E-1,3.708681762E-1
1.431951113E2,3.822245896E-1,2.994615734E-1,3.736183345E-1
1.432051193E2,3.849463165E-1,3.716832995E-1,3.931811154E-1
1.432151273E2,3.540295660E-1,4.610831738E-1,4.281934500E-1
1.432251343E2,2.805444300E-1,5.234993696E-1,4.730378687E-1
1.432351423E2,1.600492746E-1,5.364296436E-1,4.960640669E-1
1.432451503E2,1.539248507E-2,4.754544199E-1,4.818981886E-1
1.432551583E2,-1.399302930E-1,3.093284965E-1,4.336648881E-1
1.432651653E2,-2.672142088E-1,1.016631648E-1,3.781305254E-1
1.432751733E2,-3.145003319E-1,-4.608117417E-2,3.455061018E-1
1.432851813E2,-2.693094015E-1,-8.280830085E-2,3.545550108E-1
1.432951893E2,-1.135685742E-1,-1.049501542E-2,4.179980457E-1
1.433051973E2,1.347501576E-1,1.166333705E-1,5.323491096E-1
1.433152043E2,4.022342861E-1,2.257236987E-1,6.581627727E-1
1.433252123E2,6.044997573E-1,2.607059181E-1,7.513180375E-1
1.433352203E2,7.187643051E-1,2.307066917E-1,8.029875159E-1
1.433452283E2,7.607247829E-1,1.581632495E-1,8.047246933E-1
1.433552363E2,7.293466330E-1,5.853741616E-2,7.520552874E-1
1.433652433E2,6.393464208E-1,-3.513820469E-2,6.627445817E-1
1.433752513E2,4.920162261E-1,-9.955825657E-2,5.544003248E-1
1.433852593E2,3.003607690E-1,-1.310267001E-1,4.545884728E-1
1.433952673E2,6.622386724E-2,-1.507845819E-1,3.625929356E-1
1.434052753E2,-1.892782003E-1,-1.591684818E-1,2.805215120E-1
1.434152823E2,-4.247901440E-1,-1.461370885E-1,2.098635137E-1
1.434252903E2,-6.014381051E-1,-1.307674646E-1,1.384212971E-1
1.434352983E2,-7.216565609E-1,-1.126586050E-1,7.251543552E-2
1.434453063E2,-7.944569588E-1,-8.074967563E-2,3.096373007E-2
1.434553133E2,-8.178701997E-1,-3.438580036E-2,2.083376981E-2
1.434653213E2,-8.008286357E-1,1.468400843E-2,2.006731369E-2
1.434753293E2,-7.514387369E-1,7.209680974E-2,3.129883856E-2
1.434853373E2,-6.816777587E-1,1.460487992E-1,5.364062637E-2
1.434953453E2,-6.131177545E-1,2.431335002E-1,7.212235034E-2
1.435053523E2,-5.405135751E-1,3.163075745E-1,1.006117836E-1
1.435153603E2,-4.517943859E-1,3.716524541E-1,1.228325516E-1
1.435253683E2,-3.573440313E-1,4.004915655E-1,1.491624266E-1
1.435353763E2,-2.585435510E-1,3.987399042E-1,1.738589108E-1
1.435453843E2,-1.716190428E-1,3.598468304E-1,1.934954673E-1
1.435553913E2,-9.831182659E-2,3.117886484E-1,2.094795257E-1
1.435653993E2,-4.452369362E-2,2.633907497E-1,2.251258641E-1
1.435754073E2,-1.207436435E-2,2.271261215E-1,2.421475500E-1
1.435854153E2,5.245181383E-4,1.961772591E-1,2.568516433E-1
1.435954233E2,-1.065026037E-2,1.569627523E-1,2.639951706E-1
1.436054303E2,-2.748969384E-2,1.199288294E-1,2.573300898E-1
1.436154383E2,-4.324932024E-2,7.950896770E-2,2.252918929E-1
1.436254463E2,-5.557389557E-2,3.549197689E-2,1.925137043E-1
1.436354543E2,-6.937833130E-2,-9.105477482E-3,1.716861874E-1
1.436454623E2,-7.741734385E-2,-4.953652620E-2,1.687788218E-1
1.436554693E2,-8.198941499E-2,-9.269943833E-2,1.709613204E-1
1.436654773E2,-8.714582771E-2,-1.564350128E-1,1.655873209E-1
1.436754853E2,-8.757837117E-2,-2.254528552E-1,1.443690211E-1
1.436854933E2,-8.298521489E-2,-2.909937799E-1,1.111445054E-1
1.436955003E2,-7.671149820E-2,-3.434199691E-1,7.423371822E-2
1.437055083E2,-6.312538683E-2,-3.638341725E-1,3.640884534E-2
1.437155163E2,-3.603423759E-2,-3.614487052E-1,7.200877648E-3
1.437255243E2,2.005822491E-3,-3.429549336E-1,-9.651339613E-3
1.437355323E2,3.979453817E-2,-3.158079982E-1,-1.822132803E-2
1.437455393E2,8.413430303E-2,-2.872322798E-1,-2.943696454E-2
1.437555473E2,1.305897236E-1,-2.541549802E-1,-4.903900996E-2
1.437655553E2,1.674667746E-1,-2.242785692E-1,-8.034340292E-2
1.437755633E2,1.877866983E-1,-1.963357031E-1,-1.120806932E-1
1.437855713E2,1.971631497E-1,-1.749366671E-1,-1.389551759E-1
1.437955783E2,1.946591884E-1,-1.582602859E-1,-1.505860090E-1
1.438055863E2,1.958291233E-1,-1.249492019E-1,-1.526494175E-1
1.438155943E2,2.059949934E-1,-8.555945009E-2,-1.446470767E-1
1.438256023E2,2.085862607E-1,-6.014224142E-2,-1.428411901E-1
1.438356103E2,2.039534003E-1,-5.847238749E-2,-1.432304531E-1
1.438456173E2,1.835194975E-1,-9.095069766E-2,-1.409790218E-1
1.438556253E2,1.490503997E-1,-1.578889340E-1,-1.476209313E-1
1.438656333E2,9.250748903E-2,-2.540913522E-1,-1.733968705E-1
1.438756413E2,1.703940891E-2,-3.624014258E-1,-2.173293382E-1
1.438856493E2,-7.042253017E-2,-4.260238111E-1,-2.826212645E-1
1.438956563E2,-1.828844398E-1,-4.672567844E-1,-3.686479330E-1
1.439056643E2,-3.298211694E-1,-4.737956524E-1,-4.682187140E-1
1.439156723E2,-4.921337366E-1,-4.213215411E-1,-5.624287128E-1
1.439256803E2,-6.349806190E-1,-3.179376423E-1,-6.356962919E-1
1.439356873E2,-7.380204201E-1,-1.635270715E-1,-6.811836362E-1
1.439456953E2,-7.915430069E-1,3.686035424E-2,-6.893762946E-1
1.439557033E2,-7.802794576E-1,2.774430513E-1,-6.677665710E-1
1.439657113E2,-7.314069867E-1,4.830627739E-1,-6.299731135E-1
1.439757193E2,-6.466045380E-1,6.401715875E-1,-5.746659040E-1
1.439857263E2,-5.243262649E-1,7.391468883E-1,-5.046039820E-1
1.439957345E2,-3.781379461E-1,7.333768010E-1,-4.252937138E-1
1.440057425E2,-2.156409025E-1,6.277755499E-1,-3.444435894E-1
1.440157505E2,-4.444304854E-2,4.328114688E-1,-2.741287351E-1
1.440257585E2,1.165026948E-1,1.606417447E-1,-2.179144472E-1
1.440357655E2,2.675184011E-1,-1.549233943E-1,-1.868914664E-1
1.440457735E2,3.907212913E-1,-4.228973091E-1,-1.802426130E-1
1.440557815E2,4.679358006E-1,-5.967566967E-1,-1.956431419E-1
1.440657895E2,4.832692146E-1,-6.818859577E-1,-2.120002806E-1
1.440757975E2,4.451772571E-1,-6.526964903E-1,-2.157800645E-1
1.440858045E2,3.845914304E-1,-5.446262360E-1,-2.171614468E-1
1.440958125E2,3.176640272E-1,-3.928113282E-1,-2.202340662E-1
1.441058205E2,2.489150614E-1,-2.284751087E-1,-2.338830382E-1
1.441158285E2,1.840873361E-1,-6.218281016E-2,-2.445687056E-1
1.441258365E2,1.161519587E-1,7.883770019E-2,-2.453562021E-1
1.441358435E2,5.204766244E-2,1.810614914E-1,-2.361520380E-1
1.441458515E2,-1.260323450E-2,2.168319970E-1,-2.186758369E-1
1.441558595E2,-5.856851488E-2,1.961876452E-1,-1.971245110E-1
1.441658675E2,-8.156544715E-2,1.291199327E-1,-1.854015291E-1
1.441758755E2,-8.865860850E-2,3.405850381E-2,-1.775767952E-1
1.441858825E2,-8.246036619E-2,-6.275246292E-2,-1.713095754E-1
1.441958905E2,-8.396280557E-2,-1.702039838E-1,-1.836532503E-1
1.442058985E2,-8.731838316E-2,-2.694685161E-1,-2.096321136E-1
1.442159065E2,-9.412682056E-2,-3.552261293E-1,-2.342354804E-1
1.442259145E2,-1.283827871E-1,-4.260092378E-1,-2.671654522E-1
1.442359215E2,-1.835227311E-1,-4.344016910E-1,-2.946587205E-1
1.442459295E2,-2.601328194E-1,-3.834160268E-1,-3.019557893E-1
1.442559375E2,-3.518417478E-1,-2.767344713E-1,-2.865721285E-1
1.442659455E2,-4.413500428E-1,-1.459594220E-1,-2.630276382E-1
1.442759525E2,-5.120176077E-1,-2.083510347E-2,-2.349745631E-1
1.442859605E2,-5.412218571E-1,6.954406202E-2,-2.127930969E-1
1.442959685E2,-5.196371675E-1,1.162253320E-1,-1.869587451E-1
1.443059765E2,-4.592018127E-1,1.148159876E-1,-1.508643925E-1
1.443159845E2,-3.680718541E-1,9.051528573E-2,-1.066287532E-1
1.443259915E2,-2.552408874E-1,6.101837754E-2,-5.744309723E-2
1.443359995E2,-1.264780015E-1,5.592481047E-2,-3.125429153E-3
1.443460075E2,-1.583458669E-2,6.732713431E-2,4.000392929E-2
1.443560155E2,6.068395078E-2,9.681774676E-2,7.224337012E-2
1.443660235E2,9.485790133E-2,1.312295198E-1,9.858203679E-2
1.443760305E2,9.852290899E-2,1.658849269E-1,1.227695420E-1
1.443860385E2,9.358168393E-2,1.940518469E-1,1.440548599E-1
1.443960465E2,9.551594406E-2,2.268253416E-1,1.531327218E-1
1.444060545E2,1.064828411E-1,2.708212733E-1,1.491885781E-1
1.444160625E2,1.316548139E-1,3.064914644E-1,1.558625996E-1
1.444260695E2,1.553457528E-1,3.120273948E-1,1.665338874E-1
1.444360775E2,1.761692166E-1,2.836271524E-1,1.852830201E-1
1.444460855E2,1.976241767E-1,2.096093893E-1,2.027384341E-1
1.444560935E2,2.288838774E-1,1.171880066E-1,2.086645961E-1
1.444661015E2,2.733831704E-1,3.853899986E-2,2.039550543E-1
1.444761085E2,3.304732442E-1,-1.653111726E-2,1.963937879E-1
1.444861165E2,3.842363358E-1,-2.009788901E-2,1.939362288E-1
1.444961245E2,4.334859550E-1,2.353289537E-2,1.900961995E-1
1.445061325E2,4.696029425E-1,7.592126727E-2,1.788965464E-1
1.445161405E2,4.633867741E-1,1.160763949E-1,1.750808954E-1
1.445261475E2,3.894952536E-1,1.374570429E-1,1.557239741E-1
1.445361555E2,2.586060762E-1,1.414776295E-1,1.200548336E-1
1.445461635E2,8.108483255E-2,1.145679802E-1,6.843611598E-2
1.445561715E2,-1.331704557E-1,3.427246585E-2,-6.617120933E-3
1.445661785E2,-3.681755066E-1,-7.653154433E-2,-1.048086658E-1
1.445761865E2,-5.611302853E-1,-1.456013918E-1,-2.093336284E-1
1.445861945E2,-6.695885658E-1,-1.215285361E-1,-2.906071842E-1
1.445962025E2,-6.453919411E-1,6.650803983E-2,-3.171724975E-1
1.446062105E2,-5.004147887E-1,3.777588606E-1,-2.595779300E-1
1.446162175E2,-2.739974260E-1,7.382072806E-1,-1.358104944E-1
1.446262255E2,-2.124586515E-2,1.033881783E0,2.147472277E-2
1.446362335E2,2.133432925E-1,1.195220232E0,1.822931170E-1
1.446462415E2,4.185619354E-1,1.216901898E0,3.042911887E-1
1.446562495E2,5.963448882E-1,1.113195062E0,3.778745532E-1
1.446662565E2,7.322552800E-1,9.125282764E-1,4.088639021E-1
1.446762645E2,8.026474714E-1,6.630269289E-1,3.936116695E-1
1.446862725E2,7.986026406E-1,4.070822597E-1,3.527500033E-1
1.446962805E2,7.188605666E-1,1.665511876E-1,3.092269897E-1
1.447062885E2,5.646569133E-1,-3.937721252E-2,2.789199352E-1
1.447162955E2,3.568372726E-1,-1.934867948E-1,2.432334125E-1
1.447263035E2,1.268325597E-1,-3.003615737E-1,2.113601714E-1
1.447363115E2,-9.932601452E-2,-3.778721690E-1,1.749420464E-1
1.447463195E2,-2.864530385E-1,-4.473545849E-1,1.184547991E-1
1.447563275E2,-4.172447622E-1,-4.925783575E-1,5.102927983E-2
1.447663345E2,-5.138728023E-1,-5.191074610E-1,-1.086018700E-2
1.447763425E2,-5.866943002E-1,-5.073336959E-1,-6.615800411E-2
1.447863505E2,-6.362469196E-1,-4.572284818E-1,-9.894657135E-2
1.447963585E2,-6.779425144E-1,-3.705759645E-1,-1.310212314E-1
1.448063665E2,-7.013636827E-1,-2.521041930E-1,-1.430680454E-1
1.448163735E2,-6.931348443E-1,-1.354708821E-1,-1.279846430E-1
1.448263815E2,-6.430801749E-1,-3.207151592E-2,-9.793458879E-2
1.448363895E2,-5.545112491E-1,5.112125725E-2,-5.241644382E-2
1.448463975E2,-4.361827672E-1,1.033328027E-1,5.479690153E-4
1.448564055E2,-3.081601262E-1,1.110380962E-1,5.136634037E-2
1.448664125E2,-1.839495152E-1,6.033018604E-2,1.040114462E-1
1.448764205E2,-6.564813107E-2,-8.536156267E-3,1.504997313E-1
1.448864285E2,2.098183520E-2,-8.731911331E-2,1.861528009E-1
1.448964365E2,6.495134532E-2,-1.757331938E-1,1.990356594E-1
1.449064445E2,7.858859003E-2,-2.407896817E-1,2.034354806E-1
1.449164515E2,6.829642504E-2,-2.718929946E-1,2.099334747E-1
1.449264595E2,4.164617881E-2,-2.555814087E-1,2.278131396E-1
1.449364675E2,4.151328467E-3,-2.270745635E-1,2.409015149E-1
1.449464755E2,-3.735882789E-2,-2.040704489E-1,2.411065847E-1
1.449564825E2,-7.806400955E-2,-1.885233372E-1,2.346328199E-1
1.449664905E2,-1.119487360E-1,-1.947700530E-1,2.308258265E-1
1.449764985E2,-1.377689391E-1,-2.366018146E-1,2.092546672E-1
1.449865065E2,-1.405388862E-1,-2.903124690E-1,1.709706634E-1
1.449965147E2,-1.289790720E-1,-3.381232321E-1,1.282693893E-1
1.450065217E2,-1.161191985E-1,-3.760924637E-1,9.262751043E-2
1.450165297E2,-1.089701131E-1,-3.963946104E-1,6.565464288E-2
1.450265377E2,-1.013571993E-1,-3.816934526E-1,4.642342404E-2
1.450365457E2,-8.571166545E-2,-3.414774835E-1,3.869735077E-2
1.450465537E2,-4.460896924E-2,-2.693345845E-1,3.875860199E-2
1.450565607E2,1.813071780E-2,-1.721350998E-1,3.345008567E-2
1.450665687E2,8.522640169E-2,-7.741418481E-2,3.025988489E-2
1.450765767E2,1.363192499E-1,-2.612661570E-3,2.951216884E-2
1.450865847E2,1.659698188E-1,3.758402541E-2,2.316532470E-2
1.450965927E2,1.775809824E-1,3.604460880E-2,3.701704321E-3
1.451065997E2,1.809722483E-1,8.137343451E-3,-3.011964262E-2
1.451166077E2,1.862016022E-1,-2.449990436E-2,-7.182785124E-2
1.451266157E2,2.062133998E-1,-4.595299810E-2,-1.203141585E-1
1.451366237E2,2.430444956E-1,-2.467831038E-2,-1.847966164E-1
1.451466317E2,3.001480103E-1,6.889770925E-2,-2.654301822E-1
1.451566387E2,3.738448918E-1,2.604933977E-1,-3.435275555E-1
1.451666467E2,4.218883216E-1,4.704602063E-1,-3.994709849E-1
1.451766547E2,4.130662382E-1,6.516909599E-1,-4.389543533E-1
1.451866627E2,3.252900541E-1,7.399449348E-1,-4.425778389E-1
1.451966707E2,1.790748537E-1,7.239710689E-1,-4.231126010E-1
1.452066777E2,-7.218323182E-3,5.794679523E-1,-4.051106870E-1
1.452166857E2,-2.217323780E-1,3.463816047E-1,-4.314087629E-1
1.452266937E2,-4.135404229E-1,9.573952854E-2,-5.005593300E-1
1.452367017E2,-5.689966083E-1,-1.609620601E-1,-5.955889225E-1
1.452467097E2,-6.611030698E-1,-3.399278224E-1,-7.070494294E-1
1.452567167E2,-6.943904161E-1,-4.038361311E-1,-7.854343057E-1
1.452667247E2,-6.752303243E-1,-3.518621624E-1,-8.014070988E-1
1.452767327E2,-6.038069129E-1,-1.849292219E-1,-7.344695926E-1
1.452867407E2,-4.784692228E-1,4.059176892E-2,-5.746935010E-1
1.452967487E2,-2.998901308E-1,2.530071437E-1,-3.731160760E-1
1.453067557E2,-9.450314939E-2,3.919892609E-1,-1.982332170E-1
1.453167637E2,1.019280255E-1,4.352970421E-1,-5.865565315E-2
1.453267717E2,2.595893145E-1,3.874349892E-1,4.269014299E-2
1.453367797E2,3.937308788E-1,2.955797315E-1,1.049763039E-1
1.453467877E2,5.013545156E-1,1.986595541E-1,1.277551353E-1
1.453567947E2,5.670890808E-1,9.411595017E-2,1.234998330E-1
1.453668027E2,5.852925777E-1,-2.010043710E-3,1.040481031E-1
1.453768107E2,5.636410713E-1,-8.308516443E-2,8.216950297E-2
1.453868187E2,5.051208138E-1,-1.348927021E-1,6.300087273E-2
1.453968267E2,4.172684550E-1,-1.579026580E-1,3.034717031E-2
1.454068337E2,3.067984283E-1,-1.701313704E-1,-1.981480047E-2
1.454168417E2,1.859960258E-1,-1.673587263E-1,-8.800848573E-2
1.454268497E2,5.491151661E-2,-1.633948684E-1,-1.757143736E-1
1.454368577E2,-7.909184694E-2,-1.523730010E-1,-2.665109932E-1
1.454468657E2,-1.996153295E-1,-1.251296699E-1,-3.452167213E-1
1.454568727E2,-2.988364697E-1,-9.102886915E-2,-4.015043080E-1
1.454668807E2,-3.685452342E-1,-5.615131184E-2,-4.350643754E-1
1.454768887E2,-4.069410264E-1,-3.174567968E-2,-4.500997066E-1
1.454868967E2,-4.031843841E-1,-5.438709166E-3,-4.456623495E-1
1.454969047E2,-3.601236641E-1,1.671103388E-2,-4.289054871E-1
1.455069117E2,-2.934104204E-1,1.498525497E-3,-4.110982418E-1
1.455169197E2,-2.146093696E-1,-5.101105943E-2,-3.997048438E-1
1.455269277E2,-1.510088295E-1,-1.222636625E-1,-4.011293948E-1
1.455369357E2,-1.170876548E-1,-1.956814975E-1,-4.113674462E-1
1.455469437E2,-1.178570390E-1,-2.539362907E-1,-4.300386012E-1
1.455569507E2,-1.462254524E-1,-2.772249579E-1,-4.523047209E-1
1.455669587E2,-1.850974858E-1,-2.596651316E-1,-4.607346654E-1
1.455769667E2,-2.307654321E-1,-2.128537893E-1,-4.578600526E-1
1.455869747E2,-2.707637250E-1,-1.655965298E-1,-4.478998482E-1
1.455969827E2,-2.987746596E-1,-1.257418394E-1,-4.286621511E-1
1.456069897E2,-3.171401024E-1,-1.079481989E-1,-3.981420696E-1
1.456169977E2,-3.184430301E-1,-9.333629906E-2,-3.701378405E-1
1.456270057E2,-2.879812717E-1,-8.259843290E-2,-3.434058428E-1
1.456370137E2,-2.255562395E-1,-6.969208270E-2,-3.263400495E-1
1.456470217E2,-1.551198959E-1,-4.688051343E-2,-2.996463776E-1
1.456570287E2,-8.343216777E-2,-4.523757845E-3,-2.678288817E-1
1.456670367E2,-2.350119688E-2,4.671892524E-2,-2.198866308E-1
1.456770447E2,1.623853669E-2,9.228682518E-2,-1.696955413E-1
1.456870527E2,4.547205567E-2,1.355229765E-1,-1.083957031E-1
1.456970607E2,7.238581032E-2,1.623517871E-1,-4.506353289E-2
1.457070677E2,1.063504368E-1,1.974208206E-1,1.561739296E-2
1.457170757E2,1.497467458E-1,2.301891744E-1,7.638020813E-2
1.457270837E2,1.989696771E-1,2.481703162E-1,1.319361478E-1
1.457370917E2,2.461536080E-1,2.546946108E-1,1.850613058E-1
1.457470997E2,2.848999202E-1,2.422914952E-1,2.389202714E-1
1.457571067E2,3.104935586E-1,2.099123001E-1,2.838998735E-1
1.457671147E2,3.377089202E-1,1.641117781E-1,3.318671286E-1
1.457771227E2,3.676587641E-1,1.097569093E-1,3.751085401E-1
1.457871307E2,3.977216184E-1,7.032534480E-2,4.167768955E-1
1.457971387E2,4.360542297E-1,4.572494328E-2,4.506700337E-1
1.458071457E2,4.837104380E-1,4.683228582E-2,4.787645340E-1
1.458171537E2,5.150747895E-1,4.433410242E-2,4.940891862E-1
1.458271617E2,5.035251975E-1,2.417504042E-2,4.818679392E-1
1.458371697E2,4.376603961E-1,-1.648583636E-2,4.315999746E-1
1.458471777E2,3.040248156E-1,-1.052689701E-1,3.504140377E-1
1.458571847E2,1.081713736E-1,-2.236861289E-1,2.484892458E-1
1.458671927E2,-1.324692070E-1,-3.508528769E-1,1.374657899E-1
1.458772007E2,-3.516827524E-1,-4.182266295E-1,4.074262083E-2
1.458872087E2,-4.605045617E-1,-3.553874791E-1,-2.437539771E-2
1.458972167E2,-4.326842427E-1,-1.505435705E-1,-3.036684543E-2
1.459072247E2,-2.665695548E-1,2.014133930E-1,5.228169635E-2
1.459172317E2,-1.361263543E-2,5.678149462E-1,1.938400567E-1
1.459272397E2,2.577996850E-1,8.189241290E-1,3.398310542E-1
1.459372477E2,5.070028901E-1,9.030591846E-1,4.424421191E-1
1.459472557E2,7.036541700E-1,8.614526391E-1,4.853549600E-1
1.459572637E2,8.387250900E-1,7.441483140E-1,4.884394407E-1
1.459672707E2,9.054053426E-1,5.554950237E-1,4.682481587E-1
1.459772787E2,8.994715214E-1,3.776245415E-1,4.428092539E-1
1.459872867E2,8.263533711E-1,2.627429664E-1,4.157462120E-1
1.459972949E2,7.044837475E-1,2.135156244E-1,3.983121216E-1
1.460073029E2,5.464094281E-1,2.114543468E-1,3.881449699E-1
1.460173099E2,3.676746488E-1,2.310864031E-1,3.994678557E-1
1.460273179E2,1.678283662E-1,2.221515030E-1,4.017094374E-1
1.460373259E2,-3.481288254E-2,1.578641236E-1,3.887177408E-1
1.460473339E2,-2.148516327E-1,5.496810377E-2,3.645423651E-1
1.460573419E2,-3.492440283E-1,-5.547936633E-2,3.358496428E-1
1.460673489E2,-4.525954425E-1,-1.983166784E-1,2.962998450E-1
1.460773569E2,-5.164510608E-1,-3.306772411E-1,2.449786961E-1
1.460873649E2,-5.309879184E-1,-4.326424897E-1,2.072789818E-1
1.460973729E2,-4.853124022E-1,-4.595444798E-1,1.925743520E-1
1.461073809E2,-3.736324906E-1,-4.016811848E-1,2.011979222E-1
1.461173879E2,-2.111571282E-1,-2.880836725E-1,2.405049950E-1
1.461273959E2,-2.644027397E-2,-1.475116163E-1,3.038882315E-1
1.461374039E2,1.263322830E-1,-4.861357063E-2,3.666293919E-1
1.461474119E2,2.360190898E-1,2.958829328E-2,4.048912823E-1
1.461574199E2,3.060602248E-1,1.063977629E-1,4.349188209E-1
1.461674269E2,3.325909078E-1,1.520099789E-1,4.527324438E-1
1.461774349E2,3.183044791E-1,1.644257754E-1,4.410595894E-1
1.461874429E2,2.675875127E-1,1.433700323E-1,4.074544907E-1
1.461974509E2,1.871604174E-1,1.022319049E-1,3.517897129E-1
1.462074589E2,9.150074422E-2,5.401750281E-2,2.876738310E-1
1.462174659E2,-1.428696886E-2,1.135331951E-2,2.289286256E-1
1.462274739E2,-1.008253172E-1,6.784667261E-3,1.928521097E-1
1.462374819E2,-1.742669791E-1,2.184294537E-2,1.761306226E-1
1.462474899E2,-2.384459674E-1,3.001325764E-2,1.719087213E-1
1.462574979E2,-2.755030692E-1,2.563947067E-2,1.762287468E-1
1.462675049E2,-2.917459607E-1,-2.118923701E-3,1.825002283E-1
1.462775129E2,-3.024041951E-1,-4.772195965E-2,1.875620633E-1
1.462875209E2,-3.143660724E-1,-1.077203155E-1,1.912686527E-1
1.462975289E2,-3.215435445E-1,-1.816114187E-1,1.913936138E-1
1.463075369E2,-3.245164454E-1,-2.668746412E-1,1.956245750E-1
1.463175439E2,-3.142915964E-1,-3.525842726E-1,1.918883473E-1
1.463275519E2,-3.015968502E-1,-4.489233196E-1,1.849795729E-1
1.463375599E2,-2.718674242E-1,-5.122900605E-1,1.729669720E-1
1.463475679E2,-2.201754749E-1,-5.146280527E-1,1.657561958E-1
1.463575759E2,-1.553590149E-1,-4.557110369E-1,1.789472401E-1
1.463675829E2,-8.271542937E-2,-3.645739257E-1,2.098129988E-1
1.463775909E2,-7.181636989E-3,-2.689176798E-1,2.509798110E-1
1.463875989E2,6.691922247E-2,-2.016760558E-1,2.853457630E-1
1.463976069E2,1.333752275E-1,-1.930293739E-1,2.975395024E-1
1.464076149E2,1.857742518E-1,-2.420371175E-1,2.789911032E-1
1.464176219E2,2.273602635E-1,-3.021246493E-1,2.393491119E-1
1.464276299E2,2.472085357E-1,-3.459639847E-1,1.863474101E-1
1.464376379E2,2.531482279E-1,-3.376070559E-1,1.476604939E-1
1.464476459E2,2.451872528E-1,-2.522959113E-1,1.451693773E-1
1.464576539E2,2.147667408E-1,-1.603839993E-1,1.638613492E-1
1.464676619E2,1.606760770E-1,-1.277522892E-1,1.671120077E-1
1.464776689E2,9.135054052E-2,-1.581043452E-1,1.647521704E-1
1.464876769E2,3.284435347E-2,-1.784370393E-1,1.307284236E-1
1.464976849E2,-1.164398249E-2,-2.715946436E-1,8.414879441E-2
1.465076929E2,-5.650066957E-2,-4.048373997E-1,1.116060559E-2
1.465177009E2,-1.041544527E-1,-5.251368284E-1,-7.703163475E-2
1.465277079E2,-1.558051258E-1,-6.143820286E-1,-1.580604464E-1
1.465377159E2,-2.084628940E-1,-6.624864340E-1,-2.320294231E-1
1.465477239E2,-2.517390251E-1,-6.643144488E-1,-2.873182595E-1
1.465577319E2,-2.869146466E-1,-6.060241461E-1,-3.371970654E-1
1.465677399E2,-3.059272170E-1,-4.536087215E-1,-3.807967305E-1
1.465777469E2,-2.806716859E-1,-2.002271116E-1,-4.069691896E-1
1.465877549E2,-1.954648942E-1,8.297662437E-2,-4.066834152E-1
1.465977629E2,-9.872075915E-2,3.048395813E-1,-3.731561303E-1
1.466077709E2,-1.339814253E-2,4.330681264E-1,-3.299103975E-1
1.466177789E2,5.009383708E-2,4.648801386E-1,-2.895710468E-1
1.466277859E2,9.672205895E-2,4.077865183E-1,-2.525216937E-1
1.466377939E2,1.334345639E-1,2.630146444E-1,-2.147075981E-1
1.466478019E2,1.486422718E-1,4.828183353E-2,-1.883588284E-1
1.466578099E2,1.519209594E-1,-1.691184342E-1,-1.843432784E-1
1.466678179E2,1.511595547E-1,-3.345484138E-1,-2.064792067E-1
1.466778249E2,1.417569071E-1,-4.304599464E-1,-2.376663089E-1
1.466878329E2,1.144794822E-1,-4.469294846E-1,-2.746384442E-1
1.466978409E2,6.127323210E-2,-3.962439895E-1,-3.154265285E-1
1.467078489E2,-2.364432253E-2,-2.964673340E-1,-3.667733371E-1
1.467178569E2,-1.199880987E-1,-1.534326971E-1,-4.185950458E-1
1.467278639E2,-2.155071646E-1,1.150192507E-2,-4.614391923E-1
1.467378719E2,-2.956470251E-1,1.785634607E-1,-4.834694862E-1
1.467478799E2,-3.488157094E-1,3.246625960E-1,-4.869763255E-1
1.467578879E2,-3.624731898E-1,4.232176542E-1,-4.710432589E-1
1.467678959E2,-3.470532298E-1,4.506404698E-1,-4.491052032E-1
1.467779039E2,-2.858969569E-1,4.357590675E-1,-4.200561345E-1
1.467879109E2,-2.009319961E-1,3.842705488E-1,-3.891080916E-1
1.467979189E2,-1.076158509E-1,3.075992167E-1,-3.590075672E-1
1.468079269E2,-3.378504142E-2,2.137148082E-1,-3.358447254E-1
1.468179349E2,3.539228346E-3,1.328621209E-1,-3.079755306E-1
1.468279429E2,-3.332792316E-3,7.290371507E-2,-2.848699391E-1
1.468379499E2,-3.810144588E-2,5.036677420E-2,-2.690525651E-1
1.468479579E2,-8.723916858E-2,4.548999295E-2,-2.522099316E-1
1.468579659E2,-1.445629299E-1,4.630455002E-2,-2.551297247E-1
1.468679739E2,-2.033325136E-1,5.811300501E-2,-2.669099271E-1
1.468779819E2,-2.659200132E-1,8.521275222E-2,-2.829431593E-1
1.468879889E2,-3.310122192E-1,1.317459047E-1,-2.909813821E-1
1.468979969E2,-3.962990940E-1,1.822439134E-1,-2.829602659E-1
1.469080049E2,-4.334185123E-1,2.397564650E-1,-2.607881427E-1
1.469180129E2,-4.262541533E-1,2.968412042E-1,-2.255653739E-1
1.469280209E2,-3.721224666E-1,3.461983502E-1,-1.826519966E-1
1.469380279E2,-2.785183787E-1,3.745529950E-1,-1.231704652E-1
1.469480359E2,-1.708856672E-1,3.630279005E-1,-5.457862094E-2
1.469580439E2,-7.117179781E-2,3.123682439E-1,1.489666104E-2
1.469680519E2,6.292629521E-3,2.344438732E-1,7.731316239E-2
1.469780599E2,6.978693604E-2,1.688308418E-1,1.300389022E-1
1.469880669E2,1.224975511E-1,1.370904744E-1,1.671668291E-1
1.469980743E2,1.588067859E-1,1.401204765E-1,2.008772939E-1
1.470080823E2,1.699904501E-1,1.669153422E-1,2.241490632E-1
1.470180903E2,1.555198282E-1,2.099978477E-1,2.374787331E-1
1.470280983E2,1.291113943E-1,2.602908313E-1,2.525216043E-1
1.470381053E2,1.033067927E-1,3.253558874E-1,2.618588209E-1
1.470481133E2,8.586522192E-2,3.850501180E-1,2.672021985E-1
1.470581213E2,7.938297093E-2,4.202033281E-1,2.724738419E-1
1.470681293E2,7.667240500E-2,4.156040549E-1,2.875811458E-1
1.470781373E2,7.068959624E-2,3.622109294E-1,3.088638783E-1
1.470881453E2,7.778532058E-2,2.928899229E-1,3.389794528E-1
1.470981523E2,9.070508927E-2,2.153498977E-1,3.741646707E-1
1.471081603E2,1.291696578E-1,1.484614164E-1,4.087809920E-1
1.471181683E2,1.901023239E-1,9.397019446E-2,4.406315684E-1
1.471281763E2,2.592121363E-1,6.108228862E-2,4.675449431E-1
1.471381843E2,3.277940750E-1,5.962197855E-2,4.958609641E-1
1.471481913E2,3.944759071E-1,7.769951224E-2,5.304077864E-1
1.471581993E2,4.390558600E-1,8.292868733E-2,5.572757125E-1
1.471682073E2,4.517681897E-1,5.169779807E-2,5.711547732E-1
1.471782153E2,4.088450074E-1,-2.194816433E-2,5.525744557E-1
1.471882233E2,3.152231872E-1,-1.094481871E-1,5.026170611E-1
1.471982303E2,1.870674640E-1,-1.962717026E-1,4.268341959E-1
1.472082383E2,5.631158501E-2,-2.387805432E-1,3.582410216E-1
1.472182463E2,-4.451669008E-2,-1.990486681E-1,3.124106824E-1
1.472282543E2,-7.840035111E-2,-5.778420717E-2,3.104697764E-1
1.472382623E2,-4.406115785E-2,1.610812694E-1,3.592948318E-1
1.472482693E2,3.712104633E-2,3.724725842E-1,4.207912087E-1
1.472582773E2,1.491785944E-1,5.219321251E-1,4.719639719E-1
1.472682853E2,2.698879540E-1,5.771996379E-1,5.263643861E-1
1.472782933E2,3.794467747E-1,5.276916623E-1,5.617972016E-1
1.472883013E2,4.730220139E-1,4.153630137E-1,5.714151859E-1
1.472983093E2,5.341562629E-1,2.644246817E-1,5.531823039E-1
1.473083163E2,5.513818264E-1,1.162701026E-1,5.237740874E-1
1.473183243E2,5.130607486E-1,-1.636096090E-2,4.925120175E-1
1.473283323E2,4.318654835E-1,-1.223808676E-1,4.590629637E-1
1.473383403E2,3.251363933E-1,-1.964861602E-1,4.173808098E-1
1.473483483E2,1.897620261E-1,-2.367981672E-1,3.627614975E-1
1.473583553E2,4.171478003E-2,-2.582760453E-1,3.007527888E-1
1.473683633E2,-1.138114333E-1,-2.907642126E-1,2.328187376E-1
1.473783713E2,-2.588665485E-1,-3.211731315E-1,1.684130877E-1
1.473883793E2,-3.864050806E-1,-3.532602191E-1,1.064202785E-1
1.473983873E2,-4.961403608E-1,-3.866688907E-1,3.905770928E-2
1.474083943E2,-5.842395425E-1,-4.141252935E-1,-3.171632811E-2
1.474184023E2,-6.461448073E-1,-4.127813876E-1,-8.166580647E-2
1.474284103E2,-6.636583209E-1,-3.462412357E-1,-9.423832595E-2
1.474384183E2,-6.234681010E-1,-2.133306265E-1,-7.077539712E-2
1.474484263E2,-5.310857296E-1,-4.657786712E-2,-2.222623490E-2
1.474584333E2,-3.967401087E-1,1.316896677E-1,3.668029606E-2
1.474684413E2,-2.310294509E-1,2.655076683E-1,9.110305458E-2
1.474784493E2,-6.955329329E-2,3.119871318E-1,1.343011856E-1
1.474884573E2,5.160109699E-2,2.892916799E-1,1.580749601E-1
1.474984653E2,1.384976357E-1,2.392114997E-1,1.715314686E-1
1.475084733E2,1.985338032E-1,1.867467016E-1,1.776804328E-1
1.475184803E2,2.175200135E-1,1.219522506E-1,1.812706441E-1
1.475284883E2,1.964288354E-1,6.599418074E-2,1.856065392E-1
1.475384963E2,1.453504115E-1,1.814246736E-2,1.846530586E-1
1.475485043E2,6.416502595E-2,-3.198142350E-2,1.695947349E-1
1.475585123E2,-1.762915030E-2,-5.222508311E-2,1.454181969E-1
1.475685193E2,-9.603554010E-2,-5.528797954E-2,1.211895570E-1
1.475785273E2,-1.630789340E-1,-4.739672691E-2,1.055971980E-1
1.475885353E2,-2.035451382E-1,-4.064881057E-2,1.045316681E-1
1.475985433E2,-2.177955359E-1,-5.336799100E-2,1.059717387E-1
1.476085513E2,-2.100196332E-1,-8.681623638E-2,1.177327931E-1
1.476185583E2,-1.723635197E-1,-1.280983835E-1,1.339244694E-1
1.476285663E2,-1.184627339E-1,-1.779604852E-1,1.417610943E-1
1.476385743E2,-5.825261027E-2,-2.155372798E-1,1.510138065E-1
1.476485823E2,-5.945197307E-3,-2.390189022E-1,1.659812927E-1
1.476585903E2,2.870311216E-2,-2.520835996E-1,1.728252023E-1
1.476685973E2,4.803100228E-2,-2.639842033E-1,1.789709777E-1
1.476786053E2,5.377057567E-2,-2.767612934E-1,1.787884980E-1
1.476886133E2,6.663976610E-2,-2.746448517E-1,1.781280339E-1
1.476986213E2,9.767413884E-2,-2.523147166E-1,1.700825691E-1
1.477086293E2,1.493663639E-1,-2.087757736E-1,1.564165503E-1
1.477186373E2,2.009752393E-1,-1.639761329E-1,1.432551295E-1
1.477286443E2,2.339270711E-1,-1.451846063E-1,1.250644028E-1
1.477386523E2,2.398887128E-1,-1.681013405E-1,1.030194536E-1
1.477486603E2,2.244288027E-1,-2.138637751E-1,7.719824463E-2
1.477586683E2,2.090045810E-1,-2.568610907E-1,4.230381921E-2
1.477686763E2,2.095670402E-1,-2.701007426E-1,6.812938489E-3
1.477786833E2,2.141154557E-1,-2.786345780E-1,-2.552476153E-2
1.477886913E2,2.275047600E-1,-2.689087093E-1,-4.710036144E-2
1.477986993E2,2.834402919E-1,-1.895439178E-1,-4.726664349E-2
1.478087073E2,3.750083148E-1,-6.970939785E-2,-2.225796692E-2
1.478187153E2,4.716080725E-1,2.914335020E-2,1.352244616E-2
1.478287223E2,5.271445513E-1,6.349705905E-2,4.509102553E-2
1.478387303E2,5.239181519E-1,2.328084596E-2,6.135614216E-2
1.478487383E2,4.630038738E-1,-7.566543669E-2,6.411597878E-2
1.478587463E2,3.729353249E-1,-2.006275654E-1,3.814128786E-2
1.478687543E2,2.763811052E-1,-3.255807161E-1,-1.949351095E-2
1.478787623E2,1.670300514E-1,-4.438861907E-1,-1.142704487E-1
1.478887693E2,4.543705657E-2,-5.348280668E-1,-2.282348275E-1
1.478987773E2,-8.842067420E-2,-5.880077481E-1,-3.460954428E-1
1.479087853E2,-2.347166389E-1,-6.095572710E-1,-4.526253343E-1
1.479187933E2,-3.875681460E-1,-5.804680586E-1,-5.407611728E-1
1.479288013E2,-5.261768699E-1,-4.933771193E-1,-6.280273795E-1
1.479388083E2,-6.200711131E-1,-3.361275196E-1,-7.019876838E-1
1.479488163E2,-6.217273474E-1,-1.158167124E-1,-7.549547553E-1
1.479588243E2,-5.494718552E-1,1.145968437E-1,-7.643614411E-1
1.479688323E2,-4.281800389E-1,3.251788616E-1,-7.362147570E-1
1.479788403E2,-3.046200573E-1,4.605785012E-1,-6.971051097E-1
1.479888473E2,-1.810877323E-1,5.302406549E-1,-6.354060769E-1
1.479988552E2,-8.250761777E-2,5.354546309E-1,-5.662229061E-1
1.480088632E2,-1.815951988E-2,4.724963903E-1,-4.884396791E-1
1.480188712E2,2.251167595E-2,3.533878922E-1,-4.258226156E-1
1.480288792E2,3.236297891E-2,2.073438466E-1,-3.865793645E-1
1.480388872E2,1.515882369E-2,7.547468692E-2,-3.533313870E-1
1.480488942E2,-2.347858250E-2,-3.079316393E-2,-3.237346113E-1
1.480589022E2,-7.778296620E-2,-1.049527973E-1,-2.927117050E-1
1.480689102E2,-1.472795010E-1,-1.513168365E-1,-2.611767054E-1
1.480789182E2,-2.309166640E-1,-1.809142381E-1,-2.292813659E-1
1.480889262E2,-3.184771538E-1,-2.061170638E-1,-1.999841928E-1
1.480989332E2,-3.851013184E-1,-2.109102309E-1,-1.824788600E-1
1.481089412E2,-4.200819433E-1,-2.096273899E-1,-1.699987501E-1
1.481189492E2,-4.358133078E-1,-2.039693296E-1,-1.629099697E-1
1.481289572E2,-4.358841479E-1,-1.877163351E-1,-1.573980302E-1
1.481389652E2,-4.020869136E-1,-1.646673232E-1,-1.356369853E-1
1.481489722E2,-3.483270109E-1,-1.383784711E-1,-1.016736999E-1
1.481589802E2,-2.786658704E-1,-1.047837660E-1,-6.187157333E-2
1.481689882E2,-2.070841044E-1,-7.227163017E-2,-2.258595079E-2
1.481789962E2,-1.462006867E-1,-4.668576270E-2,9.752685204E-3
1.481890042E2,-1.010252163E-1,-3.348473832E-2,2.872850746E-2
1.481990122E2,-8.067414165E-2,-3.745982423E-2,4.073594883E-2
1.482090192E2,-8.336286247E-2,-4.724374413E-2,4.641087726E-2
1.482190272E2,-1.029151008E-1,-5.835464969E-2,4.602484033E-2
1.482290352E2,-1.295714825E-1,-6.336459517E-2,4.210599884E-2
1.482390432E2,-1.504539400E-1,-5.621439964E-2,3.637757897E-2
1.482490512E2,-1.667319834E-1,-4.978553206E-2,2.434408851E-2
1.482590582E2,-1.674098074E-1,-2.877514809E-2,2.225856110E-2
1.482690662E2,-1.487378627E-1,-1.188260503E-3,2.775532566E-2
1.482790742E2,-1.076555997E-1,3.967910260E-2,3.262518719E-2
1.482890822E2,-5.407706276E-2,7.286155969E-2,3.440284729E-2
1.482990902E2,-5.773357581E-3,9.022050351E-2,4.056183621E-2
1.483090972E2,3.922847286E-2,1.010915264E-1,5.606010184E-2
1.483191052E2,8.023935556E-2,1.121792644E-1,7.505299896E-2
1.483291132E2,1.138764173E-1,1.263515353E-1,9.000238776E-2
1.483391212E2,1.389683783E-1,1.360149980E-1,9.933009744E-2
1.483491292E2,1.478798389E-1,1.415064335E-1,1.046071500E-1
1.483591372E2,1.346768141E-1,1.251904517E-1,1.112946942E-1
1.483691442E2,1.067924500E-1,1.013130844E-1,1.168753505E-1
1.483791522E2,7.313537598E-2,8.616311103E-2,1.213571131E-1
1.483891602E2,4.601693898E-2,8.595272154E-2,1.249949932E-1
1.483991682E2,4.341980070E-2,1.050291657E-1,1.316785216E-1
1.484091762E2,6.978296489E-2,1.318594366E-1,1.488298029E-1
1.484191832E2,1.132019013E-1,1.590365022E-1,1.833000928E-1
1.484291912E2,1.605012268E-1,1.766802222E-1,2.257242501E-1
1.484391992E2,1.880190372E-1,1.587871015E-1,2.744834423E-1
1.484492072E2,2.011715919E-1,1.184039861E-1,3.294745386E-1
1.484592152E2,2.102987468E-1,3.953069448E-2,3.795795739E-1
1.484692232E2,2.271344513E-1,-5.913862586E-2,4.178987443E-1
1.484792302E2,2.471054941E-1,-1.619510204E-1,4.528734982E-1
1.484892382E2,2.863277197E-1,-2.430892736E-1,5.078523159E-1
1.484992462E2,3.628025949E-1,-2.835564613E-1,5.784311295E-1
1.485092542E2,4.787619412E-1,-3.049693406E-1,6.474674940E-1
1.485192622E2,6.130739450E-1,-3.145929277E-1,6.857219338E-1
1.485292692E2,7.241336107E-1,-3.161516786E-1,6.843011379E-1
1.485392772E2,7.880784869E-1,-2.981007695E-1,6.497013569E-1
1.485492852E2,7.899776101E-1,-2.996104956E-1,5.661547780E-1
1.485592932E2,6.984053254E-1,-2.874130309E-1,4.564170241E-1
1.485693012E2,5.266245008E-1,-2.179657668E-1,3.493773937E-1
1.485793082E2,3.345590830E-1,-6.535154581E-2,2.745887935E-1
1.485893162E2,1.830582619E-1,1.596269757E-1,2.298479527E-1
1.485993242E2,1.078486145E-1,4.154630303E-1,2.097596377E-1
1.486093322E2,1.163406298E-1,6.491175890E-1,2.004473656E-1
1.486193402E2,1.885372549E-1,8.046544790E-1,1.983727664E-1
1.486293482E2,2.710790038E-1,8.621561527E-1,2.058037817E-1
1.486393552E2,3.508454859E-1,8.091820478E-1,2.099048346E-1
1.486493632E2,4.111852646E-1,6.792155504E-1,2.112963349E-1
1.486593712E2,4.356669486E-1,4.927498102E-1,2.036848366E-1
1.486693792E2,4.310154617E-1,2.997622490E-1,1.888259947E-1
1.486793872E2,4.261008203E-1,1.755925417E-1,1.802022755E-1
1.486893942E2,4.159658849E-1,1.185542867E-1,1.778728068E-1
1.486994022E2,3.938644826E-1,1.165517271E-1,1.719850004E-1
1.487094102E2,3.476224244E-1,1.380551606E-1,1.558947265E-1
1.487194182E2,2.647179067E-1,1.474736482E-1,1.369478554E-1
1.487294262E2,1.457299888E-1,1.322571486E-1,1.182423458E-1
1.487394342E2,-4.957786761E-3,5.603215098E-2,9.083122760E-2
1.487494412E2,-1.773516536E-1,-6.316561252E-2,5.283537880E-2
1.487594492E2,-3.379234374E-1,-1.735884249E-1,1.164986379E-2
1.487694572E2,-4.555581808E-1,-2.602833807E-1,-3.320123255E-2
1.487794652E2,-5.171152353E-1,-3.101590872E-1,-8.834826201E-2
1.487894732E2,-5.318811536E-1,-2.682995200E-1,-1.222207397E-1
1.487994802E2,-5.044094920E-1,-1.574744135E-1,-1.313798130E-1
1.488094882E2,-4.463081360E-1,1.085140742E-3,-1.181241870E-1
1.488194962E2,-3.802501559E-1,1.580385715E-1,-9.424239397E-2
1.488295042E2,-3.350981176E-1,2.762059569E-1,-7.049898058E-2
1.488395122E2,-3.251846731E-1,3.392747641E-1,-5.721086636E-2
1.488495192E2,-3.425604701E-1,3.515809774E-1,-5.416953564E-2
1.488595272E2,-3.652303219E-1,3.375314772E-1,-5.053931102E-2
1.488695352E2,-3.779293597E-1,3.153524101E-1,-5.134252086E-2
1.488795432E2,-3.697578907E-1,2.891885936E-1,-4.617737606E-2
1.488895512E2,-3.535514772E-1,2.510595918E-1,-3.550955281E-2
1.488995592E2,-3.309110701E-1,2.040250599E-1,-2.387419902E-2
1.489095662E2,-3.062784076E-1,1.517189890E-1,-8.036912419E-3
1.489195742E2,-2.909028828E-1,9.089726955E-2,1.287436858E-2
1.489295822E2,-2.939505875E-1,2.939848788E-2,1.590850577E-2
1.489395902E2,-3.000816703E-1,-3.800373152E-2,1.944130473E-2
1.489495982E2,-3.072199821E-1,-1.091815010E-1,1.095168199E-2
1.489596052E2,-3.211468160E-1,-1.608230621E-1,1.001648232E-2
1.489696132E2,-3.554230332E-1,-2.036988884E-1,6.022272632E-3
1.489796212E2,-4.037023187E-1,-2.147880048E-1,1.252003852E-2
1.489896292E2,-4.575945735E-1,-2.357843667E-1,2.461931109E-2
1.489996382E2,-4.937154949E-1,-2.560082972E-1,3.417966887E-2
1.490096462E2,-5.059964061E-1,-2.651700974E-1,4.145702347E-2
1.490196532E2,-4.824513495E-1,-2.647786736E-1,5.486088991E-2
1.490296612E2,-4.134722948E-1,-2.630369663E-1,7.981950790E-2
1.490396692E2,-3.129727542E-1,-2.742266357E-1,9.446403384E-2
1.490496772E2,-2.091174424E-1,-2.885850966E-1,1.068666428E-1
1.490596852E2,-1.234520301E-1,-3.457056284E-1,1.235695779E-1
1.490696922E2,-6.036067754E-2,-4.506469667E-1,1.302221566E-1
1.490797002E2,-3.354097717E-3,-5.776638985E-1,1.322215348E-1
1.490897082E2,6.608596444E-2,-6.952626705E-1,1.226277724E-1
1.490997162E2,1.659875810E-1,-7.566965222E-1,1.097451076E-1
1.491097242E2,2.858798802E-1,-7.341027856E-1,1.056481004E-1
1.491197322E2,3.947924376E-1,-6.375976205E-1,9.238643944E-2
1.491297392E2,4.347036183E-1,-5.394119620E-1,5.468752980E-2
1.491397472E2,3.908096850E-1,-4.648239613E-1,5.295214243E-3
1.491497552E2,2.733693123E-1,-4.197707176E-1,-6.214268133E-2
1.491597632E2,1.128074974E-1,-3.892541230E-1,-1.470508873E-1
1.491697712E2,-5.913523585E-2,-3.703451455E-1,-2.450445592E-1
1.491797782E2,-2.183345407E-1,-3.442113400E-1,-3.419632316E-1
1.491897862E2,-3.423014879E-1,-2.788046300E-1,-4.248157740E-1
1.491997942E2,-4.155188799E-1,-1.433681995E-1,-4.832386971E-1
1.492098022E2,-4.109752774E-1,5.300929397E-2,-5.283358693E-1
1.492198102E2,-3.546239734E-1,2.748337388E-1,-5.551696420E-1
1.492298172E2,-2.580516338E-1,5.034645200E-1,-5.623944998E-1
1.492398252E2,-1.401185542E-1,7.176731825E-1,-5.439283848E-1
1.492498332E2,-1.491376944E-2,8.711572886E-1,-5.095155239E-1
1.492598412E2,9.112567455E-2,9.447026849E-1,-4.633898735E-1
1.492698492E2,1.552662998E-1,9.075934291E-1,-4.125581384E-1
1.492798572E2,1.697993577E-1,7.613257766E-1,-3.695032299E-1
1.492898642E2,1.506389827E-1,5.407553315E-1,-3.331761360E-1
1.492998722E2,1.297257543E-1,2.727421224E-1,-3.023443520E-1
1.493098802E2,1.164325848E-1,1.046970952E-3,-2.789743245E-1
1.493198882E2,1.088919342E-1,-2.177319527E-1,-2.707020938E-1
1.493298962E2,1.084538400E-1,-3.504362106E-1,-2.801168859E-1
1.493399032E2,9.179550409E-2,-4.112048149E-1,-2.973297238E-1
1.493499112E2,5.501937866E-2,-3.908340335E-1,-3.077352345E-1
1.493599192E2,7.085102261E-4,-2.978255153E-1,-2.984122038E-1
1.493699272E2,-5.621336028E-2,-1.546544880E-1,-2.714056373E-1
1.493799352E2,-9.912476689E-2,1.265576109E-3,-2.475793213E-1
1.493899432E2,-1.160323769E-1,1.406154782E-1,-2.258828133E-1
1.493999502E2,-1.151486933E-1,2.265380025E-1,-2.048442662E-1
1.494099582E2,-1.023599282E-1,2.497996390E-1,-1.775465906E-1
1.494199662E2,-9.203427285E-2,2.261115015E-1,-1.419059485E-1
1.494299742E2,-8.607172221E-2,1.626891196E-1,-1.130620614E-1
1.494399822E2,-7.206558436E-2,9.565500170E-2,-9.497087449E-2
1.494499892E2,-5.253183097E-2,3.508646786E-2,-8.508601785E-2
1.494599972E2,-4.376523569E-2,-3.368433937E-2,-7.739800960E-2
1.494700052E2,-5.568634346E-2,-9.364381433E-2,-6.978376210E-2
1.494800132E2,-9.116341919E-2,-1.319576949E-1,-6.373712420E-2
1.494900212E2,-1.565336436E-1,-1.657636017E-1,-5.633725971E-2
1.495000292E2,-2.466124743E-1,-1.903041750E-1,-6.357201189E-2
1.495100362E2,-3.436308801E-1,-1.938174218E-1,-7.908226550E-2
1.495200442E2,-4.379798472E-1,-1.806876659E-1,-9.375542402E-2
1.495300522E2,-5.183104277E-1,-1.561093479E-1,-1.023593023E-1
1.495400602E2,-5.704352260E-1,-1.202236861E-1,-9.476836771E-2
1.495500682E2,-5.801309943E-1,-7.185614854E-2,-7.648416609E-2
1.495600752E2,-5.380871296E-1,-1.270500757E-2,-4.533805698E-2
1.495700832E2,-4.411374331E-1,5.165933818E-2,-4.908073694E-3
1.495800912E2,-3.114341199E-1,9.721542895E-2,4.466437921E-2
1.495900992E2,-1.751761287E-1,1.372552514E-1,9.954120964E-2
1.496001072E2,-4.827684909E-2,1.661731154E-1,1.563847810E-1
1.496101142E2,5.025744438E-2,1.838053614E-1,2.034433633E-1
1.496201222E2,1.191172823E-1,2.014053017E-1,2.439322174E-1
1.496301302E2,1.568577290E-1,2.144545168E-1,2.881004810E-1
1.496401382E2,1.662751436E-1,2.078344822E-1,3.164832890E-1
1.496501462E2,1.702871919E-1,2.245937586E-1,3.284376860E-1
1.496601542E2,2.075677514E-1,2.867372036E-1,3.567357957E-1
1.496701612E2,2.699600160E-1,3.505465388E-1,3.955705464E-1
1.496801692E2,3.427046835E-1,4.038760066E-1,4.456221759E-1
1.496901772E2,4.171017110E-1,4.364903867E-1,4.974467456E-1
1.497001852E2,4.885177910E-1,4.480355382E-1,5.470082164E-1
1.497101932E2,5.404491425E-1,4.173026383E-1,5.745679736E-1
1.497202002E2,5.659505725E-1,3.411009014E-1,5.805131197E-1
1.497302082E2,5.623779297E-1,2.460148484E-1,5.732845068E-1
1.497402162E2,5.353204012E-1,1.252608597E-1,5.383144617E-1
1.497502242E2,4.942690730E-1,-1.608721539E-2,4.916399121E-1
1.497602322E2,4.576312006E-1,-1.300807893E-1,4.483349621E-1
1.497702402E2,4.402149320E-1,-1.911191046E-1,4.020196497E-1
1.497802472E2,4.356620610E-1,-2.204948068E-1,3.598593473E-1
1.497902552E2,4.131293297E-1,-2.339003682E-1,3.194671869E-1
1.498002632E2,3.567616642E-1,-2.478218824E-1,2.799844742E-1
1.498102712E2,2.599831820E-1,-2.705136240E-1,2.094849795E-1
1.498202792E2,1.408922225E-1,-2.767838240E-1,1.226846203E-1
1.498302862E2,3.604222834E-2,-2.331093103E-1,3.523653001E-2
1.498402942E2,-1.755888574E-2,-1.191063076E-1,-3.855462000E-2
1.498503022E2,6.928218645E-4,8.319247514E-2,-6.636254489E-2
1.498603102E2,7.965017855E-2,3.400007486E-1,-3.574106097E-2
1.498703182E2,2.019646466E-1,6.291282177E-1,4.548508301E-2
1.498803262E2,3.371493518E-1,8.421587944E-1,1.475498825E-1
1.498903332E2,4.591239691E-1,9.164633751E-1,2.341444343E-1
1.499003412E2,5.679640174E-1,8.930196762E-1,2.833380401E-1
1.499103492E2,6.622902751E-1,7.911812067E-1,2.919397652E-1
1.499203572E2,7.345516086E-1,6.397885084E-1,2.813360095E-1
1.499303652E2,7.768663168E-1,4.743278921E-1,2.690492570E-1
1.499403722E2,7.727512121E-1,3.316513300E-1,2.413753867E-1
1.499503802E2,7.185404301E-1,2.457513511E-1,2.044986039E-1
1.499603882E2,6.131792068E-1,2.109196782E-1,1.613940001E-1
1.499703962E2,4.720775187E-1,2.230567634E-1,1.169090793E-1
1.499804042E2,3.035936952E-1,2.624986768E-1,7.157799602E-2
1.499904122E2,1.217863560E-1,2.827919424E-1,3.419653699E-2
1.500004185E2,-7.121534646E-2,2.562101781E-1,1.146388240E-2
1.500104265E2,-2.604542375E-1,1.772013903E-1,-6.487953477E-3
1.500204345E2,-4.290768504E-1,7.882694900E-2,-2.965044230E-2
1.500304425E2,-5.576297641E-1,-2.262271196E-2,-4.617802054E-2
1.500404505E2,-6.378819346E-1,-1.291148067E-1,-7.103105634E-2
1.500504575E2,-6.606280208E-1,-2.060540617E-1,-9.849144518E-2
1.500604655E2,-6.345101595E-1,-2.412022501E-1,-1.075567827E-1
1.500704735E2,-5.801382661E-1,-2.189850956E-1,-9.040575475E-2
1.500804815E2,-4.957834482E-1,-1.555759162E-1,-3.906968981E-2
1.500904895E2,-3.832454681E-1,-7.583741099E-2,3.277760372E-2
1.501004965E2,-2.539565265E-1,4.078992642E-4,1.112655848E-1
1.501105045E2,-1.307147592E-1,4.376309738E-2,1.715869904E-1
1.501205125E2,-3.364353627E-2,3.178242221E-2,2.092840374E-1
1.501305205E2,3.606097773E-2,-2.245498262E-2,2.274518609E-1
1.501405285E2,8.562320471E-2,-8.243507147E-2,2.356090844E-1
1.501505365E2,1.128218025E-1,-1.436949670E-1,2.361632884E-1
1.501605435E2,1.244631186E-1,-1.845693588E-1,2.330134362E-1
1.501705515E2,1.182299927E-1,-1.802475750E-1,2.259246260E-1
1.501805595E2,9.527558833E-2,-1.603656113E-1,2.114727795E-1
1.501905675E2,5.386023596E-2,-1.384358108E-1,1.877027303E-1
1.502005755E2,1.120536774E-2,-1.174249053E-1,1.695110649E-1
1.502105825E2,-2.475822531E-2,-1.001335308E-1,1.563843489E-1
1.502205905E2,-4.437138513E-2,-1.013779044E-1,1.412393898E-1
1.502305985E2,-5.560060591E-2,-1.350706220E-1,1.151065901E-1
1.502406065E2,-7.302123308E-2,-2.049085796E-1,7.405404747E-2
1.502506145E2,-1.028779298E-1,-2.763425708E-1,2.713740803E-2
1.502606225E2,-1.476368606E-1,-3.349915445E-1,-1.220475975E-2
1.502706295E2,-1.983897835E-1,-3.755301833E-1,-4.634542018E-2
1.502806375E2,-2.462050617E-1,-4.027749002E-1,-7.590216398E-2
1.502906455E2,-2.858235836E-1,-3.931185305E-1,-8.735056221E-2
1.503006535E2,-3.089331388E-1,-3.456749022E-1,-8.257666230E-2
1.503106615E2,-3.024874926E-1,-2.278779745E-1,-5.461773276E-2
1.503206685E2,-2.703987062E-1,-4.029466957E-2,-1.032030676E-2
1.503306765E2,-2.191952020E-1,1.666225642E-1,3.255525604E-2
1.503406845E2,-1.651070118E-1,3.319001496E-1,6.709440798E-2
1.503506925E2,-1.181608140E-1,4.032813907E-1,8.022379130E-2
1.503607005E2,-8.041264117E-2,3.946256042E-1,5.601405352E-2
1.503707085E2,-5.125954747E-2,2.941005826E-1,2.138097957E-2
1.503807155E2,-2.433916181E-2,1.384660751E-1,-1.760489680E-2
1.503907235E2,1.896197349E-2,-5.798951723E-3,-5.283159390E-2
1.504007315E2,9.029822797E-2,-1.255550385E-1,-8.521194756E-2
1.504107395E2,1.770858616E-1,-2.147357762E-1,-1.202684641E-1
1.504207475E2,2.494008243E-1,-2.925299406E-1,-1.575647891E-1
1.504307545E2,2.828975320E-1,-3.827961981E-1,-2.009490132E-1
1.504407625E2,2.661102414E-1,-4.822208881E-1,-2.453220785E-1
1.504507705E2,2.189057022E-1,-5.526891947E-1,-2.892868817E-1
1.504607785E2,1.579829603E-1,-6.088972688E-1,-3.346661329E-1
1.504707865E2,7.929693162E-2,-6.630236506E-1,-3.977673352E-1
1.504807945E2,-1.103895810E-2,-7.118364573E-1,-4.793028831E-1
1.504908015E2,-1.047731712E-1,-7.398582101E-1,-5.724318027E-1
1.505008095E2,-1.953856498E-1,-7.329585552E-1,-6.654247046E-1
1.505108175E2,-2.835708857E-1,-6.923294067E-1,-7.569101453E-1
1.505208255E2,-3.761405349E-1,-6.098667979E-1,-8.305558562E-1
1.505308335E2,-4.682379663E-1,-4.944102466E-1,-8.942666650E-1
1.505408405E2,-5.393872857E-1,-3.675970137E-1,-9.587544203E-1
1.505508485E2,-5.579715967E-1,-2.310927063E-1,-1.013112187E0
1.505608565E2,-5.234597325E-1,-9.192862362E-2,-1.034246445E0
1.505708645E2,-4.501647651E-1,3.354460746E-2,-1.014902830E0
1.505808725E2,-3.451494873E-1,1.384140849E-1,-9.490038753E-1
1.505908805E2,-2.227700204E-1,2.087021023E-1,-8.453261852E-1
1.506008875E2,-8.008100837E-2,2.128560692E-1,-7.188494802E-1
1.506108955E2,6.707808375E-2,1.483108997E-1,-5.980077386E-1
1.506209035E2,1.983502358E-1,3.056467697E-2,-5.015481114E-1
1.506309115E2,2.966203392E-1,-1.011225060E-1,-4.400780797E-1
1.506409195E2,3.389147818E-1,-2.182384282E-1,-4.157710671E-1
1.506509275E2,3.165964186E-1,-3.187106848E-1,-4.165353775E-1
1.506609345E2,2.436833829E-1,-4.004055262E-1,-4.247343838E-1
1.506709425E2,1.366011351E-1,-4.366370440E-1,-4.381439388E-1
1.506809505E2,2.035866678E-2,-4.212114215E-1,-4.621684849E-1
1.506909585E2,-8.368171751E-2,-3.629449010E-1,-4.807576239E-1
1.507009665E2,-1.730892062E-1,-2.754367590E-1,-4.995420277E-1
1.507109735E2,-2.550623715E-1,-1.682280153E-1,-5.100136399E-1
1.507209815E2,-3.277761936E-1,-6.614481658E-2,-5.101330280E-1
1.507309895E2,-3.826418519E-1,-5.895327777E-3,-5.032628775E-1
1.507409975E2,-4.094257653E-1,3.255234286E-2,-4.935968518E-1
1.507510055E2,-4.096001983E-1,3.419098631E-2,-4.816531241E-1
1.507610125E2,-3.918343186E-1,4.106618464E-3,-4.621599317E-1
1.507710205E2,-3.711426258E-1,-4.864128307E-2,-4.346947670E-1
1.507810285E2,-3.546408117E-1,-1.121826693E-1,-4.007093012E-1
1.507910365E2,-3.555566669E-1,-2.007199824E-1,-3.714685738E-1
1.508010445E2,-3.757320642E-1,-3.018350899E-1,-3.596597612E-1
1.508110525E2,-4.061845243E-1,-3.859366477E-1,-3.566107154E-1
1.508210595E2,-4.278644621E-1,-4.436706305E-1,-3.702832758E-1
1.508310675E2,-4.335321784E-1,-4.587662220E-1,-4.010925889E-1
1.508410755E2,-4.128019214E-1,-4.270861149E-1,-4.203987420E-1
1.508510835E2,-3.722670376E-1,-3.290452957E-1,-4.219673276E-1
1.508610915E2,-3.044138253E-1,-1.806488633E-1,-3.900948167E-1
1.508710995E2,-2.106346041E-1,-4.465188459E-2,-3.374044597E-1
1.508811065E2,-1.104724258E-1,5.198157579E-2,-2.834174633E-1
1.508911145E2,-1.239939034E-2,1.175978705E-1,-2.354027927E-1
1.509011225E2,6.480640173E-2,1.368241459E-1,-1.937787384E-1
1.509111305E2,1.088023558E-1,1.215911359E-1,-1.675745696E-1
1.509211385E2,1.131073833E-1,8.353406191E-2,-1.631878763E-1
1.509311455E2,9.284552187E-2,5.989557877E-2,-1.611066163E-1
1.509411535E2,4.548635334E-2,4.139249772E-2,-1.562064886E-1
1.509511615E2,-1.113697793E-2,4.671961814E-2,-1.520500928E-1
1.509611695E2,-5.345970392E-2,7.705695927E-2,-1.413951218E-1
1.509711775E2,-7.579004765E-2,1.287987083E-1,-1.200442910E-1
1.509811855E2,-7.342436910E-2,1.885236502E-1,-9.280046821E-2
1.509911925E2,-5.608825758E-2,2.465688437E-1,-4.766733944E-2
1.510012005E2,-3.298807517E-2,2.780478001E-1,-2.462456003E-3
1.510112085E2,-9.510714561E-3,2.791261673E-1,3.911614418E-2
1.510212165E2,1.764086075E-2,2.532678843E-1,5.260835215E-2
1.510312245E2,5.129602551E-2,2.311846763E-1,5.592185631E-2
1.510412315E2,7.511047274E-2,2.262862325E-1,5.079712719E-2
1.510512395E2,8.831869066E-2,2.247173637E-1,5.157849938E-2
1.510612475E2,8.884133399E-2,2.139889151E-1,5.230633542E-2
1.510712555E2,9.120541811E-2,2.146704197E-1,5.668110773E-2
1.510812635E2,1.041196361E-1,2.289248556E-1,7.200376689E-2
1.510912715E2,1.219814569E-1,2.485526204E-1,9.418816119E-2
1.511012785E2,1.465692669E-1,2.756499946E-1,1.179412380E-1
1.511112865E2,1.764536500E-1,2.991923392E-1,1.367974877E-1
1.511212945E2,2.020885348E-1,3.300815523E-1,1.531707942E-1
1.511313025E2,2.166805267E-1,3.604959249E-1,1.611490846E-1
1.511413105E2,2.278468460E-1,3.932403922E-1,1.803772897E-1
1.511513175E2,2.463132143E-1,4.183566570E-1,2.264273316E-1
1.511613255E2,2.780837119E-1,4.222874641E-1,2.950530946E-1
1.511713335E2,3.489395082E-1,4.098047018E-1,3.789488077E-1
1.511813415E2,4.627373815E-1,3.906099796E-1,4.687153399E-1
1.511913495E2,6.053352952E-1,3.442973495E-1,5.474703312E-1
1.512013575E2,7.456564903E-1,2.477575392E-1,6.060542464E-1
1.512113645E2,8.692578077E-1,1.407346725E-1,6.300243139E-1
1.512213725E2,9.443549514E-1,4.937620834E-2,6.061524153E-1
1.512313805E2,9.296678901E-1,2.543625794E-2,5.372460485E-1
1.512413885E2,8.086747527E-1,6.563351303E-2,4.512988031E-1
1.512513965E2,6.135052443E-1,1.249370426E-1,3.794437945E-1
1.512614035E2,3.991294503E-1,1.900540739E-1,3.329023719E-1
1.512714115E2,2.311934531E-1,2.590206265E-1,3.227349520E-1
1.512814195E2,1.390826851E-1,3.536649942E-1,3.471272290E-1
1.512914275E2,1.433631927E-1,4.850880206E-1,4.048320651E-1
1.513014355E2,2.515650988E-1,6.047813892E-1,4.855760932E-1
1.513114435E2,4.162379503E-1,6.151733398E-1,5.802882314E-1
1.513214505E2,5.933959484E-1,5.573174953E-1,6.719657779E-1
1.513314585E2,7.384485006E-1,4.439414144E-1,7.560670972E-1
1.513414665E2,8.487538695E-1,3.006798923E-1,8.153375387E-1
1.513514745E2,9.041830301E-1,1.548473090E-1,8.391123414E-1
1.513614825E2,8.920930028E-1,2.870494500E-4,8.205458522E-1
1.513714905E2,8.210883141E-1,-1.585364193E-1,7.646937966E-1
1.513814975E2,6.784503460E-1,-3.278216124E-1,6.806005836E-1
1.513915055E2,4.656318128E-1,-4.806036949E-1,5.753218532E-1
1.514015135E2,2.021308690E-1,-5.932844281E-1,4.430610240E-1
1.514115215E2,-8.653714508E-2,-6.743321419E-1,3.245431781E-1
1.514215295E2,-3.622023463E-1,-6.955733299E-1,2.051488757E-1
1.514315365E2,-5.946151018E-1,-6.368647218E-1,1.163239256E-1
1.514415445E2,-7.558133006E-1,-4.763617218E-1,7.850887626E-2
1.514515525E2,-8.246946335E-1,-2.432054430E-1,8.324637264E-2
1.514615605E2,-8.194264174E-1,1.597680338E-2,1.025660783E-1
1.514715685E2,-7.876082659E-1,2.548849881E-1,1.211030111E-1
1.514815755E2,-7.424080968E-1,4.313706756E-1,1.448806971E-1
1.514915835E2,-7.017549872E-1,5.103491545E-1,1.636029780E-1
1.515015915E2,-6.568321586E-1,5.137329102E-1,1.698821187E-1
1.515115995E2,-5.598409176E-1,4.863815010E-1,1.726656556E-1
1.515216075E2,-4.182137549E-1,4.454632401E-1,1.791660041E-1
1.515316155E2,-2.654441595E-1,3.884425759E-1,1.878260672E-1
1.515416225E2,-1.237202957E-1,3.113217354E-1,2.027425021E-1
1.515516305E2,-1.031784154E-2,2.275810391E-1,2.223023623E-1
1.515616385E2,6.366056204E-2,1.284813285E-1,2.287606299E-1
1.515716465E2,8.889348060E-2,2.355411462E-2,2.089781463E-1
1.515816545E2,8.236101270E-2,-5.442883074E-2,1.691455096E-1
1.515916625E2,4.013979062E-2,-9.906767309E-2,1.173534170E-1
1.516016695E2,-3.241913393E-2,-9.586796165E-2,6.486244500E-2
1.516116775E2,-1.252992749E-1,-5.348800868E-2,1.643418707E-2
1.516216855E2,-2.239744067E-1,6.746754982E-3,-2.171935886E-2
1.516316935E2,-3.104065061E-1,7.484138757E-2,-4.084884375E-2
1.516417015E2,-3.803858161E-1,1.184878796E-1,-4.616833106E-2
1.516517085E2,-4.149715006E-1,1.286510229E-1,-4.059965909E-2
1.516617165E2,-4.221084416E-1,8.501371741E-2,-3.572791442E-2
1.516717245E2,-3.967719078E-1,1.724585146E-2,-4.040309414E-2
1.516817325E2,-3.578080535E-1,-5.580782145E-2,-3.703910112E-2
1.516917405E2,-3.134123385E-1,-1.246979460E-1,-2.253738977E-2
1.517017485E2,-2.679395080E-1,-1.853891909E-1,3.277798416E-3
1.517117555E2,-2.228476554E-1,-2.161063552E-1,3.550843894E-2
1.517217635E2,-1.864916831E-1,-2.370353043E-1,6.919334829E-2
1.517317715E2,-1.677515507E-1,-2.676795125E-1,9.289973974E-2
1.517417795E2,-1.725736558E-1,-3.309703767E-1,8.690913022E-2
1.517517875E2,-2.100368738E-1,-4.236345291E-1,4.331291467E-2
1.517617945E2,-2.807450593E-1,-5.050218701E-1,-3.382037580E-2
1.517718025E2,-3.548952043E-1,-5.113452673E-1,-1.205390245E-1
1.517818105E2,-4.301657975E-1,-4.296995699E-1,-1.858168542E-1
1.517918185E2,-5.047414899E-1,-2.721962333E-1,-2.127406150E-1
1.518018265E2,-5.603471994E-1,-9.974228591E-2,-1.960712671E-1
1.518118345E2,-5.789592266E-1,3.600542992E-2,-1.397115886E-1
1.518218415E2,-5.600855947E-1,7.239854336E-2,-7.117502391E-2
1.518318495E2,-4.839687645E-1,8.887485601E-3,-2.587119117E-2
1.518418575E2,-3.581064343E-1,-1.451524943E-1,-6.687929854E-3
1.518518655E2,-2.202316523E-1,-3.412170708E-1,-1.223103236E-2
1.518618735E2,-1.163379624E-1,-5.348019004E-1,-4.440766200E-2
1.518718815E2,-7.857886702E-2,-6.739589572E-1,-9.714011848E-2
1.518818885E2,-9.712896496E-2,-7.105448842E-1,-1.615904272E-1
1.518918965E2,-1.338337064E-1,-6.430686116E-1,-2.337024361E-1
1.519019045E2,-1.708823144E-1,-4.980009496E-1,-3.151395917E-1
1.519119125E2,-2.032700926E-1,-3.692083657E-1,-3.934043050E-1
1.519219205E2,-2.264504582E-1,-3.272624612E-1,-4.675681889E-1
1.519319275E2,-2.165517658E-1,-3.337800205E-1,-5.406408310E-1
1.519419355E2,-1.577195376E-1,-3.446751833E-1,-6.213635802E-1
1.519519435E2,-4.123846442E-2,-2.992661595E-1,-7.144914269E-1
1.519619515E2,8.768616617E-2,-1.572831869E-1,-7.799170017E-1
1.519719595E2,1.877906621E-1,9.446328878E-2,-7.946820855E-1
1.519819675E2,2.350926250E-1,3.684667349E-1,-7.373014688E-1
1.519919745E2,2.493549138E-1,6.003481746E-1,-6.183196902E-1
1.520019823E2,2.758134007E-1,7.683120370E-1,-4.635831416E-1
1.520119903E2,3.542884886E-1,8.555880785E-1,-3.199348748E-1
1.520219983E2,4.701329470E-1,8.260225058E-1,-2.075844109E-1
1.520320063E2,5.985955596E-1,6.826498508E-1,-1.334579885E-1
1.520420133E2,7.183662653E-1,4.621089101E-1,-8.643486351E-2
1.520520213E2,8.079736829E-1,1.881404817E-1,-7.504425198E-2
1.520620293E2,8.430533409E-1,-8.711691946E-2,-9.653383493E-2
1.520720373E2,8.224753737E-1,-3.277859688E-1,-1.373446435E-1
1.520820453E2,7.465252280E-1,-4.930941463E-1,-2.088327855E-1
1.520920533E2,6.337060332E-1,-5.498399734E-1,-3.044671714E-1
1.521020603E2,4.943640530E-1,-4.773856401E-1,-4.009722173E-1
1.521120683E2,3.226918876E-1,-3.237375021E-1,-4.896272421E-1
1.521220763E2,1.292349398E-1,-9.602231532E-2,-5.575976968E-1
1.521320843E2,-5.024401471E-2,1.955693215E-1,-5.872533321E-1
1.521420923E2,-1.985765100E-1,4.744482040E-1,-5.793196559E-1
1.521521003E2,-2.900931239E-1,6.745626926E-1,-5.530177355E-1
1.521621073E2,-3.245933652E-1,7.891763449E-1,-5.154668093E-1
1.521721153E2,-3.295021057E-1,8.103122711E-1,-4.975495338E-1
1.521821233E2,-3.152572215E-1,7.745335102E-1,-4.732283056E-1
1.521921313E2,-2.672348320E-1,6.922106743E-1,-4.457056224E-1
1.522021393E2,-1.698805690E-1,5.952360630E-1,-4.074127972E-1
1.522121463E2,-1.538900472E-2,4.710509777E-1,-3.549197614E-1
1.522221543E2,1.494117677E-1,3.578310907E-1,-2.878983021E-1
1.522321623E2,2.814627290E-1,2.469391972E-1,-2.081249207E-1
1.522421703E2,3.446884155E-1,1.340345293E-1,-1.371051520E-1
1.522521783E2,3.293124139E-1,3.500354663E-2,-8.149861544E-2
1.522621863E2,2.466884851E-1,-3.452688456E-2,-5.212340131E-2
1.522721933E2,1.421580762E-1,-5.449713394E-2,-2.794030309E-2
1.522822013E2,4.245968908E-2,-4.214009270E-2,-1.834033988E-2
1.522922093E2,-5.047584698E-2,-1.192839630E-2,-1.857656240E-2
1.523022173E2,-1.252664775E-1,1.490123756E-2,-1.650717854E-2
1.523122253E2,-1.693266183E-1,5.040863156E-2,-8.123015054E-3
1.523222333E2,-1.819257438E-1,1.253878772E-1,1.902500167E-2
1.523322403E2,-1.637565941E-1,2.130740583E-1,6.987833232E-2
1.523422483E2,-1.317321658E-1,2.796686292E-1,1.241037250E-1
1.523522563E2,-1.033876166E-1,3.265812993E-1,1.818945855E-1
1.523622643E2,-7.621960342E-2,3.707387447E-1,2.319304198E-1
1.523722723E2,-5.443147570E-2,3.949607313E-1,2.660793364E-1
1.523822793E2,-3.439012542E-2,3.865246475E-1,2.780078948E-1
1.523922873E2,-6.918554194E-3,3.865648508E-1,2.715976536E-1
1.524022953E2,3.215026809E-4,4.005756378E-1,2.599807978E-1
1.524123033E2,-7.901273668E-3,4.211711884E-1,2.602415085E-1
1.524223113E2,-2.180212364E-2,4.569995701E-1,2.691252530E-1
1.524323193E2,-4.259208962E-2,4.841989577E-1,2.804820240E-1
1.524423263E2,-4.007633403E-2,5.284166932E-1,2.965767086E-1
1.524523343E2,-7.353189285E-4,5.599160194E-1,3.208429217E-1
1.524623423E2,6.964681298E-2,5.985530019E-1,3.387414515E-1
1.524723503E2,1.417194158E-1,6.283990145E-1,3.645208478E-1
1.524823583E2,2.036809921E-1,6.166839600E-1,3.889545500E-1
1.524923663E2,2.535225749E-1,6.138274670E-1,4.058778882E-1
1.525023733E2,2.861186266E-1,6.001572013E-1,4.222730398E-1
1.525123813E2,3.153699934E-1,5.580211878E-1,4.269250333E-1
1.525223893E2,3.545312285E-1,5.332386494E-1,4.310793877E-1
1.525323973E2,3.958871961E-1,4.998618066E-1,4.262484312E-1
1.525424053E2,4.268086255E-1,4.926327765E-1,4.179070294E-1
1.525524123E2,4.057030678E-1,4.422191381E-1,4.448491633E-1
1.525624203E2,3.025656044E-1,3.909898698E-1,4.744927287E-1
1.525724283E2,2.599211931E-1,4.269569218E-1,5.630702972E-1
1.525824363E2,1.825678647E-1,3.650778234E-1,5.813326836E-1
1.525924443E2,3.372325376E-2,1.242268682E-1,5.234296918E-1
1.526024523E2,-1.435387284E-1,-1.952080876E-1,4.339018762E-1
1.526124593E2,-2.944123745E-1,-5.616614819E-1,2.967690527E-1
1.526224673E2,-3.673344553E-1,-8.662402034E-1,1.546835601E-1
1.526324753E2,-3.076607585E-1,-9.995300174E-1,4.232185334E-2
1.526424833E2,-1.963592917E-1,-9.704775810E-1,9.191972017E-2
1.526524913E2,-4.444698989E-2,-8.933471441E-1,2.703698874E-1
1.526624993E2,1.504384577E-1,-6.599544287E-1,3.932733834E-1
1.526725063E2,3.244746923E-1,-3.264779449E-1,4.943427444E-1
1.526825143E2,4.519726932E-1,-7.033254206E-2,5.989685655E-1
1.526925223E2,5.512761474E-1,6.256718934E-2,7.257446051E-1
1.527025303E2,6.189531088E-1,1.186657175E-1,7.997900844E-1
1.527125383E2,6.362327337E-1,8.597274870E-2,7.730311751E-1
1.527225453E2,6.152204275E-1,-7.842157967E-3,7.059999108E-1
1.527325533E2,5.847706199E-1,-1.428066343E-1,6.615994573E-1
1.527425613E2,5.235371590E-1,-3.002004027E-1,7.003965378E-1
1.527525693E2,5.075816512E-1,-4.340921640E-1,6.513310075E-1
1.527625773E2,5.447590947E-1,-5.111748576E-1,5.495305061E-1
1.527725853E2,5.397942066E-1,-6.282975078E-1,4.135493040E-1
1.527825923E2,4.807803631E-1,-7.642273903E-1,3.362891376E-1
1.527926003E2,4.112295210E-1,-8.461629748E-1,3.364395797E-1
1.528026083E2,3.350572884E-1,-8.791773915E-1,3.514847755E-1
1.528126163E2,2.445569634E-1,-8.888167143E-1,3.304202557E-1
1.528226243E2,1.599293202E-1,-8.485722542E-1,2.786543071E-1
1.528326313E2,1.068242937E-1,-7.724508643E-1,2.206005752E-1
1.528426393E2,8.399987966E-2,-6.395063400E-1,1.529215723E-1
1.528526473E2,9.234303236E-2,-4.720494449E-1,9.498769045E-2
1.528626553E2,1.174069867E-1,-2.746718824E-1,6.259316951E-2
1.528726633E2,1.392691433E-1,-7.101304084E-2,7.477047294E-2
1.528826713E2,1.622984558E-1,1.109218448E-1,1.090941057E-1
1.528926783E2,1.859188229E-1,2.626588941E-1,1.446949840E-1
1.529026863E2,1.887226254E-1,3.449279666E-1,1.652298719E-1
1.529126943E2,1.577010602E-1,3.554549217E-1,1.780447364E-1
1.529227023E2,1.166501939E-1,3.188641071E-1,1.789058298E-1
1.529327103E2,8.211405575E-2,2.798727751E-1,1.467976868E-1
1.529427183E2,7.021552324E-2,2.699490190E-1,1.063637361E-1
1.529527253E2,6.976598501E-2,2.601470053E-1,6.840516627E-2
1.529627333E2,6.105066463E-2,2.603264451E-1,4.786089063E-2
1.529727413E2,2.859791741E-2,2.665110826E-1,4.585100338E-2
1.529827493E2,-2.687901445E-2,2.481120974E-1,5.834716931E-2
1.529927573E2,-9.011923522E-2,1.855203509E-1,6.692893803E-2
1.530027658E2,-1.276401430E-1,1.260294318E-1,5.014963448E-2
1.530127728E2,-1.352203041E-1,6.415035576E-2,1.633334532E-2
1.530227808E2,-1.121945456E-1,3.630561056E-3,-9.776566178E-3
1.530327888E2,-5.651770905E-2,-6.695312914E-3,8.870887570E-3
1.530427968E2,1.364065427E-2,3.558178432E-4,2.249011956E-2
1.530528048E2,7.326883078E-2,-2.403527498E-2,3.402213752E-2
1.530628118E2,8.509059995E-2,-8.597694337E-2,3.886270151E-2
1.530728198E2,7.226321846E-2,-1.844225526E-1,2.949236892E-2
1.530828278E2,5.417488143E-2,-2.709140778E-1,1.269963663E-2
1.530928358E2,5.073860288E-2,-3.497414887E-1,-6.043424830E-3
1.531028438E2,6.918688118E-2,-3.966197968E-1,9.106816724E-3
1.531128518E2,6.206239760E-2,-3.633004725E-1,-1.348744147E-2
1.531228588E2,3.916760162E-2,-3.370767236E-1,1.161485352E-2
1.531328668E2,-6.876059342E-3,-3.333309889E-1,-6.214478053E-3
1.531428748E2,-6.669296324E-2,-2.448748201E-1,-3.530359641E-2
1.531528828E2,-1.283592582E-1,-1.275282204E-1,-3.961125761E-2
1.531628908E2,-2.024739534E-1,-3.702777624E-2,-1.725359820E-2
1.531728988E2,-2.802949548E-1,3.511646017E-2,-1.010141149E-2
1.531829058E2,-3.350414336E-1,1.101685166E-1,-3.970429674E-2
1.531929138E2,-3.448016644E-1,1.834997237E-1,-9.409962595E-2
1.532029218E2,-3.236323893E-1,2.357390523E-1,-1.355285645E-1
1.532129298E2,-2.800713181E-1,2.279975116E-1,-1.326190531E-1
1.532229378E2,-2.073787302E-1,1.897119731E-1,-9.815533459E-2
1.532329448E2,-1.153886318E-1,1.183097064E-1,-3.869786859E-2
1.532429528E2,-2.010887861E-2,-4.591030069E-3,1.575666480E-2
1.532529608E2,5.187423527E-2,-1.523823589E-1,6.080589816E-2
1.532629688E2,8.966919780E-2,-3.221910596E-1,7.637430727E-2
1.532729768E2,9.288895875E-2,-5.049603581E-1,4.832935706E-2
1.532829848E2,5.796625093E-2,-6.546251774E-1,-1.827806979E-2
1.532929918E2,-1.827605627E-2,-7.578306794E-1,-1.209703609E-1
1.533029998E2,-1.316863298E-1,-8.180761933E-1,-2.374580055E-1
1.533130078E2,-2.658641338E-1,-8.254014850E-1,-3.428345025E-1
1.533230158E2,-4.036249220E-1,-7.726275325E-1,-4.230651557E-1
1.533330238E2,-5.226055980E-1,-6.581164002E-1,-4.907501936E-1
1.533430318E2,-5.981736183E-1,-4.796136022E-1,-5.295861363E-1
1.533530388E2,-6.192956567E-1,-2.389376163E-1,-5.413253903E-1
1.533630468E2,-5.914273858E-1,3.737695515E-2,-5.209803581E-1
1.533730548E2,-5.376145244E-1,3.050952256E-1,-4.775982797E-1
1.533830628E2,-4.712809622E-1,5.344893336E-1,-4.215443134E-1
1.533930708E2,-4.066748023E-1,6.807224154E-1,-3.704329431E-1
1.534030778E2,-3.343355656E-1,6.726067662E-1,-3.790384233E-1
1.534130858E2,-2.370931655E-1,5.853448510E-1,-3.484038115E-1
1.534230938E2,-1.384281665E-1,3.921109438E-1,-2.802436352E-1
1.534331018E2,-5.314574763E-2,1.195281669E-1,-2.406693101E-1
1.534431098E2,2.732130513E-2,-1.833315492E-1,-2.509435713E-1
1.534531178E2,1.077618152E-1,-4.258445799E-1,-2.841838300E-1
1.534631248E2,1.944575459E-1,-5.610659719E-1,-3.478740156E-1
1.534731328E2,2.673298717E-1,-6.647625566E-1,-4.161494970E-1
1.534831408E2,3.256383836E-1,-6.928150654E-1,-4.413250387E-1
1.534931488E2,4.250874817E-1,-4.015515447E-1,-4.785925150E-1
1.535031568E2,5.306117535E-1,-2.418904006E-1,-4.787643850E-1
1.535131648E2,4.940897226E-1,-2.611842155E-1,-3.632838726E-1
1.535231718E2,3.439233005E-1,-2.504122257E-1,-2.599221468E-1
1.535331798E2,1.612280458E-1,-1.114719138E-1,-1.909297705E-1
1.535431878E2,-2.422468923E-2,5.778381228E-2,-1.296427995E-1
1.535531958E2,-1.945950985E-1,1.709063798E-1,-7.366954535E-2
1.535632038E2,-3.239374757E-1,2.074123621E-1,-3.846094757E-2
1.535732118E2,-3.973307312E-1,1.999504566E-1,-4.250895232E-2
1.535832188E2,-4.222966135E-1,1.631408930E-1,-6.211683527E-2
1.535932268E2,-4.083504379E-1,1.096390486E-1,-7.831178606E-2
1.536032348E2,-3.823986053E-1,4.450829327E-2,-9.338222444E-2
1.536132428E2,-3.643924296E-1,-2.950414829E-2,-1.246061921E-1
1.536232508E2,-3.412902057E-1,-7.089125365E-2,-1.488540322E-1
1.536332578E2,-3.044043481E-1,-8.014573157E-2,-1.453740895E-1
1.536432658E2,-2.950822115E-1,-9.672377259E-2,-1.254016012E-1
1.536532738E2,-2.948454618E-1,-6.945673376E-2,-1.056681052E-1
1.536632818E2,-2.959624827E-1,-2.240795083E-2,-8.757768571E-2
1.536732898E2,-2.924774587E-1,5.453716218E-2,-7.104798406E-2
1.536832978E2,-2.665214539E-1,1.813895255E-1,-2.491901070E-2
1.536933048E2,-2.342141271E-1,2.977712750E-1,1.823032461E-2
1.537033128E2,-2.036868334E-1,3.928456306E-1,3.622251377E-2
1.537133208E2,-1.954033375E-1,3.997842371E-1,2.416292205E-2
1.537233288E2,-1.582440436E-1,4.072244465E-1,2.528476715E-2
1.537333368E2,-9.075183421E-2,4.433366358E-1,6.112026423E-2
1.537433448E2,-2.861383557E-2,4.662648439E-1,9.743325412E-2
1.537533518E2,1.611209102E-2,4.490198493E-1,1.194954142E-1
1.537633598E2,4.175712913E-2,3.907656670E-1,1.405934840E-1
1.537733678E2,5.453044921E-2,3.316815794E-1,1.423562318E-1
1.537833758E2,7.036755979E-2,2.907419205E-1,1.232413128E-1
1.537933838E2,9.472829849E-2,2.699005306E-1,9.693408012E-2
1.538033908E2,1.277507991E-1,2.869262099E-1,9.058503807E-2
1.538133988E2,1.606829017E-1,3.464300334E-1,1.007804200E-1
1.538234068E2,1.708434522E-1,4.107290506E-1,1.140591726E-1
1.538334148E2,1.531696618E-1,4.511057734E-1,1.331444532E-1
1.538434228E2,1.140236706E-1,4.755432308E-1,1.578118950E-1
1.538534308E2,7.956716418E-2,5.003350973E-1,1.699572355E-1
1.538634378E2,5.562056229E-2,4.955068231E-1,1.801943034E-1
1.538734458E2,5.562242493E-2,4.536877573E-1,1.780097038E-1
1.538834538E2,8.434410393E-2,3.758813739E-1,1.663491130E-1
1.538934618E2,1.526115835E-1,2.997495830E-1,1.534333229E-1
1.539034698E2,2.514841855E-1,2.596262693E-1,1.452351958E-1
1.539134778E2,3.571943641E-1,2.571492791E-1,1.543139070E-1
1.539234848E2,4.423065186E-1,2.942244709E-1,1.758903265E-1
1.539334928E2,4.778016508E-1,3.659521937E-1,2.134992182E-1
1.539435008E2,4.365109205E-1,4.206942916E-1,2.444774210E-1
1.539535088E2,3.262283504E-1,4.253907800E-1,2.522530258E-1
1.539635168E2,1.600034535E-1,3.665103912E-1,2.316859514E-1
1.539735248E2,-3.373857960E-2,2.090544254E-1,1.868907809E-1
1.539835318E2,-2.224681228E-1,-3.413840011E-2,1.134202182E-1
1.539935398E2,-3.431777656E-1,-2.864766121E-1,2.893648855E-2
1.540035478E2,-3.564439416E-1,-4.613708854E-1,-2.624495141E-2
1.540135558E2,-2.479451448E-1,-5.518816113E-1,-3.792823479E-2
1.540235638E2,-3.021205589E-2,-4.932808578E-1,5.444750190E-3
1.540335708E2,2.316669673E-1,-3.291686177E-1,1.036488116E-1
1.540435788E2,4.349248707E-1,-1.701767445E-1,2.148789167E-1
1.540535868E2,5.455554724E-1,-4.192849621E-2,3.454057574E-1
1.540635948E2,5.653098822E-1,1.098693814E-3,4.393317103E-1
1.540736028E2,5.236167908E-1,-1.219633780E-2,4.682651162E-1
1.540836108E2,4.692910612E-1,-1.857179031E-2,4.415887594E-1
1.540936178E2,3.942333162E-1,-5.396626517E-2,3.934896886E-1
1.541036258E2,3.176471293E-1,-9.600196779E-2,3.345577121E-1
1.541136338E2,2.521645427E-1,-9.329379350E-2,2.834053040E-1
1.541236418E2,1.859431863E-1,-8.826406300E-2,2.456968278E-1
1.541336498E2,1.167803556E-1,-1.080154032E-1,2.194630951E-1
1.541436578E2,5.720226839E-2,-1.504025906E-1,1.953393072E-1
1.541536648E2,9.146593511E-3,-2.053694427E-1,1.756596118E-1
1.541636728E2,-2.003608271E-2,-2.497757226E-1,1.635545641E-1
1.541736808E2,-2.866126224E-2,-2.766696513E-1,1.448429227E-1
1.541836888E2,-1.728549972E-2,-2.867328525E-1,1.223048717E-1
1.541936968E2,-2.869010670E-3,-2.721046507E-1,9.820912033E-2
1.542037048E2,1.800716296E-2,-2.425541580E-1,8.111172915E-2
1.542137118E2,4.507526383E-2,-2.034160793E-1,7.609246671E-2
1.542237198E2,7.653834671E-2,-1.544599980E-1,7.988514006E-2
1.542337278E2,9.823512286E-2,-9.210155159E-2,8.560986817E-2
1.542437358E2,1.071242243E-1,-5.386096239E-2,1.232347414E-1
1.542537438E2,1.042597294E-1,8.529446088E-3,1.790255755E-1
1.542637508E2,9.754751623E-2,7.400400192E-2,2.164114714E-1
1.542737588E2,8.689220995E-2,1.209965423E-1,2.402904332E-1
1.542837668E2,7.782334834E-2,1.411987543E-1,2.365963757E-1
1.542937748E2,7.450105250E-2,1.552882046E-1,2.187707722E-1
1.543037828E2,7.018820196E-2,1.602152288E-1,1.861907244E-1
1.543137908E2,6.226476654E-2,1.578556597E-1,1.555428058E-1
1.543237978E2,3.857072443E-2,1.423607469E-1,1.334695369E-1
1.543338058E2,-1.784953289E-3,1.245473996E-1,1.260595620E-1
1.543438138E2,-4.981177673E-2,1.108704880E-1,1.341882348E-1
1.543538218E2,-9.699074179E-2,9.834776819E-2,1.456084102E-1
1.543638298E2,-1.345405430E-1,8.455079794E-2,1.585695744E-1
1.543738378E2,-1.593750566E-1,5.035394430E-2,1.625123769E-1
1.543838448E2,-1.788008213E-1,2.686649561E-3,1.475030631E-1
1.543938528E2,-1.566526294E-1,-6.015489995E-2,1.351076514E-1
1.544038608E2,-1.097536311E-1,-8.326289058E-2,1.314231753E-1
1.544138688E2,-7.991930097E-2,-8.977724612E-2,1.223157048E-1
1.544238768E2,-7.159583271E-2,-9.552253783E-2,1.215441003E-1
1.544338848E2,-7.088609785E-2,-1.077373922E-1,1.307381243E-1
1.544438918E2,-7.618348300E-2,-1.214724034E-1,1.354181767E-1
1.544538998E2,-7.533260435E-2,-1.456922591E-1,1.350634396E-1
1.544639078E2,-6.588790566E-2,-1.898688376E-1,1.320073158E-1
1.544739158E2,-5.618894100E-2,-2.466242611E-1,1.163820177E-1
1.544839238E2,-4.988500103E-2,-3.080914915E-1,1.005755812E-1
1.544939308E2,-5.719085038E-2,-3.885833919E-1,7.626065612E-2
1.545039388E2,-6.381096691E-2,-4.633802176E-1,4.426456988E-2
1.545139468E2,-5.452372879E-2,-4.818316698E-1,3.972654417E-2
1.545239548E2,-2.734075114E-2,-4.063248932E-1,6.489253789E-2
1.545339628E2,3.260460868E-2,-2.372189462E-1,1.157037839E-1
1.545439708E2,1.057277694E-1,8.790772408E-4,1.639717370E-1
1.545539778E2,1.545155495E-1,2.208159715E-1,2.071887106E-1
1.545639858E2,1.773495972E-1,3.200282156E-1,2.372252345E-1
1.545739938E2,1.642295271E-1,3.205243647E-1,2.379035503E-1
1.545840018E2,1.141545027E-1,2.373667061E-1,1.968967170E-1
1.545940098E2,3.538671881E-2,6.023134291E-2,1.020602286E-1
1.546040178E2,-5.940554664E-2,-1.756406277E-1,-4.597992823E-2
1.546140248E2,-1.575619429E-1,-4.386003613E-1,-2.313205004E-1
1.546240328E2,-2.357491702E-1,-6.475446820E-1,-4.158212543E-1
1.546340408E2,-2.944662571E-1,-7.231441140E-1,-5.650277734E-1
1.546440488E2,-3.286395669E-1,-6.907210350E-1,-6.571235061E-1
1.546540568E2,-3.330721259E-1,-5.686725974E-1,-6.893152595E-1
1.546640648E2,-2.974629998E-1,-3.956490755E-1,-6.706594825E-1
1.546740718E2,-2.298735529E-1,-1.698281914E-1,-6.201899052E-1
1.546840798E2,-1.470413357E-1,7.360887527E-2,-5.563097596E-1
1.546940878E2,-6.158501655E-2,2.979519963E-1,-4.868388176E-1
1.547040958E2,1.457512379E-2,4.688220322E-1,-4.184966683E-1
1.547141038E2,7.711812854E-2,5.540993810E-1,-3.462123573E-1
1.547241108E2,1.180639341E-1,5.227127075E-1,-2.849350870E-1
1.547341188E2,1.468476355E-1,3.910808861E-1,-2.376586497E-1
1.547441268E2,1.787440479E-1,2.014182657E-1,-2.085055560E-1
1.547541348E2,2.179465741E-1,-2.386092395E-2,-1.946672350E-1
1.547641428E2,2.515581250E-1,-2.537445128E-1,-2.132309675E-1
1.547741508E2,2.716628611E-1,-4.777221978E-1,-2.581632733E-1
1.547841578E2,2.743102014E-1,-6.502423286E-1,-3.111017048E-1
1.547941658E2,2.769230306E-1,-7.391093373E-1,-3.591307402E-1
1.548041738E2,2.751713097E-1,-7.264682651E-1,-3.939688802E-1
1.548141818E2,2.532838583E-1,-6.280907989E-1,-3.996161222E-1
1.548241898E2,2.043738216E-1,-4.756852090E-1,-3.977653980E-1
1.548341978E2,1.431879699E-1,-2.573483586E-1,-3.929879665E-1
1.548442048E2,7.374121249E-2,-1.406049170E-2,-3.598463535E-1
1.548542128E2,-1.185199153E-2,1.891485453E-1,-3.014160693E-1
1.548642208E2,-1.077963635E-1,3.407612443E-1,-2.396293879E-1
1.548742288E2,-1.956681609E-1,4.175052941E-1,-1.918016821E-1
1.548842368E2,-2.646272779E-1,4.203336835E-1,-1.545851529E-1
1.548942448E2,-2.976917624E-1,3.783726394E-1,-1.279508770E-1
1.549042518E2,-2.986341119E-1,3.108152151E-1,-1.113522947E-1
1.549142598E2,-2.864813209E-1,2.556893826E-1,-1.006005779E-1
1.549242678E2,-2.645143569E-1,2.106604278E-1,-6.857142597E-2
1.549342758E2,-2.514371872E-1,1.767685115E-1,-3.152445704E-2
1.549442838E2,-2.446393222E-1,1.450998336E-1,-3.333457280E-4
1.549542908E2,-2.411282063E-1,9.907774627E-2,8.434579708E-3
1.549642988E2,-2.394905239E-1,5.043126643E-2,-1.240351330E-2
1.549743068E2,-2.435790151E-1,-2.332364582E-2,-5.727112293E-2
1.549843148E2,-2.393833399E-1,-8.946867287E-2,-1.101487055E-1
1.549943228E2,-2.188077569E-1,-1.232641786E-1,-1.560722589E-1
1.550043309E2,-1.790671945E-1,-1.063013598E-1,-1.694282740E-1
1.550143379E2,-1.282713860E-1,-4.979334399E-2,-1.512122452E-1
1.550243459E2,-8.025374264E-2,4.488590732E-2,-1.130623743E-1
1.550343539E2,-3.462154418E-2,1.531585753E-1,-6.972288340E-2
1.550443619E2,1.292057149E-2,2.348961681E-1,-9.248704650E-3
1.550543699E2,5.254228413E-2,2.987526655E-1,5.125831440E-2
1.550643779E2,7.651467621E-2,3.753311634E-1,8.920933306E-2
1.550743849E2,8.475796133E-2,4.326016307E-1,1.218959093E-1
1.550843929E2,7.852464914E-2,4.773549438E-1,1.437020302E-1
1.550944009E2,5.859408155E-2,5.315441489E-1,1.586136073E-1
1.551044089E2,2.501385845E-2,5.397623181E-1,1.576871723E-1
1.551144169E2,1.125463657E-2,5.679939389E-1,1.309823245E-1
1.551244239E2,2.911280142E-3,5.853475928E-1,2.018495649E-1
1.551344319E2,-3.743640706E-2,5.537332296E-1,2.832980752E-1
1.551444399E2,-8.732099831E-2,4.631220996E-1,3.387805223E-1
1.551544479E2,-1.168996692E-1,3.263112605E-1,3.849331141E-1
1.551644559E2,-1.199531481E-1,1.626038253E-1,4.153783023E-1
1.551744639E2,-8.103291690E-2,-3.947861493E-3,4.313471317E-1
1.551844709E2,2.958983532E-4,-1.358458400E-1,4.360291064E-1
1.551944789E2,1.191799417E-1,-2.368491590E-1,4.400358498E-1
1.552044869E2,2.644223571E-1,-2.644695640E-1,4.477530122E-1
1.552144949E2,3.938495815E-1,-2.350046188E-1,4.556362331E-1
1.552245029E2,4.680357277E-1,-1.622875929E-1,4.692676067E-1
1.552345109E2,4.795485735E-1,-5.988026410E-2,4.755715728E-1
1.552445179E2,4.269506633E-1,1.953408867E-2,4.598792791E-1
1.552545259E2,3.436576426E-1,8.658289909E-2,4.184359610E-1
1.552645339E2,2.537965775E-1,1.520935595E-1,3.544228673E-1
1.552745419E2,1.574340910E-1,2.310778648E-1,2.535681725E-1
1.552845499E2,3.115207516E-2,2.741520107E-1,2.034300715E-1
1.552945579E2,-1.325159520E-1,2.850113213E-1,1.701133996E-1
1.553045649E2,-2.758231759E-1,2.758627832E-1,1.655847877E-1
1.553145729E2,-3.400242925E-1,2.728763223E-1,2.031372190E-1
1.553245809E2,-3.234927952E-1,3.277156055E-1,2.585246563E-1
1.553345889E2,-2.403278798E-1,3.802973032E-1,3.206575513E-1
1.553445969E2,-1.079442501E-1,3.948335946E-1,3.899997771E-1
1.553546039E2,2.964477055E-2,3.455933332E-1,4.959506989E-1
1.553646119E2,1.541480571E-1,2.937704027E-1,5.594041348E-1
1.553746199E2,2.911378741E-1,2.169874907E-1,5.466896296E-1
1.553846279E2,3.956487179E-1,6.421922147E-2,5.511862040E-1
1.553946359E2,4.765752554E-1,-6.619843841E-2,5.599120259E-1
1.554046439E2,5.398771167E-1,-1.592079103E-1,5.428782105E-1
1.554146509E2,5.854912400E-1,-2.236108780E-1,4.721771181E-1
1.554246589E2,6.219390035E-1,-2.055349201E-1,4.056949317E-1
1.554346669E2,6.015722156E-1,-2.110396773E-1,4.138143957E-1
1.554446749E2,5.240376592E-1,-1.845207959E-1,4.104268551E-1
1.554546829E2,4.248045981E-1,-1.122681722E-1,3.992056251E-1
1.554646909E2,3.022952974E-1,-6.900291145E-2,3.728932440E-1
1.554746979E2,1.721021235E-1,-8.084971458E-2,3.398852348E-1
1.554847059E2,5.089890584E-2,-1.482597291E-1,2.882479429E-1
1.554947139E2,-4.403666407E-2,-2.353741229E-1,2.253531367E-1
1.555047219E2,-1.109011099E-1,-3.153234422E-1,1.416265517E-1
1.555147299E2,-1.431293488E-1,-3.682740331E-1,6.313813478E-2
1.555247379E2,-1.450478882E-1,-3.828986585E-1,1.438114233E-2
1.555347449E2,-1.130896807E-1,-3.541037738E-1,-2.326997928E-3
1.555447529E2,-5.308887362E-2,-2.913983464E-1,9.875450283E-3
1.555547609E2,7.373403292E-3,-2.307525724E-1,2.158909850E-2
1.555647689E2,5.467315763E-2,-1.845024824E-1,1.921346225E-2
1.555747769E2,1.003429070E-1,-1.286125779E-1,2.240126580E-2
1.555847839E2,1.546424031E-1,-5.930428207E-2,3.393388912E-2
1.555947919E2,1.996306479E-1,1.651218347E-2,4.445790127E-2
1.556047999E2,2.325776815E-1,9.477609396E-2,4.371035472E-2
1.556148079E2,2.526323497E-1,1.530660391E-1,4.061016813E-2
1.556248159E2,2.617228627E-1,1.923071891E-1,3.595654666E-2
1.556348239E2,2.628123462E-1,2.208232433E-1,2.678169124E-2
1.556448309E2,2.567282319E-1,2.297295034E-1,1.058213785E-2
1.556548389E2,2.400185019E-1,2.130479962E-1,-1.255221013E-2
1.556648469E2,2.103941441E-1,1.669097692E-1,-1.721903495E-2
1.556748549E2,1.747906208E-1,9.286190569E-2,-8.890799247E-3
1.556848629E2,1.329578757E-1,-1.856354065E-4,9.652378969E-3
1.556948709E2,9.524245560E-2,-8.863933384E-2,2.544918470E-2
1.557048779E2,6.709086895E-2,-1.539567262E-1,3.427094966E-2
1.557148859E2,5.734422803E-2,-1.750976890E-1,3.092176095E-2
1.557248939E2,6.025666371E-2,-1.664398164E-1,2.148950100E-2
1.557349019E2,7.894299924E-2,-1.385754198E-1,-8.905689232E-3
1.557449099E2,9.043250233E-2,-7.635810226E-2,-5.130356178E-2
1.557549179E2,1.080943197E-1,-1.622081734E-3,-9.482121468E-2
1.557649249E2,1.429866105E-1,4.082240164E-2,-9.968648851E-2
1.557749329E2,1.667398810E-1,6.814111024E-2,-9.320355207E-2
1.557849409E2,1.736300439E-1,7.808695734E-2,-9.510245174E-2
1.557949489E2,1.839585751E-1,3.730384633E-2,-9.677145630E-2
1.558049569E2,1.863221228E-1,-5.893522501E-2,-1.154242679E-1
1.558149639E2,1.770428717E-1,-1.834657192E-1,-1.564830244E-1
1.558249719E2,1.712034047E-1,-3.170652092E-1,-2.030969262E-1
1.558349799E2,1.718452275E-1,-3.959086239E-1,-2.371622175E-1
1.558449879E2,1.573929936E-1,-3.910939097E-1,-2.712761760E-1
1.558549959E2,1.225167811E-1,-3.494125009E-1,-3.037180007E-1
1.558650039E2,7.539743185E-2,-2.798705995E-1,-3.339513540E-1
1.558750109E2,2.163992077E-2,-1.979893148E-1,-3.683839142E-1
1.558850189E2,-4.925196618E-2,-1.515967399E-1,-4.038741291E-1
1.558950269E2,-1.267163903E-1,-1.619931906E-1,-4.358712137E-1
1.559050349E2,-2.042794377E-1,-2.076872587E-1,-4.842076004E-1
1.559150429E2,-2.902729213E-1,-2.634676993E-1,-5.550612211E-1
1.559250509E2,-3.948162496E-1,-3.348340690E-1,-6.509490609E-1
1.559350579E2,-5.199885368E-1,-4.193529487E-1,-7.628481388E-1
1.559450659E2,-6.346192360E-1,-4.741873741E-1,-8.765985370E-1
1.559550739E2,-7.197149992E-1,-4.611898065E-1,-9.772394300E-1
1.559650819E2,-7.656239271E-1,-3.812875450E-1,-1.040633917E0
1.559750899E2,-7.516747713E-1,-2.212158293E-1,-1.041989207E0
1.559850979E2,-6.740681529E-1,-2.581638284E-3,-9.811815619E-1
1.559951049E2,-5.493505001E-1,2.363023162E-1,-8.939707875E-1
1.560051127E2,-3.978844583E-1,4.420680106E-1,-8.082369566E-1
1.560151207E2,-2.508140504E-1,5.547386408E-1,-7.443887591E-1
1.560251287E2,-1.315366328E-1,5.595948100E-1,-7.012277842E-1
1.560351367E2,-5.007879063E-2,4.910469353E-1,-6.679558158E-1
1.560451437E2,-4.095230252E-3,3.502296507E-1,-6.433904171E-1
1.560551517E2,1.238627452E-2,1.576780379E-1,-6.217681766E-1
1.560651597E2,1.868256554E-2,-4.686164111E-2,-5.957631469E-1
1.560751677E2,1.173251402E-2,-2.407019436E-1,-5.769723654E-1
1.560851757E2,3.234134638E-4,-3.945357203E-1,-5.725021958E-1
1.560951837E2,-1.398015860E-2,-4.820900559E-1,-5.776535273E-1
1.561051907E2,-2.929722518E-2,-4.954187572E-1,-5.883388519E-1
1.561151987E2,-4.369613901E-2,-4.402551055E-1,-6.112585664E-1
1.561252067E2,-6.959396601E-2,-3.109494448E-1,-6.393857598E-1
1.561352147E2,-1.091711968E-1,-1.404221952E-1,-6.453203559E-1
1.561452227E2,-1.644119620E-1,4.740134627E-2,-6.206248999E-1
1.561552307E2,-2.245525271E-1,2.091763914E-1,-5.862125754E-1
1.561652377E2,-2.908398211E-1,3.019151688E-1,-5.522422194E-1
1.561752457E2,-3.342680037E-1,3.351671100E-1,-5.233564973E-1
1.561852537E2,-3.493821025E-1,3.153775930E-1,-5.046652555E-1
1.561952617E2,-3.401678205E-1,2.577574253E-1,-4.781884253E-1
1.562052697E2,-3.125756085E-1,1.799939275E-1,-4.509964883E-1
1.562152767E2,-2.810509801E-1,8.581922948E-2,-4.288970530E-1
1.562252847E2,-2.618563473E-1,-8.014286868E-3,-4.119011164E-1
1.562352927E2,-2.514716387E-1,-7.551609725E-2,-3.896692991E-1
1.562453007E2,-2.595857978E-1,-1.231278330E-1,-3.706519306E-1
1.562553087E2,-2.846437693E-1,-1.620723009E-1,-3.713744581E-1
1.562653167E2,-3.179248273E-1,-1.774372607E-1,-3.710100651E-1
1.562753237E2,-3.596789539E-1,-1.562331617E-1,-3.653407097E-1
1.562853317E2,-4.006113112E-1,-1.218436435E-1,-3.498625159E-1
1.562953397E2,-4.250242412E-1,-7.481568307E-2,-3.217882812E-1
1.563053477E2,-4.235059917E-1,-2.245680988E-2,-2.844406068E-1
1.563153557E2,-3.964240551E-1,1.817131042E-2,-2.457936108E-1
1.563253637E2,-3.388520777E-1,3.598119318E-2,-2.055289447E-1
1.563353707E2,-2.672045231E-1,2.567529306E-2,-1.653077602E-1
1.563453787E2,-1.916486770E-1,-5.311415531E-3,-1.306657940E-1
1.563553867E2,-1.137650609E-1,-3.961133212E-2,-9.811104834E-2
1.563653947E2,-3.973257542E-2,-8.427911252E-2,-7.374418527E-2
1.563754027E2,2.070146985E-2,-1.095961928E-1,-5.990267172E-2
1.563854107E2,6.968396157E-2,-1.144931987E-1,-5.748378858E-2
1.563954177E2,1.059727222E-1,-1.093237326E-1,-5.683504418E-2
1.564054257E2,1.351470053E-1,-7.818149030E-2,-5.824261904E-2
1.564154337E2,1.520016193E-1,-2.594544925E-2,-6.556577981E-2
1.564254417E2,1.473380774E-1,3.545689955E-2,-7.073196024E-2
1.564354497E2,1.226233989E-1,7.779131085E-2,-8.536789566E-2
1.564454567E2,9.390775114E-2,1.001171544E-1,-1.189776212E-1
1.564554647E2,8.387535810E-2,1.103844419E-1,-1.643704027E-1
1.564654727E2,9.506434202E-2,1.108939573E-1,-2.153046131E-1
1.564754807E2,1.124222949E-1,9.869535267E-2,-2.628292441E-1
1.564854887E2,1.324483901E-1,9.111684561E-2,-3.032439351E-1
1.564954967E2,1.609463394E-1,1.178395301E-1,-3.250901401E-1
1.565055037E2,2.071491331E-1,1.806392968E-1,-3.309987187E-1
1.565155117E2,2.628352940E-1,2.787280679E-1,-3.246811628E-1
1.565255197E2,3.140275478E-1,3.990150690E-1,-3.240351677E-1
1.565355277E2,3.321072161E-1,5.073059201E-1,-3.452736139E-1
1.565455357E2,3.024709225E-1,5.735147595E-1,-3.999727070E-1
1.565555437E2,2.208879292E-1,5.856068730E-1,-4.739787579E-1
1.565655507E2,8.807329834E-2,5.188584328E-1,-5.747304559E-1
1.565755587E2,-8.626974374E-2,3.923828304E-1,-6.975826025E-1
1.565855667E2,-2.708144486E-1,2.490455359E-1,-8.203745484E-1
1.565955747E2,-4.226378202E-1,1.448975652E-1,-9.198745489E-1
1.566055827E2,-5.200430751E-1,1.056246012E-1,-9.953601360E-1
1.566155907E2,-5.585675240E-1,1.655185521E-1,-1.034508586E0
1.566255977E2,-5.246482491E-1,3.037593365E-1,-1.013606191E0
1.566356057E2,-4.086338282E-1,4.869805574E-1,-9.530759454E-1
1.566456137E2,-2.282734215E-1,6.899732947E-1,-8.594325185E-1
1.566556217E2,-2.934487350E-2,8.509912491E-1,-7.548160553E-1
1.566656297E2,1.441709101E-1,9.049091339E-1,-6.616226435E-1
1.566756367E2,2.643241882E-1,8.523135781E-1,-6.005020738E-1
1.566856447E2,3.465201557E-1,7.202294469E-1,-5.782380104E-1
1.566956527E2,3.966197968E-1,5.403736830E-1,-5.837448835E-1
1.567056607E2,4.140986502E-1,3.281255066E-1,-6.153934002E-1
1.567156687E2,4.051797390E-1,1.123519465E-1,-6.671940088E-1
1.567256767E2,3.753212988E-1,-7.471171767E-2,-7.264023423E-1
1.567356837E2,3.207278252E-1,-2.165415585E-1,-7.753264904E-1
1.567456917E2,2.415488064E-1,-3.212980926E-1,-8.203136325E-1
1.567556997E2,1.573396474E-1,-3.949224949E-1,-8.627537489E-1
1.567657077E2,7.435048372E-2,-4.349030554E-1,-9.059719443E-1
1.567757157E2,-1.537360484E-3,-4.382005930E-1,-9.563086033E-1
1.567857237E2,-7.075230032E-2,-4.169877768E-1,-1.013635159E0
1.567957307E2,-1.397553384E-1,-3.723222911E-1,-1.068753004E0
1.568057387E2,-2.078725547E-1,-2.990652323E-1,-1.115724206E0
1.568157467E2,-2.572987080E-1,-2.112262100E-1,-1.150619626E0
1.568257547E2,-2.853223979E-1,-1.253755540E-1,-1.171000242E0
1.568357627E2,-2.824469805E-1,-2.049946785E-2,-1.181619406E0
1.568457707E2,-2.434876710E-1,9.987808764E-2,-1.169963002E0
1.568557777E2,-1.853252947E-1,2.044764012E-1,-1.139808297E0
1.568657857E2,-1.249980703E-1,2.803424299E-1,-1.101083517E0
1.568757937E2,-7.319825888E-2,3.180594444E-1,-1.066953301E0
1.568858017E2,-4.275153577E-2,3.079134524E-1,-1.044855952E0
1.568958097E2,-2.367132157E-2,2.510405481E-1,-1.040297151E0
1.569058167E2,-2.960750135E-3,1.874449998E-1,-1.044547439E0
1.569158247E2,1.125973091E-2,1.247211695E-1,-1.054888487E0
1.569258327E2,1.296161674E-2,5.611770600E-2,-1.064543009E0
1.569358407E2,-2.898838138E-3,-9.042125195E-3,-1.079423904E0
1.569458487E2,-3.515578434E-2,-6.300308555E-2,-1.100511193E0
1.569558567E2,-7.943057269E-2,-1.035478488E-1,-1.119518638E0
1.569658637E2,-1.330104321E-1,-1.405108571E-1,-1.141149640E0
1.569758717E2,-1.767006516E-1,-1.481093913E-1,-1.166323185E0
1.569858797E2,-1.939396560E-1,-1.244757250E-1,-1.177518964E0
1.569958877E2,-1.973399818E-1,-7.693376392E-2,-1.180541158E0
1.570058958E2,-1.933292747E-1,-2.316455916E-2,-1.181040525E0
1.570159038E2,-1.931678802E-1,1.529734395E-2,-1.187614560E0
1.570259108E2,-1.899080575E-1,3.557429463E-2,-1.200796247E0
1.570359188E2,-1.873245239E-1,4.003056139E-2,-1.213775635E0
1.570459268E2,-1.902460456E-1,1.578374207E-2,-1.229807496E0
1.570559348E2,-1.939624846E-1,-1.573849842E-2,-1.252914429E0
1.570659428E2,-1.859693974E-1,-2.252260037E-2,-1.262925029E0
1.570759508E2,-1.726160347E-1,-1.190590858E-2,-1.254848838E0
1.570859578E2,-1.542689204E-1,1.797816902E-2,-1.229244828E0
1.570959658E2,-1.433196068E-1,4.478847608E-2,-1.198966026E0
1.571059738E2,-1.417136490E-1,5.604553968E-2,-1.169514179E0
1.571159818E2,-1.570079178E-1,3.390774503E-2,-1.149155378E0
1.571259898E2,-1.785802096E-1,-2.624390833E-2,-1.140729427E0
1.571359978E2,-1.955376267E-1,-9.961053729E-2,-1.129887462E0
1.571460048E2,-2.007829845E-1,-1.726498604E-1,-1.120437741E0
1.571560128E2,-1.938470453E-1,-2.395918667E-1,-1.112254739E0
1.571660208E2,-1.774354279E-1,-2.626363039E-1,-1.108496666E0
1.571760288E2,-1.334804893E-1,-2.346347570E-1,-1.087447286E0
1.571860368E2,-6.391669810E-2,-1.869779229E-1,-1.046652198E0
1.571960438E2,2.263923176E-2,-1.343647689E-1,-9.944907427E-1
1.572060518E2,1.051957086E-1,-8.176787198E-2,-9.380409122E-1
1.572160598E2,1.756938547E-1,-6.030625850E-2,-8.973371387E-1
1.572260678E2,2.190079987E-1,-7.609436661E-2,-8.762413859E-1
1.572360758E2,2.294055074E-1,-1.121591628E-1,-8.597971797E-1
1.572460838E2,2.174853534E-1,-1.394560933E-1,-8.390243053E-1
1.572560908E2,1.966913939E-1,-1.656088680E-1,-8.091090322E-1
1.572660988E2,1.960917413E-1,-1.671787053E-1,-7.773041725E-1
1.572761068E2,2.087571919E-1,-1.612371951E-1,-7.507718801E-1
1.572861148E2,2.144245952E-1,-1.854685694E-1,-7.356361151E-1
1.572961228E2,2.126826197E-1,-2.331878990E-1,-7.382324338E-1
1.573061308E2,2.046373188E-1,-3.188960552E-1,-7.552229166E-1
1.573161378E2,2.131296098E-1,-3.792696595E-1,-7.727933526E-1
1.573261458E2,2.289924622E-1,-4.086748660E-1,-7.896619439E-1
1.573361538E2,2.206807435E-1,-4.105417430E-1,-8.253067732E-1
1.573461618E2,1.962204874E-1,-4.012261033E-1,-8.681668639E-1
1.573561698E2,1.502716392E-1,-3.955234885E-1,-9.245284200E-1
1.573661778E2,8.060666174E-2,-4.005082846E-1,-9.864943027E-1
1.573761848E2,-1.477924548E-2,-4.261819720E-1,-1.047507286E0
1.573861928E2,-1.258590370E-1,-4.462016821E-1,-1.104512095E0
1.573962008E2,-2.311841249E-1,-4.448011220E-1,-1.162267208E0
1.574062088E2,-3.037370145E-1,-4.072048068E-1,-1.218876123E0
1.574162168E2,-3.395120502E-1,-3.080204725E-1,-1.268784881E0
1.574262238E2,-3.344452977E-1,-1.484245062E-1,-1.285676837E0
1.574362318E2,-3.063545525E-1,5.095916614E-2,-1.272566080E0
1.574462398E2,-2.624873817E-1,2.396042794E-1,-1.228224397E0
1.574562478E2,-2.028392106E-1,3.877505958E-1,-1.170255184E0
1.574662558E2,-1.318153888E-1,4.592598677E-1,-1.096541286E0
1.574762638E2,-5.764608830E-2,4.238907099E-1,-1.032973766E0
1.574862708E2,1.263869181E-2,2.755831778E-1,-9.965465069E-1
1.574962788E2,7.195474952E-2,4.298774898E-2,-9.948881269E-1
1.575062868E2,1.281289756E-1,-2.065920979E-1,-1.022536516E0
1.575162948E2,1.689464450E-1,-4.233696759E-1,-1.067833185E0
1.575263028E2,1.798957884E-1,-5.706840158E-1,-1.128222466E0
1.575363108E2,1.561406702E-1,-6.282831430E-1,-1.183798432E0
1.575463178E2,1.038339958E-1,-5.997990370E-1,-1.229406714E0
1.575563258E2,2.793177031E-2,-5.024602413E-1,-1.265553236E0
1.575663338E2,-6.919150054E-2,-3.575017452E-1,-1.292440057E0
1.575763418E2,-1.615898758E-1,-1.807275116E-1,-1.309384942E0
1.575863498E2,-2.418219298E-1,1.110901684E-2,-1.322641850E0
1.575963568E2,-2.959267199E-1,1.869700551E-1,-1.322923064E0
1.576063648E2,-3.236890733E-1,3.128596842E-1,-1.313543081E0
1.576163728E2,-3.288862407E-1,3.673378527E-1,-1.288281441E0
1.576263808E2,-3.289268315E-1,3.535112143E-1,-1.255586267E0
1.576363888E2,-3.208539784E-1,2.875391245E-1,-1.216252446E0
1.576463968E2,-2.998981476E-1,2.019737512E-1,-1.176487207E0
1.576564038E2,-2.674525678E-1,1.119567677E-1,-1.143714666E0
1.576664118E2,-2.237272859E-1,4.132751748E-2,-1.106058359E0
1.576764198E2,-1.944847107E-1,-2.818684652E-2,-1.061858177E0
1.576864278E2,-1.878254563E-1,-9.294845164E-2,-1.022666693E0
1.576964358E2,-2.065301687E-1,-1.527699828E-1,-9.823919535E-1
1.577064438E2,-2.437377870E-1,-2.103855610E-1,-9.470780492E-1
1.577164508E2,-2.840697467E-1,-2.557341158E-1,-9.106640816E-1
1.577264588E2,-3.192230165E-1,-2.919217050E-1,-8.789823055E-1
1.577364668E2,-3.392409384E-1,-3.228932023E-1,-8.459114432E-1
1.577464748E2,-3.328054249E-1,-3.223567605E-1,-8.124940395E-1
1.577564828E2,-3.020176888E-1,-2.853407264E-1,-7.777363062E-1
1.577664908E2,-2.480706722E-1,-2.341123819E-1,-7.459737062E-1
1.577764978E2,-1.805403680E-1,-1.610232592E-1,-7.124455571E-1
1.577865058E2,-1.097826213E-1,-7.806069404E-2,-6.758000851E-1
1.577965138E2,-4.813896492E-2,-4.633082543E-3,-6.416589022E-1
1.578065218E2,1.060616039E-2,6.590250880E-2,-6.079083681E-1
1.578165298E2,6.054735556E-2,1.238608807E-1,-5.752681494E-1
1.578265368E2,9.608585387E-2,1.512026787E-1,-5.473592281E-1
1.578365448E2,1.275809407E-1,1.530794054E-1,-5.285636783E-1
1.578465528E2,1.399825811E-1,1.451352984E-1,-5.192070007E-1
1.578565608E2,1.355921030E-1,1.199093089E-1,-5.087623596E-1
1.578665688E2,1.176826358E-1,9.399336576E-2,-4.971546531E-1
1.578765768E2,9.784688056E-2,8.828113973E-2,-4.883228242E-1
1.578865838E2,8.630003780E-2,1.079890952E-1,-4.736134708E-1
1.578965918E2,8.834640682E-2,1.409044415E-1,-4.522322714E-1
1.579065998E2,1.058118641E-1,1.761603951E-1,-4.255380034E-1
1.579166078E2,1.184706613E-1,2.010777295E-1,-3.983484507E-1
1.579266158E2,1.102344319E-1,1.835640818E-1,-3.819929361E-1
1.579366238E2,1.044423208E-1,1.675006896E-1,-3.723906279E-1
1.579466308E2,1.079220846E-1,1.686954796E-1,-3.551051021E-1
1.579566388E2,1.272888482E-1,2.058668137E-1,-3.202421963E-1
1.579666468E2,1.627049446E-1,2.622321248E-1,-2.643873990E-1
1.579766548E2,2.048009932E-1,3.288239539E-1,-1.964472234E-1
1.579866628E2,2.530101240E-1,4.048717022E-1,-1.222084612E-1
1.579966708E2,2.955580950E-1,4.589112103E-1,-5.031136423E-2
1.580066778E2,3.397118151E-1,4.638964832E-1,2.028776146E-2
1.580166858E2,3.883666992E-1,4.169550538E-1,8.810622245E-2
1.580266938E2,4.381723106E-1,3.421364129E-1,1.437550336E-1
1.580367018E2,5.040122867E-1,2.616849840E-1,1.875339299E-1
1.580467098E2,5.848424435E-1,1.958186179E-1,2.296819091E-1
1.580567178E2,6.657908559E-1,1.543058008E-1,2.717079222E-1
1.580667248E2,7.203241587E-1,1.348498613E-1,2.998855710E-1
1.580767328E2,7.144225836E-1,1.275501400E-1,2.960724831E-1
1.580867408E2,6.277430654E-1,1.244486421E-1,2.285279781E-1
1.580967488E2,4.687204361E-1,1.218693703E-1,1.149726585E-1
1.581067568E2,2.579880059E-1,1.060940623E-1,-3.576868773E-2
1.581167638E2,5.155174062E-2,1.211584955E-1,-1.464661658E-1
1.581267718E2,-1.039330512E-1,1.544321626E-1,-2.029548734E-1
1.581367798E2,-1.594120264E-1,2.417356372E-1,-2.213093787E-1
1.581467878E2,-1.023753285E-1,3.684341311E-1,-1.847186536E-1
1.581567958E2,4.328387603E-2,4.923113286E-1,-1.038999707E-1
1.581668038E2,2.222385257E-1,5.642284751E-1,1.692690072E-3
1.581768108E2,3.786475658E-1,5.523382425E-1,1.048113480E-1
1.581868188E2,4.958551526E-1,4.720846415E-1,1.790610850E-1
1.581968268E2,5.629157424E-1,3.430869877E-1,2.202676386E-1
1.582068348E2,5.905396938E-1,1.949437559E-1,2.287713289E-1
1.582168428E2,5.854368210E-1,7.222529501E-2,2.177767456E-1
1.582268508E2,5.572283268E-1,-1.520103775E-2,2.144901752E-1
1.582368578E2,5.051786900E-1,-7.753472030E-2,2.141927034E-1
1.582468658E2,4.224322736E-1,-1.283285022E-1,2.119707763E-1
1.582568738E2,3.231208622E-1,-1.843914986E-1,2.033221573E-1
1.582668818E2,2.187965065E-1,-2.504086792E-1,1.958651692E-1
1.582768898E2,1.168445721E-1,-3.340556622E-1,1.808015406E-1
1.582868978E2,3.155387565E-2,-4.231008887E-1,1.587622017E-1
1.582969048E2,-2.574137226E-2,-4.955591261E-1,1.314666718E-1
1.583069128E2,-5.724212155E-2,-5.329461098E-1,9.959273040E-2
1.583169208E2,-8.098579943E-2,-5.384380817E-1,6.079420075E-2
1.583269288E2,-1.182591990E-1,-5.183269382E-1,2.293485776E-2
1.583369368E2,-1.646328121E-1,-4.779598117E-1,-1.576566696E-2
1.583469438E2,-2.090852261E-1,-4.068880379E-1,-4.391714558E-2
1.583569518E2,-2.517456114E-1,-3.268531263E-1,-6.209481880E-2
1.583669598E2,-2.811360061E-1,-2.458294332E-1,-7.397045195E-2
1.583769678E2,-2.705656588E-1,-1.351002455E-1,-7.582374662E-2
1.583869758E2,-2.470366657E-1,-1.640017331E-2,-7.026457787E-2
1.583969838E2,-2.268802673E-1,9.113294631E-2,-5.885187164E-2
1.584069908E2,-2.187004387E-1,1.843464226E-1,-4.130670428E-2
1.584169988E2,-2.318580598E-1,2.311762422E-1,-2.185417525E-2
1.584270068E2,-2.617343068E-1,2.501594424E-1,-1.564161479E-2
1.584370148E2,-2.926922143E-1,2.396210432E-1,-1.745416224E-2
1.584470228E2,-3.090586662E-1,2.005901486E-1,-4.112038016E-2
1.584570308E2,-3.220016360E-1,1.503187269E-1,-7.574573904E-2
1.584670378E2,-3.387070298E-1,9.579531103E-2,-1.144631207E-1
1.584770458E2,-3.559128940E-1,4.961476848E-2,-1.337713003E-1
1.584870538E2,-3.669631481E-1,1.140274294E-2,-1.370192766E-1
1.584970618E2,-3.635678887E-1,-2.712787315E-2,-1.278191209E-1
1.585070698E2,-3.432851434E-1,-5.406572670E-2,-1.206605732E-1
1.585170778E2,-2.958289385E-1,-6.356948614E-2,-1.124031767E-1
1.585270848E2,-2.511869669E-1,-8.123956621E-2,-1.035002097E-1
1.585370928E2,-2.268203795E-1,-1.075342894E-1,-9.977364540E-2
1.585471008E2,-2.158164084E-1,-1.363559365E-1,-1.041762903E-1
1.585571088E2,-2.039000988E-1,-1.657497734E-1,-1.160806194E-1
1.585671168E2,-1.742032170E-1,-1.926668882E-1,-1.365410984E-1
1.585771238E2,-1.302927583E-1,-2.159932554E-1,-1.583079100E-1
1.585871318E2,-8.136916906E-2,-2.353668064E-1,-1.772119850E-1
1.585971398E2,-4.051947594E-2,-2.483851463E-1,-1.980805099E-1
1.586071478E2,-7.257193327E-3,-2.532119453E-1,-2.158488631E-1
1.586171558E2,8.983295411E-3,-2.570588589E-1,-2.344592959E-1
1.586271638E2,1.249226555E-2,-2.607333660E-1,-2.547168136E-1
1.586371708E2,8.513236418E-3,-2.814362645E-1,-2.815361619E-1
1.586471788E2,1.115669031E-2,-2.836338878E-1,-3.073661625E-1
1.586571868E2,3.302869946E-2,-2.332905680E-1,-3.225560188E-1
1.586671948E2,8.644604683E-2,-1.356157511E-1,-3.303812146E-1
1.586772028E2,1.565582901E-1,-5.165870767E-3,-3.318906724E-1
1.586872108E2,2.275866866E-1,1.317996830E-1,-3.084636033E-1
1.586972178E2,2.656712234E-1,2.201077193E-1,-2.820695341E-1
1.587072258E2,2.589975595E-1,2.194762081E-1,-2.850532234E-1
1.587172338E2,2.219284773E-1,1.405145526E-1,-3.029483259E-1
1.587272418E2,1.742064357E-1,1.008682791E-2,-3.293614089E-1
1.587372498E2,1.269563735E-1,-1.367361695E-1,-3.623704910E-1
1.587472578E2,1.007943079E-1,-2.603734136E-1,-4.101886749E-1
1.587572648E2,6.680145115E-2,-3.872511983E-1,-4.747487605E-1
1.587672728E2,2.274882048E-2,-4.923726916E-1,-5.452110767E-1
1.587772808E2,-2.149294317E-2,-5.562829375E-1,-6.125602722E-1
1.587872888E2,-5.040421337E-2,-5.613894463E-1,-6.491215825E-1
1.587972968E2,-6.312053651E-2,-5.018853545E-1,-6.610219479E-1
1.588073038E2,-6.084643677E-2,-3.746408820E-1,-6.623886824E-1
1.588173118E2,-3.347020969E-2,-1.891343892E-1,-6.504917741E-1
1.588273198E2,7.683051750E-3,3.082234785E-2,-6.259182096E-1
1.588373278E2,6.243231520E-2,2.561883628E-1,-5.830181241E-1
1.588473358E2,1.255270243E-1,4.314185977E-1,-5.219777226E-1
1.588573438E2,1.862971634E-1,5.290290713E-1,-4.431261122E-1
1.588673508E2,2.559632957E-1,5.633597374E-1,-3.543283641E-1
1.588773588E2,3.378336728E-1,5.246999264E-1,-2.765012085E-1
1.588873668E2,4.256660938E-1,4.115084410E-1,-2.122330070E-1
1.588973748E2,5.023824573E-1,2.320222706E-1,-1.649003774E-1
1.589073828E2,5.536102653E-1,9.483210742E-3,-1.405716240E-1
1.589173908E2,5.702883005E-1,-2.062157989E-1,-1.341920197E-1
1.589273978E2,5.305852294E-1,-4.010822475E-1,-1.496987045E-1
1.589374058E2,4.521404803E-1,-5.379700661E-1,-1.811463833E-1
1.589474138E2,3.344279528E-1,-6.188312769E-1,-2.167326659E-1
1.589574218E2,1.809731573E-1,-6.454956532E-1,-2.614130378E-1
1.589674298E2,2.774477936E-2,-5.979084969E-1,-3.102772832E-1
1.589774368E2,-1.196902171E-1,-4.991270304E-1,-3.613375425E-1
1.589874448E2,-2.595527172E-1,-3.787915409E-1,-4.098654091E-1
1.589974528E2,-3.761677444E-1,-2.188018858E-1,-4.420145452E-1
1.590074600E2,-4.666941464E-1,-5.733507872E-2,-4.497157931E-1
1.590174680E2,-5.267500281E-1,7.132089883E-2,-4.379999936E-1
1.590274760E2,-5.567876101E-1,1.559620053E-1,-4.157277048E-1
1.590374830E2,-5.681334734E-1,1.958239377E-1,-3.957907557E-1
1.590474910E2,-5.627220273E-1,1.927140057E-1,-3.833626509E-1
1.590574990E2,-5.487323999E-1,1.372981519E-1,-3.765628040E-1
1.590675070E2,-5.406891108E-1,5.944816768E-2,-3.853953779E-1
1.590775150E2,-5.432968736E-1,-4.626388103E-2,-4.023748934E-1
1.590875230E2,-5.561457276E-1,-1.365174651E-1,-4.392529428E-1
1.590975300E2,-5.794126987E-1,-1.881143451E-1,-4.937300086E-1
1.591075380E2,-6.204835773E-1,-1.964103281E-1,-5.538238287E-1
1.591175460E2,-6.677658558E-1,-1.520788223E-1,-5.993617773E-1
1.591275540E2,-7.164026499E-1,-7.617286593E-2,-6.258473396E-1
1.591375620E2,-7.490455508E-1,2.941108495E-2,-6.391533017E-1
1.591475700E2,-7.499392033E-1,1.562751383E-1,-6.297516227E-1
1.591575770E2,-7.270019650E-1,2.670890093E-1,-6.015085578E-1
1.591675850E2,-6.945492625E-1,3.370028138E-1,-5.638101101E-1
1.591775930E2,-6.559965611E-1,3.477348387E-1,-5.276411772E-1
1.591876010E2,-6.131106615E-1,3.093445897E-1,-4.934650064E-1
1.591976090E2,-5.550460219E-1,2.497888654E-1,-4.559157789E-1
1.592076160E2,-4.752791226E-1,1.918602884E-1,-4.092512429E-1
1.592176240E2,-3.829100430E-1,1.457966566E-1,-3.512183130E-1
1.592276320E2,-2.875027359E-1,1.298211813E-1,-2.853669524E-1
1.592376400E2,-2.089629471E-1,1.453311741E-1,-2.119209617E-1
1.592476480E2,-1.572056115E-1,1.897823513E-1,-1.291933209E-1
1.592576560E2,-1.256665885E-1,2.398210168E-1,-4.130501300E-2
1.592676630E2,-1.006424278E-1,2.865995169E-1,4.670640454E-2
1.592776710E2,-6.903230399E-2,3.155653775E-1,1.393348724E-1
1.592876790E2,-1.611255109E-2,2.978185117E-1,2.316555083E-1
1.592976870E2,5.988261104E-2,2.379357219E-1,3.196905553E-1
1.593076950E2,1.463744342E-1,1.296004206E-1,3.897342682E-1
1.593177030E2,2.270589024E-1,-1.697837003E-2,4.298563600E-1
1.593277100E2,3.024558723E-1,-1.587662846E-1,4.518350959E-1
1.593377180E2,3.692199886E-1,-2.728720903E-1,4.682742357E-1
1.593477260E2,4.297752380E-1,-3.286234438E-1,4.832069278E-1
1.593577340E2,4.974006116E-1,-3.014948666E-1,4.971738756E-1
1.593677420E2,5.783115029E-1,-2.240352184E-1,5.132084489E-1
1.593777490E2,6.603728533E-1,-1.000794470E-1,5.184820294E-1
1.593877570E2,7.244455218E-1,3.914582357E-2,5.050994158E-1
1.593977650E2,7.474107742E-1,1.593246907E-1,4.727949798E-1
1.594077730E2,7.166205645E-1,2.459621578E-1,4.234033525E-1
1.594177810E2,6.295567751E-1,3.055442572E-1,3.635879457E-1
1.594277890E2,5.127536654E-1,3.536404073E-1,2.985975146E-1
1.594377960E2,3.876655400E-1,4.037349820E-1,2.376207113E-1
1.594478040E2,2.647744417E-1,4.485984743E-1,1.808361560E-1
1.594578120E2,1.484529078E-1,4.848291874E-1,1.289111823E-1
1.594678200E2,3.962142393E-2,5.052008629E-1,8.649300039E-2
1.594778280E2,-4.677125439E-2,5.230240822E-1,5.393372849E-2
1.594878360E2,-1.270763427E-1,5.311280489E-1,3.303898498E-2
1.594978430E2,-2.015393823E-1,5.591405630E-1,3.943323344E-2
1.595078510E2,-2.546626329E-1,6.107699275E-1,7.015189528E-2
1.595178590E2,-2.771010995E-1,6.746431589E-1,1.211248040E-1
1.595278670E2,-2.586461902E-1,7.358899713E-1,1.810982972E-1
1.595378750E2,-1.928493083E-1,7.651906013E-1,2.448072433E-1
1.595478820E2,-9.143824875E-2,7.525019646E-1,3.015519381E-1
1.595578900E2,1.959879510E-2,6.954970360E-1,3.477082551E-1
1.595678980E2,1.286230981E-1,5.981408954E-1,3.704369068E-1
1.595779060E2,2.240601331E-1,4.837514162E-1,3.832429647E-1
1.595879140E2,2.911049426E-1,3.716755509E-1,3.998277783E-1
1.595979220E2,3.216639161E-1,2.788572013E-1,4.178054631E-1
1.596079290E2,3.083556294E-1,2.129229456E-1,4.392167628E-1
1.596179370E2,2.453463227E-1,1.518316269E-1,4.512103200E-1
1.596279450E2,1.421757191E-1,6.842187047E-2,4.370318949E-1
1.596379530E2,6.312958896E-3,-4.444955662E-2,3.978059292E-1
1.596479610E2,-1.465303302E-1,-1.869923472E-1,3.448903561E-1
1.596579690E2,-3.017148674E-1,-3.334928453E-1,2.899506688E-1
1.596679760E2,-4.546882212E-1,-4.731855690E-1,2.390621901E-1
1.596779840E2,-5.862007141E-1,-5.714352131E-1,1.946078986E-1
1.596879920E2,-6.725336313E-1,-5.860331059E-1,1.673758477E-1
1.596980000E2,-6.927307844E-1,-5.150870085E-1,1.665081829E-1
1.597080080E2,-6.361283660E-1,-3.759790659E-1,1.984787881E-1
1.597180150E2,-5.266085267E-1,-2.077732682E-1,2.431964576E-1
1.597280230E2,-4.070245922E-1,-4.846164957E-2,2.925339043E-1
1.597380310E2,-3.178971112E-1,6.481244415E-2,3.409107625E-1
1.597480390E2,-2.881907523E-1,1.100000292E-1,3.819289505E-1
1.597580470E2,-2.843693793E-1,1.118623763E-1,4.160997272E-1
1.597680550E2,-2.464214861E-1,1.123193726E-1,4.687354863E-1
1.597780620E2,-1.553166211E-1,1.136027500E-1,5.482814312E-1
1.597880700E2,-2.499854006E-2,1.070363075E-1,6.313362718E-1
1.597980780E2,1.013085321E-1,6.548193842E-2,6.928321123E-1
1.598080860E2,2.031605244E-1,-1.124132797E-2,7.296378016E-1
1.598180940E2,2.642744780E-1,-1.214586496E-1,7.386861444E-1
1.598281020E2,2.935706973E-1,-2.351452857E-1,7.232099175E-1
1.598381090E2,2.956312001E-1,-3.325560093E-1,6.977370381E-1
1.598481170E2,2.728867233E-1,-4.109472334E-1,6.596684456E-1
1.598581250E2,2.428886145E-1,-4.545245171E-1,6.151007414E-1
1.598681330E2,2.138996571E-1,-4.649698138E-1,5.639430285E-1
1.598781410E2,1.958199888E-1,-4.565486312E-1,5.071551204E-1
1.598881480E2,1.910420209E-1,-4.339563549E-1,4.423698485E-1
1.598981560E2,1.982906163E-1,-4.079473913E-1,3.739074469E-1
1.599081640E2,2.038856149E-1,-3.922049999E-1,3.112376034E-1
1.599181720E2,1.929922104E-1,-3.957792222E-1,2.398534268E-1
1.599281800E2,1.716263592E-1,-4.027793705E-1,1.656067818E-1
1.599381880E2,1.409302205E-1,-4.118764699E-1,1.029564515E-1
1.599481950E2,1.076456979E-1,-3.965445161E-1,4.517982528E-2
1.599582030E2,7.032921910E-2,-3.491027057E-1,-4.483868368E-3
1.599682110E2,3.763564304E-2,-2.576794922E-1,-4.797038063E-2
1.599782190E2,6.472131237E-3,-1.283846200E-1,-8.072513342E-2
1.599882270E2,-1.683820412E-2,2.189790830E-3,-9.789444506E-2
1.599982350E2,-3.930436820E-2,1.447733045E-1,-1.118882895E-1
1.600082422E2,-6.874433160E-2,2.848758101E-1,-1.167679802E-1
1.600182502E2,-1.109623611E-1,3.867260218E-1,-1.118813455E-1
1.600282582E2,-1.480583102E-1,4.530368149E-1,-1.322017461E-1
1.600382662E2,-1.720094383E-1,4.632793367E-1,-1.692298055E-1
1.600482742E2,-1.849326789E-1,4.043030441E-1,-2.195604444E-1
1.600582812E2,-2.033319324E-1,2.924849093E-1,-2.844337225E-1
1.600682892E2,-2.198973000E-1,1.476083547E-1,-3.457520306E-1
1.600782972E2,-2.205774635E-1,3.733681515E-4,-3.913200498E-1
1.600883052E2,-2.060066611E-1,-1.242952794E-1,-4.301514626E-1
1.600983132E2,-1.767121553E-1,-2.381781638E-1,-4.491352737E-1
1.601083212E2,-1.489617079E-1,-3.243848979E-1,-4.611133039E-1
1.601183282E2,-1.173665076E-1,-3.305211067E-1,-4.860833883E-1
1.601283362E2,-7.671201974E-2,-3.008564115E-1,-5.218855739E-1
1.601383442E2,-1.946071163E-2,-2.278013527E-1,-5.494511127E-1
1.601483522E2,5.065659061E-2,-1.034296080E-1,-5.749120116E-1
1.601583602E2,1.235204116E-1,3.925217688E-2,-5.828253627E-1
1.601683672E2,1.881434470E-1,1.685691923E-1,-5.698238015E-1
1.601783752E2,2.491956204E-1,2.423984110E-1,-5.509337187E-1
1.601883832E2,3.045897782E-1,2.486165166E-1,-5.173867345E-1
1.601983912E2,3.644187450E-1,2.151778638E-1,-4.707529545E-1
1.602083992E2,4.145615101E-1,1.339773387E-1,-4.295375347E-1
1.602184072E2,4.543592632E-1,2.205214463E-2,-4.022870064E-1
1.602284142E2,4.861772060E-1,-1.050057262E-1,-3.849254251E-1
1.602384222E2,5.023697615E-1,-2.278895676E-1,-3.763508499E-1
1.602484302E2,4.981355369E-1,-3.259452581E-1,-3.799414337E-1
1.602584382E2,4.731681347E-1,-3.909703493E-1,-3.958780468E-1
1.602684462E2,4.255420268E-1,-4.193324745E-1,-4.235434830E-1
1.602784532E2,3.622959554E-1,-3.943512142E-1,-4.570268989E-1
1.602884612E2,2.801966071E-1,-3.216669261E-1,-4.832666516E-1
1.602984692E2,1.842865795E-1,-2.211693376E-1,-5.068914890E-1
1.603084772E2,8.705309033E-2,-1.041783094E-1,-5.293165445E-1
1.603184852E2,6.354778074E-3,8.083245717E-3,-5.411788225E-1
1.603284932E2,-3.984121978E-2,1.090891361E-1,-5.367532372E-1
1.603385002E2,-4.961688817E-2,2.027064413E-1,-5.164802074E-1
1.603485082E2,-3.954318911E-2,2.494789511E-1,-4.859697521E-1
1.603585162E2,-2.163023688E-2,2.588585913E-1,-4.636583328E-1
1.603685242E2,-2.034401894E-2,2.344110161E-1,-4.400860667E-1
1.603785322E2,-4.687922448E-2,1.772316247E-1,-4.176143110E-1
1.603885402E2,-1.050074175E-1,1.076207757E-1,-3.990375400E-1
1.603985472E2,-1.833677441E-1,4.869993776E-2,-3.887505531E-1
1.604085552E2,-2.859902382E-1,2.249464020E-2,-3.805395663E-1
1.604185632E2,-3.835660517E-1,3.742485493E-2,-3.801273108E-1
1.604285712E2,-4.638774991E-1,1.012663096E-1,-3.803498447E-1
1.604385792E2,-5.164775848E-1,2.063221484E-1,-3.683645427E-1
1.604485862E2,-5.476487279E-1,3.286331594E-1,-3.427761197E-1
1.604585942E2,-5.572906733E-1,4.269019365E-1,-3.120386899E-1
1.604686022E2,-5.535022020E-1,4.648573399E-1,-2.757657468E-1
1.604786102E2,-5.342755318E-1,4.577951431E-1,-2.448198199E-1
1.604886182E2,-4.962481558E-1,4.125441313E-1,-2.093224376E-1
1.604986262E2,-4.367100000E-1,3.599538803E-1,-1.601154655E-1
1.605086332E2,-3.535930514E-1,3.116026223E-1,-1.059186533E-1
1.605186412E2,-2.630626261E-1,2.777799368E-1,-4.751473293E-2
1.605286492E2,-1.756948680E-1,2.595104873E-1,1.353957225E-2
1.605386572E2,-1.118293479E-1,2.733338773E-1,7.128569484E-2
1.605486652E2,-7.191462070E-2,2.859194875E-1,1.218267605E-1
1.605586722E2,-5.823582411E-2,2.968253791E-1,1.593195498E-1
1.605686802E2,-6.475677341E-2,3.029862344E-1,1.822577566E-1
1.605786882E2,-8.828020841E-2,3.090161681E-1,2.117293626E-1
1.605886962E2,-9.760349989E-2,3.234541118E-1,2.218379974E-1
1.605987042E2,-9.551185369E-2,3.254003525E-1,2.681106925E-1
1.606087122E2,-6.758735329E-2,3.051223755E-1,2.726972997E-1
1.606187192E2,-4.788153805E-3,2.397859842E-1,3.129544258E-1
1.606287272E2,9.760103375E-2,1.479659081E-1,3.186123669E-1
1.606387352E2,2.185226679E-1,2.767173201E-2,3.630445600E-1
1.606487432E2,3.548240662E-1,-9.202453494E-2,4.014810920E-1
1.606587512E2,4.764793813E-1,-2.189230919E-1,4.807359576E-1
1.606687592E2,5.873150229E-1,-3.625977039E-1,5.251058936E-1
1.606787662E2,6.955760121E-1,-4.821776748E-1,5.764945149E-1
1.606887742E2,8.027397394E-1,-5.575598478E-1,5.923618078E-1
1.606987822E2,8.768733740E-1,-5.682175159E-1,6.117101908E-1
1.607087902E2,8.985741735E-1,-5.364057422E-1,5.926723480E-1
1.607187982E2,8.300712705E-1,-4.889987707E-1,5.653395057E-1
1.607288052E2,6.652387977E-1,-4.420326948E-1,4.920661151E-1
1.607388132E2,4.027746916E-1,-3.963632286E-1,3.975398839E-1
1.607488212E2,6.077031419E-2,-3.602572978E-1,2.486105263E-1
1.607588292E2,-3.056340516E-1,-3.178571165E-1,1.012525037E-1
1.607688372E2,-6.053236723E-1,-2.550475001E-1,-3.850835562E-2
1.607788452E2,-7.741939425E-1,-9.305167943E-2,-1.109956056E-1
1.607888522E2,-7.704793215E-1,1.506629139E-1,-1.023726463E-1
1.607988602E2,-5.755194426E-1,4.516880214E-1,3.272825619E-3
1.608088682E2,-2.573140264E-1,7.070034742E-1,1.703591794E-1
1.608188762E2,7.320317626E-2,8.115525246E-1,3.588169813E-1
1.608288842E2,3.621476293E-1,7.537721992E-1,5.160418749E-1
1.608388912E2,5.960379243E-1,5.915180445E-1,6.130321026E-1
1.608488992E2,7.786972523E-1,3.701792955E-1,6.572191715E-1
1.608589072E2,9.012823105E-1,1.485022902E-1,6.440138817E-1
1.608689152E2,9.652474523E-1,-2.115615830E-2,6.133502722E-1
1.608789232E2,9.614679217E-1,-1.369791627E-1,5.673667789E-1
1.608889312E2,8.915731907E-1,-2.113634795E-1,5.412765741E-1
1.608989382E2,7.734822631E-1,-2.088579684E-1,5.076768398E-1
1.609089462E2,6.329499483E-1,-1.571385562E-1,4.888002872E-1
1.609189542E2,4.787023365E-1,-7.439893484E-2,4.341708720E-1
1.609289622E2,3.326326311E-1,5.344860256E-6,3.934348822E-1
1.609389702E2,2.095490247E-1,3.064794280E-2,3.236536682E-1
1.609489782E2,1.095328405E-1,-3.682477400E-3,2.821341157E-1
1.609589852E2,2.759616449E-2,-8.304760605E-2,2.189857662E-1
1.609689932E2,-3.506206349E-2,-1.682098806E-1,1.677499115E-1
1.609790012E2,-6.665727496E-2,-2.423237860E-1,1.233590171E-1
1.609890092E2,-6.262622029E-2,-2.906007469E-1,9.695103019E-2
1.609990172E2,-1.359769329E-2,-2.850086391E-1,1.037079990E-1
1.610090248E2,7.460719347E-2,-2.370569110E-1,1.448306739E-1
1.610190328E2,1.770480871E-1,-1.681870222E-1,1.984584779E-1
1.610290408E2,2.528448105E-1,-1.081804559E-1,2.560893595E-1
1.610390488E2,2.798058689E-1,-5.717346072E-2,2.925823927E-1
1.610490568E2,2.616567910E-1,-1.080178842E-2,2.946538031E-1
1.610590648E2,2.062841058E-1,4.184597731E-2,2.674088478E-1
1.610690718E2,1.432121694E-1,9.732943028E-2,2.236678302E-1
1.610790798E2,8.664955944E-2,1.484706402E-1,1.785703897E-1
1.610890878E2,2.191559784E-2,1.753861904E-1,1.426754445E-1
1.610990958E2,-3.641854972E-2,1.807114482E-1,1.232290491E-1
1.611091038E2,-8.643710613E-2,1.790838987E-1,1.268328428E-1
1.611191118E2,-1.175297797E-1,1.794623435E-1,1.395505071E-1
1.611291188E2,-1.328010410E-1,1.809982210E-1,1.528802067E-1
1.611391268E2,-1.406072974E-1,1.656562835E-1,1.583545953E-1
1.611491348E2,-1.409685910E-1,1.349411309E-1,1.625159979E-1
1.611591428E2,-1.338374317E-1,9.358250350E-2,1.656992882E-1
1.611691508E2,-1.282017380E-1,4.318278283E-2,1.827818304E-1
1.611791578E2,-1.153977886E-1,-8.971499279E-3,2.001110166E-1
1.611891658E2,-1.069401354E-1,-7.746588439E-2,2.011585683E-1
1.611991738E2,-9.457374364E-2,-1.489861459E-1,1.925349832E-1
1.612091818E2,-8.246939629E-2,-2.089372426E-1,1.835549772E-1
1.612191898E2,-7.488711178E-2,-2.448369265E-1,1.754331291E-1
1.612291968E2,-8.350644261E-2,-2.730819881E-1,1.700880080E-1
1.612392048E2,-9.755887836E-2,-2.827774882E-1,1.745607853E-1
1.612492128E2,-1.003040150E-1,-2.725444138E-1,1.710549593E-1
1.612592208E2,-7.400076836E-2,-2.414519936E-1,1.628811806E-1
1.612692288E2,-3.894361854E-2,-2.236502320E-1,1.597937196E-1
1.612792368E2,-3.135024337E-3,-2.460194677E-1,1.592091620E-1
1.612892438E2,3.662956133E-2,-3.026337326E-1,1.549515277E-1
1.612992518E2,9.041422606E-2,-3.860972226E-1,1.411190629E-1
1.613092598E2,1.535009742E-1,-4.767862260E-1,1.287416220E-1
1.613192678E2,2.067641914E-1,-5.606965423E-1,1.160814911E-1
1.613292758E2,2.516071796E-1,-6.164812446E-1,1.103952825E-1
1.613392838E2,3.183332086E-1,-6.006513834E-1,1.098357514E-1
1.613492908E2,4.063108861E-1,-5.072556734E-1,1.105649546E-1
1.613592988E2,4.712845683E-1,-3.753650486E-1,1.038364768E-1
1.613693068E2,4.781318009E-1,-2.731059194E-1,9.052382410E-2
1.613793148E2,4.137064517E-1,-2.258502692E-1,6.243866310E-2
1.613893228E2,2.932138741E-1,-2.215536237E-1,2.364543639E-2
1.613993298E2,1.333152801E-1,-2.551510036E-1,-3.787544742E-2
1.614093378E2,-3.477834538E-2,-3.212737143E-1,-1.228194162E-1
1.614193458E2,-2.092521489E-1,-4.190426171E-1,-2.326937169E-1
1.614293538E2,-3.836674392E-1,-5.302221179E-1,-3.452726305E-1
1.614393618E2,-5.181155205E-1,-5.895978212E-1,-4.414537549E-1
1.614493698E2,-5.912569761E-1,-5.467638969E-1,-5.132311583E-1
1.614593768E2,-5.902702808E-1,-3.769026995E-1,-5.294599533E-1
1.614693848E2,-5.271301270E-1,-1.104099974E-1,-4.906590581E-1
1.614793928E2,-4.084460735E-1,1.989430636E-1,-4.173893631E-1
1.614894008E2,-2.793796360E-1,4.574863613E-1,-3.393861055E-1
1.614994088E2,-1.700896472E-1,6.216108203E-1,-2.778558731E-1
1.615094158E2,-8.986832201E-2,7.091764212E-1,-2.415159047E-1
1.615194238E2,-2.375002764E-2,7.228003740E-1,-2.056902647E-1
1.615294318E2,4.820442200E-2,6.740098000E-1,-1.617801338E-1
1.615394398E2,1.093537956E-1,5.526234508E-1,-1.142182052E-1
1.615494478E2,1.650480926E-1,3.650212586E-1,-6.482653320E-2
1.615594558E2,1.983442605E-1,1.048016474E-1,-3.187950328E-2
1.615694628E2,2.118822038E-1,-1.768769622E-1,-4.439324886E-2
1.615794708E2,2.050168365E-1,-4.153768718E-1,-8.784671873E-2
1.615894788E2,1.601901501E-1,-5.795422196E-1,-1.500680745E-1
1.615994868E2,8.078240603E-2,-6.522518396E-1,-2.223286927E-1
1.616094948E2,-3.089752793E-2,-6.617963910E-1,-2.909453213E-1
1.616195018E2,-1.467902958E-1,-5.900942683E-1,-3.544473350E-1
1.616295098E2,-2.325840592E-1,-4.345525801E-1,-3.901475966E-1
1.616395178E2,-2.744047642E-1,-2.451040745E-1,-4.123623371E-1
1.616495258E2,-2.813284099E-1,-5.221799761E-2,-4.112229943E-1
1.616595338E2,-2.635858953E-1,1.069633961E-1,-3.987820446E-1
1.616695418E2,-2.440317869E-1,2.065304369E-1,-3.661009669E-1
1.616795488E2,-2.285891920E-1,2.330001295E-1,-3.245671093E-1
1.616895568E2,-2.162138522E-1,2.136498988E-1,-2.815502286E-1
1.616995648E2,-2.012346387E-1,1.565144360E-1,-2.437093556E-1
1.617095728E2,-1.729844213E-1,7.030631602E-2,-2.157658637E-1
1.617195808E2,-1.288028508E-1,-2.188405953E-2,-1.897419840E-1
1.617295888E2,-8.856992424E-2,-9.644136578E-2,-1.690432280E-1
1.617395958E2,-5.425589159E-2,-1.312550157E-1,-1.535393745E-1
1.617496038E2,-3.008859418E-2,-1.169540286E-1,-1.402641982E-1
1.617596118E2,-3.321141750E-2,-7.158734649E-2,-1.208039597E-1
1.617696198E2,-4.114736244E-2,1.271239016E-3,-9.791779518E-2
1.617796278E2,-4.773842171E-2,7.694469392E-2,-6.439845264E-2
1.617896348E2,-5.262269452E-2,1.264826208E-1,-3.023469262E-2
1.617996428E2,-4.793499783E-2,1.546647251E-1,-3.955685534E-3
1.618096508E2,-3.467401862E-2,1.470801085E-1,1.307796501E-2
1.618196588E2,-7.290864363E-3,1.238016859E-1,2.010897733E-2
1.618296668E2,2.540083230E-2,1.084538847E-1,3.832258657E-2
1.618396748E2,4.911708087E-2,1.071902141E-1,6.907091290E-2
1.618496818E2,5.140127987E-2,1.041556299E-1,1.024693623E-1
1.618596898E2,4.262856022E-2,8.947894722E-2,1.298855394E-1
1.618696978E2,2.851337567E-2,8.108258992E-2,1.476182640E-1
1.618797058E2,2.367760800E-2,8.205011487E-2,1.574186981E-1
1.618897138E2,2.601590194E-2,7.942542434E-2,1.535922140E-1
1.618997208E2,3.352335095E-2,8.097804338E-2,1.425376981E-1
1.619097288E2,2.830573916E-2,9.093631804E-2,1.435986757E-1
1.619197368E2,-5.958875408E-5,1.010131910E-1,1.479995400E-1
1.619297448E2,-2.788788080E-2,1.230527014E-1,1.491082460E-1
1.619397528E2,-4.508843645E-2,1.687339097E-1,1.515282542E-1
1.619497608E2,-5.367625505E-2,2.094578445E-1,1.555798948E-1
1.619597678E2,-4.501938075E-2,2.405784726E-1,1.669936627E-1
1.619697758E2,-3.113598563E-2,2.496761978E-1,1.854355335E-1
1.619797838E2,-1.168958377E-2,2.475014627E-1,2.038614154E-1
1.619897918E2,5.282893311E-3,2.352829129E-1,2.194738239E-1
1.619997998E2,2.607712150E-2,2.211961150E-1,2.125293761E-1
1.620098065E2,4.478904605E-2,1.931580305E-1,1.973812282E-1
1.620198145E2,6.109584495E-2,1.581803411E-1,1.818909496E-1
1.620298225E2,8.055083454E-2,1.315123290E-1,1.758122891E-1
1.620398305E2,1.029333770E-1,1.117825732E-1,1.772381365E-1
1.620498385E2,1.211760938E-1,9.816236794E-2,1.830217242E-1
1.620598465E2,1.310609430E-1,9.615220875E-2,1.818557829E-1
1.620698535E2,1.348010004E-1,1.058548689E-1,1.692908108E-1
1.620798615E2,1.351245791E-1,1.233315989E-1,1.478001624E-1
1.620898695E2,1.330170482E-1,1.484965831E-1,1.186626107E-1
1.620998775E2,1.302319169E-1,1.920587122E-1,9.254206717E-2
1.621098855E2,1.382152140E-1,2.652920485E-1,7.812702656E-2
1.621198935E2,1.563526690E-1,3.583407700E-1,7.105686516E-2
1.621299005E2,1.793597341E-1,4.558980763E-1,7.677749544E-2
1.621399085E2,2.083831280E-1,5.462247729E-1,9.179905057E-2
1.621499165E2,2.367887944E-1,6.051049829E-1,1.190274730E-1
1.621599245E2,2.451692373E-1,6.259343624E-1,1.482570022E-1
1.621699325E2,2.302754074E-1,5.978437066E-1,1.599625796E-1
1.621799395E2,1.918124259E-1,5.437259078E-1,1.613380909E-1
1.621899475E2,1.424309909E-1,4.809297025E-1,1.617079228E-1
1.621999555E2,8.575891703E-2,4.119485021E-1,1.587715149E-1
1.622099635E2,6.415802054E-3,3.357602358E-1,1.544588804E-1
1.622199715E2,-9.539018571E-2,2.323193401E-1,1.512335241E-1
1.622299795E2,-2.232662588E-1,9.048754722E-2,1.320369393E-1
1.622399865E2,-3.331165910E-1,-3.087456711E-2,1.157751381E-1
1.622499945E2,-3.901962340E-1,-8.577405661E-2,1.157099754E-1
1.622600025E2,-3.715511560E-1,-7.909858227E-2,1.433565170E-1
1.622700105E2,-2.664539516E-1,-1.278433576E-2,2.033891231E-1
1.622800185E2,-9.378603101E-2,1.008932292E-1,2.913216352E-1
1.622900255E2,1.064192057E-1,2.051633298E-1,3.793450892E-1
1.623000335E2,2.864811420E-1,2.309818715E-1,4.516749382E-1
1.623100415E2,4.016730189E-1,1.764392108E-1,4.853749573E-1
1.623200495E2,4.509774446E-1,8.431622386E-2,4.770405889E-1
1.623300575E2,4.447337687E-1,-1.273835078E-2,4.310494661E-1
1.623400655E2,4.011982679E-1,-1.065186337E-1,3.690532148E-1
1.623500725E2,3.325290680E-1,-1.896468401E-1,3.066977859E-1
1.623600805E2,2.421176583E-1,-2.498984486E-1,2.380073965E-1
1.623700885E2,1.470215023E-1,-2.829096913E-1,1.597975492E-1
1.623800965E2,5.160762742E-2,-2.877784669E-1,8.520879596E-2
1.623901045E2,-4.693317413E-2,-2.694265842E-1,1.089931466E-2
1.624001125E2,-1.455745250E-1,-2.239304781E-1,-5.373613536E-2
1.624101195E2,-2.421213388E-1,-1.711775959E-1,-1.091288924E-1
1.624201275E2,-3.285579681E-1,-1.185018569E-1,-1.587294787E-1
1.624301355E2,-3.883367777E-1,-7.379984111E-2,-2.013034970E-1
1.624401435E2,-4.338296950E-1,-5.086177215E-2,-2.355014235E-1
1.624501515E2,-4.443888664E-1,-2.536190860E-2,-2.565651536E-1
1.624601585E2,-3.952543437E-1,1.794827916E-2,-2.614997029E-1
1.624701665E2,-3.047483861E-1,7.926362008E-2,-2.516745627E-1
1.624801745E2,-2.011647522E-1,1.520206481E-1,-2.262304425E-1
1.624901825E2,-1.155469492E-1,2.190255523E-1,-1.852564067E-1
1.625001905E2,-5.987356603E-2,2.605258524E-1,-1.397427171E-1
1.625101985E2,-1.854618266E-2,2.876007259E-1,-1.043216363E-1
1.625202055E2,1.585946046E-2,2.994941473E-1,-7.571794838E-2
1.625302135E2,3.920222074E-2,2.883966863E-1,-5.554994941E-2
1.625402215E2,4.891183972E-2,2.614401579E-1,-4.760121554E-2
1.625502295E2,3.893838078E-2,2.126795501E-1,-6.347627193E-2
1.625602375E2,8.426543325E-3,1.526966393E-1,-8.872809261E-2
1.625702455E2,-4.422357306E-2,7.995467633E-2,-1.076444387E-1
1.625802525E2,-1.018029749E-1,2.309512347E-2,-1.164672226E-1
1.625902605E2,-1.559749693E-1,-1.643002406E-2,-1.155670136E-1
1.626002685E2,-1.966944337E-1,-4.443928599E-2,-1.083357334E-1
1.626102765E2,-2.195885181E-1,-6.252413243E-2,-1.010761335E-1
1.626202845E2,-2.284722924E-1,-8.314897865E-2,-9.680069238E-2
1.626302915E2,-2.252695560E-1,-1.181815937E-1,-9.301775694E-2
1.626402995E2,-1.993796378E-1,-1.391345561E-1,-8.432760090E-2
1.626503075E2,-1.690431386E-1,-1.626686156E-1,-7.408277690E-2
1.626603155E2,-1.279393733E-1,-1.802151203E-1,-6.017468497E-2
1.626703235E2,-9.170618653E-2,-1.912912279E-1,-4.449501634E-2
1.626803315E2,-6.680323929E-2,-2.050840110E-1,-3.146629781E-2
1.626903385E2,-4.679767787E-2,-2.281667739E-1,-2.613591962E-2
1.627003465E2,-2.500929311E-2,-2.538010180E-1,-2.718334086E-2
1.627103545E2,-4.986695130E-4,-2.792780399E-1,-2.285286784E-2
1.627203625E2,1.773599349E-2,-3.117182851E-1,-2.728916146E-2
1.627303705E2,4.244925082E-2,-3.587304652E-1,-4.223498702E-2
1.627403785E2,7.967970520E-2,-4.020805955E-1,-6.371950358E-2
1.627503855E2,1.184400991E-1,-4.322198331E-1,-9.336405993E-2
1.627603935E2,1.469340622E-1,-4.410852194E-1,-1.226833314E-1
1.627704015E2,1.532585621E-1,-4.292224348E-1,-1.399745047E-1
1.627804095E2,1.515245736E-1,-3.905360103E-1,-1.522503495E-1
1.627904175E2,1.510155201E-1,-3.109091520E-1,-1.565504074E-1
1.628004245E2,1.596937031E-1,-2.121908367E-1,-1.622186750E-1
1.628104325E2,1.792724282E-1,-1.124283448E-1,-1.665013731E-1
1.628204405E2,2.070856839E-1,-4.482293501E-2,-1.655120105E-1
1.628304485E2,2.262035906E-1,-1.704652235E-2,-1.590407938E-1
1.628404565E2,2.431721836E-1,-2.872341685E-2,-1.523384154E-1
1.628504645E2,2.516631782E-1,-8.016489446E-2,-1.489545107E-1
1.628604715E2,2.518064678E-1,-1.447441429E-1,-1.572268158E-1
1.628704795E2,2.244904190E-1,-2.260315716E-1,-1.745701730E-1
1.628804875E2,1.625016183E-1,-3.222923279E-1,-2.109739929E-1
1.628904955E2,8.305502683E-2,-4.224404097E-1,-2.587943971E-1
1.629005035E2,-8.047125884E-4,-4.878718853E-1,-3.049741387E-1
1.629105115E2,-1.049793437E-1,-5.673181415E-1,-3.598964214E-1
1.629205185E2,-2.002414018E-1,-6.132994890E-1,-4.281454980E-1
1.629305265E2,-2.807916105E-1,-6.119158268E-1,-5.045844913E-1
1.629405345E2,-3.374780715E-1,-5.490180850E-1,-5.716580749E-1
1.629505425E2,-3.619881868E-1,-3.806413114E-1,-5.958420038E-1
1.629605505E2,-3.379616737E-1,-1.104106307E-1,-5.784337521E-1
1.629705575E2,-2.536039948E-1,2.154380530E-1,-5.243690014E-1
1.629805655E2,-1.307995170E-1,4.812854528E-1,-4.515363872E-1
1.629905735E2,-9.855412645E-4,6.280096769E-1,-3.693880141E-1
1.630005815E2,1.138198674E-1,6.431422830E-1,-2.945979238E-1
1.630105889E2,2.128452808E-1,5.546920896E-1,-2.266687453E-1
1.630205969E2,2.955979705E-1,3.651029170E-1,-1.733397394E-1
1.630306039E2,3.510321379E-1,1.145878807E-1,-1.455682665E-1
1.630406119E2,3.926717341E-1,-1.218403652E-1,-1.333704591E-1
1.630506199E2,4.183583558E-1,-3.233291805E-1,-1.416169703E-1
1.630606279E2,4.318752289E-1,-4.504562318E-1,-1.619118601E-1
1.630706359E2,4.303087592E-1,-4.869441986E-1,-1.812165827E-1
1.630806439E2,3.942426443E-1,-4.513587654E-1,-2.119816840E-1
1.630906509E2,3.357723355E-1,-3.544082642E-1,-2.512145638E-1
1.631006589E2,2.646811306E-1,-2.228379846E-1,-2.889102697E-1
1.631106669E2,1.856410950E-1,-7.305709273E-2,-3.267577887E-1
1.631206749E2,1.049936563E-1,7.951407135E-2,-3.558381796E-1
1.631306829E2,2.704985626E-2,2.043473572E-1,-3.663382232E-1
1.631406909E2,-3.554800898E-2,2.999327183E-1,-3.539886177E-1
1.631506979E2,-6.659311801E-2,3.569062352E-1,-3.289524913E-1
1.631607059E2,-6.246495247E-2,3.686915040E-1,-3.038942814E-1
1.631707139E2,-3.826219961E-2,3.455318213E-1,-2.815161943E-1
1.631807219E2,-9.721903130E-3,2.916352749E-1,-2.551572919E-1
1.631907299E2,1.165786665E-2,2.124841660E-1,-2.218715549E-1
1.632007379E2,2.634839527E-2,1.166290045E-1,-1.972522289E-1
1.632107449E2,3.133552521E-2,3.827110305E-2,-1.609912515E-1
1.632207529E2,2.557377703E-2,-1.038751286E-2,-1.195431501E-1
1.632307609E2,1.731164753E-2,-2.097847313E-2,-7.499257475E-2
1.632407689E2,4.407301079E-3,-4.725467879E-3,-2.940538526E-2
1.632507769E2,-1.890214346E-2,9.273873642E-3,1.528006885E-2
1.632607849E2,-4.947070405E-2,1.329657808E-2,4.954616353E-2
1.632707919E2,-8.933761716E-2,-1.883091405E-3,7.561931759E-2
1.632807999E2,-1.375328451E-1,-4.913715646E-2,9.468195587E-2
1.632908079E2,-1.787873507E-1,-1.061154902E-1,1.145587265E-1
1.633008159E2,-2.099364847E-1,-1.529772729E-1,1.463629901E-1
1.633108239E2,-2.205289304E-1,-1.763328165E-1,1.889603585E-1
1.633208309E2,-2.019611150E-1,-1.594518423E-1,2.379822284E-1
1.633308389E2,-1.562478393E-1,-1.063634083E-1,2.858390510E-1
1.633408469E2,-1.008559689E-1,-1.498981845E-2,3.447276652E-1
1.633508549E2,-4.129826650E-2,8.428911865E-2,4.045240581E-1
1.633608629E2,4.933142569E-3,1.642121822E-1,4.482733905E-1
1.633708709E2,2.423266135E-2,2.097142488E-1,4.747422934E-1
1.633808779E2,1.661176048E-2,2.295806259E-1,4.859350324E-1
1.633908859E2,-1.000579540E-2,2.150041461E-1,4.958733022E-1
1.634008939E2,-3.810693696E-2,1.865317523E-1,4.933872521E-1
1.634109019E2,-5.313079059E-2,1.534367353E-1,4.729644656E-1
1.634209099E2,-5.552576855E-2,1.220953315E-1,4.546624124E-1
1.634309179E2,-5.768075213E-2,8.845639974E-2,4.318742156E-1
1.634409249E2,-5.905174837E-2,7.027605921E-2,4.029517472E-1
1.634509329E2,-5.580818653E-2,7.877571881E-2,3.775119781E-1
1.634609409E2,-2.668865211E-2,1.039662883E-1,3.546442091E-1
1.634709489E2,7.941665128E-3,1.449899822E-1,3.364009559E-1
1.634809569E2,4.166767001E-2,1.932904124E-1,3.153265417E-1
1.634909649E2,6.868571788E-2,2.501364052E-1,2.900518775E-1
1.635009719E2,9.255775809E-2,3.237925172E-1,2.758755982E-1
1.635109799E2,1.258586496E-1,4.168244898E-1,2.710481882E-1
1.635209879E2,1.653639823E-1,5.201261044E-1,2.808409035E-1
1.635309959E2,1.995358765E-1,6.100321412E-1,2.939388752E-1
1.635410039E2,2.184549719E-1,6.621406078E-1,3.067023456E-1
1.635510119E2,2.024668455E-1,6.670280099E-1,3.120718896E-1
1.635610189E2,1.498092264E-1,6.334916353E-1,3.052864075E-1
1.635710269E2,6.441599876E-2,5.546911359E-1,2.853423059E-1
1.635810349E2,-5.284830183E-2,4.531122744E-1,2.527691722E-1
1.635910429E2,-1.851534992E-1,3.381339908E-1,2.317718863E-1
1.636010509E2,-2.826334536E-1,2.374294549E-1,2.131928802E-1
1.636110589E2,-3.462936580E-1,1.289890707E-1,1.866313368E-1
1.636210659E2,-3.845486343E-1,4.487232491E-2,1.475369334E-1
1.636310739E2,-4.165972471E-1,-7.467010990E-3,1.231311560E-1
1.636410819E2,-4.555926025E-1,-4.372621700E-2,1.148689687E-1
1.636510899E2,-4.995130301E-1,-7.862410694E-2,1.157637984E-1
1.636610979E2,-5.241704583E-1,-9.291223437E-2,1.354807615E-1
1.636711059E2,-5.170006752E-1,-6.350282580E-2,1.774334013E-1
1.636811139E2,-4.438697398E-1,2.859514579E-2,2.386560142E-1
1.636911209E2,-3.247749209E-1,1.743179560E-1,3.111071289E-1
1.637011289E2,-2.147616148E-1,3.223750591E-1,3.972039223E-1
1.637111369E2,-1.339323670E-1,4.259746075E-1,4.863292575E-1
1.637211449E2,-8.825647831E-2,4.534645379E-1,5.412425995E-1
1.637311529E2,-6.161688268E-2,4.111205637E-1,5.533999205E-1
1.637411609E2,-5.123534799E-2,3.285404742E-1,5.341676474E-1
1.637511679E2,-6.437228620E-2,2.152307779E-1,5.053029060E-1
1.637611759E2,-9.440927953E-2,1.042770967E-1,4.786491692E-1
1.637711839E2,-1.288070381E-1,3.549332917E-2,4.691866040E-1
1.637811919E2,-1.706732512E-1,1.203797292E-3,4.778496027E-1
1.637911999E2,-2.220634371E-1,-2.310869843E-2,4.900844097E-1
1.638012079E2,-2.735838890E-1,-5.520964041E-2,4.969231486E-1
1.638112149E2,-3.198382854E-1,-8.623720706E-2,4.929632843E-1
1.638212229E2,-3.515852988E-1,-1.174119040E-1,4.717376232E-1
1.638312309E2,-3.579116464E-1,-1.520472467E-1,4.232426286E-1
1.638412389E2,-3.569584787E-1,-1.745813191E-1,3.672299385E-1
1.638512469E2,-3.595474958E-1,-1.645753384E-1,3.043432236E-1
1.638612549E2,-3.610095680E-1,-1.216755435E-1,2.491697222E-1
1.638712619E2,-3.617673218E-1,-4.769663513E-2,2.083683461E-1
1.638812699E2,-3.575030863E-1,4.958411306E-2,1.803987622E-1
1.638912779E2,-3.429612219E-1,1.561817378E-1,1.663997471E-1
1.639012859E2,-3.150587380E-1,2.489380389E-1,1.428936273E-1
1.639112939E2,-2.742913961E-1,3.110134304E-1,1.133310273E-1
1.639213019E2,-2.357157916E-1,3.334252536E-1,8.176777512E-2
1.639313089E2,-2.036146671E-1,3.279638886E-1,4.328065366E-2
1.639413169E2,-1.679328382E-1,3.194732070E-1,1.520667598E-2
1.639513249E2,-1.334806383E-1,3.015064299E-1,2.825118136E-3
1.639613329E2,-1.064165235E-1,2.756527364E-1,-6.758731324E-4
1.639713409E2,-8.564203233E-2,2.446971685E-1,-8.999066427E-3
1.639813489E2,-6.672826409E-2,2.008125335E-1,-1.076820400E-2
1.639913569E2,-4.657486454E-2,1.530967057E-1,-1.276467647E-2
1.640013639E2,-2.375077456E-2,1.109476537E-1,2.456887159E-3
1.640113730E2,2.547049522E-2,1.026718020E-1,2.450679243E-2
1.640213810E2,1.012358293E-1,9.910210222E-2,5.532781780E-2
1.640313890E2,1.945945621E-1,9.947781265E-2,9.058772027E-2
1.640413970E2,2.836434841E-1,9.496508539E-2,1.137556210E-1
1.640514050E2,3.530932665E-1,6.737504900E-2,1.319345683E-1
1.640614120E2,4.004383981E-1,1.137915999E-2,1.377029717E-1
1.640714200E2,4.195758700E-1,-7.123443484E-2,1.373246014E-1
1.640814280E2,4.098894298E-1,-1.607083827E-1,1.287622750E-1
1.640914360E2,3.769186139E-1,-2.487294525E-1,1.074528843E-1
1.641014440E2,3.040364385E-1,-3.259012103E-1,7.356122881E-2
1.641114520E2,2.046740055E-1,-3.647085726E-1,4.826851189E-2
1.641214590E2,1.149118915E-1,-3.546151817E-1,4.232007638E-2
1.641314670E2,5.999026820E-2,-2.887279391E-1,6.671001017E-2
1.641414750E2,7.074756920E-2,-1.758929938E-1,1.134716570E-1
1.641514830E2,1.462073475E-1,-4.945055768E-2,1.687505394E-1
1.641614910E2,2.586010098E-1,5.087577924E-2,2.190121114E-1
1.641714990E2,3.695408106E-1,1.015423983E-1,2.571235299E-1
1.641815070E2,4.489064813E-1,1.054418012E-1,2.640437484E-1
1.641915140E2,4.912980497E-1,6.716863811E-2,2.472227067E-1
1.642015220E2,4.873344600E-1,2.324272320E-2,2.233898193E-1
1.642115300E2,4.343651533E-1,-1.274815295E-2,1.978879273E-1
1.642215380E2,3.446089029E-1,-2.283886820E-2,1.832972616E-1
1.642315460E2,2.378598899E-1,-1.128413994E-2,1.805768460E-1
1.642415540E2,1.376573890E-1,1.735709235E-2,1.916755736E-1
1.642515610E2,5.699242279E-2,3.802948445E-2,2.089704871E-1
1.642615690E2,1.708229072E-2,3.816876933E-2,2.250525057E-1
1.642715770E2,6.440901197E-3,-2.213661093E-3,2.456982136E-1
1.642815850E2,2.073035948E-2,-6.758041680E-2,2.572872043E-1
1.642915930E2,4.554000497E-2,-1.526666433E-1,2.648828328E-1
1.643016010E2,5.129083619E-2,-2.282740474E-1,2.602068484E-1
1.643116090E2,3.364191949E-2,-2.672303915E-1,2.538333833E-1
1.643216160E2,-1.442174520E-2,-3.032717407E-1,2.338335812E-1
1.643316240E2,-9.139797091E-2,-3.380189240E-1,1.988645047E-1
1.643416320E2,-1.826418638E-1,-3.605130315E-1,1.479696333E-1
1.643516400E2,-2.622876465E-1,-3.679242134E-1,9.505297244E-2
1.643616480E2,-2.905778587E-1,-3.520802855E-1,5.189990997E-2
1.643716560E2,-2.581351995E-1,-3.096162379E-1,2.277469262E-2
1.643816630E2,-1.780102849E-1,-2.437725067E-1,1.216652337E-2
1.643916710E2,-7.613874972E-2,-1.562594324E-1,1.745237783E-2
1.644016790E2,1.274717879E-2,-8.119636029E-2,3.789933026E-2
1.644116870E2,6.523551047E-2,-3.400948644E-2,5.334255099E-2
1.644216950E2,8.283580840E-2,-2.623811550E-2,5.751279369E-2
1.644317030E2,8.040277660E-2,-4.928011447E-2,4.865556583E-2
1.644417110E2,6.990912557E-2,-7.196358591E-2,3.740104660E-2
1.644517180E2,5.623815581E-2,-8.267075568E-2,2.690740488E-2
1.644617260E2,4.634877294E-2,-6.686835736E-2,1.607286744E-2
1.644717340E2,4.158819094E-2,-3.508047387E-2,1.285015978E-2
1.644817420E2,3.645760939E-2,-5.498350132E-3,7.560323458E-3
1.644917500E2,2.861681581E-2,4.625269212E-3,-3.902086057E-3
1.645017580E2,2.242629789E-2,7.361667231E-3,-2.032952942E-2
1.645117660E2,1.747592911E-2,3.379563568E-3,-2.875613794E-2
1.645217730E2,9.568206035E-3,-1.914864965E-2,-3.186378255E-2
1.645317810E2,-4.791967105E-3,-4.497577623E-2,-2.543002367E-2
1.645417890E2,-2.598886564E-2,-8.518791199E-2,-7.453685626E-3
1.645517970E2,-4.815522954E-2,-1.008098200E-1,2.110787667E-3
1.645618050E2,-5.883556977E-2,-6.865081936E-2,7.727927528E-3
1.645718130E2,-8.191474527E-2,-5.898775533E-2,8.172806120E-4
1.645818200E2,-1.057963818E-1,-3.890432417E-2,2.513980493E-3
1.645918280E2,-1.292744577E-1,-2.360865101E-2,-4.256131942E-4
1.646018360E2,-1.414706707E-1,-1.742505655E-2,-3.745243419E-3
1.646118440E2,-1.380561143E-1,-2.090286277E-2,-1.921299100E-2
1.646218520E2,-1.192400828E-1,1.820246130E-2,-3.320444375E-2
1.646318600E2,-9.150006622E-2,1.711972244E-2,4.404384270E-2
1.646418680E2,-1.018717438E-1,-5.997847766E-3,6.784717739E-2
1.646518750E2,-1.073904932E-1,-7.499658503E-3,9.260934591E-2
1.646618830E2,-1.172817424E-1,-3.910285980E-2,9.842169285E-2
1.646718910E2,-1.132079735E-1,-5.354070291E-2,9.879518300E-2
1.646818990E2,-1.015891358E-1,-7.972729951E-2,1.062802672E-1
1.646919070E2,-8.676791191E-2,-1.124409661E-1,1.156679839E-1
1.647019150E2,-6.884457171E-2,-1.400869787E-1,1.256055683E-1
1.647119230E2,-4.928735644E-2,-1.397586763E-1,1.288335025E-1
1.647219300E2,-2.029644884E-2,-1.188656539E-1,1.376405656E-1
1.647319380E2,6.355551886E-4,-1.005010903E-1,1.365761906E-1
1.647419460E2,7.879353128E-3,-7.421568781E-2,1.329204589E-1
1.647519540E2,-6.971308589E-2,-7.920785993E-2,1.477149576E-1
1.647619620E2,-1.314792484E-1,-2.856705524E-2,1.841946691E-1
1.647719700E2,-1.671908498E-1,-1.341385394E-2,2.276783288E-1
1.647819780E2,-1.676063091E-1,-1.701418124E-2,2.475138158E-1
1.647919850E2,-1.470257342E-1,-2.319970541E-2,2.327122390E-1
1.648019930E2,-9.910988808E-2,-3.550137579E-2,1.961848438E-1
1.648120010E2,-5.122753233E-2,-4.631261528E-2,1.571491212E-1
1.648220090E2,-1.677821204E-2,-3.931063414E-2,1.268663108E-1
1.648320170E2,6.615880993E-4,-3.432605788E-2,1.193213984E-1
1.648420250E2,6.223839521E-2,1.420099754E-2,1.250887364E-1
1.648520330E2,1.135886386E-1,2.843212150E-2,1.423398852E-1
1.648620400E2,1.485729814E-1,3.445618972E-2,1.520172805E-1
1.648720480E2,1.623336077E-1,2.757399529E-2,1.443126798E-1
1.648820560E2,1.608552784E-1,1.989796385E-2,1.242473572E-1
1.648920640E2,1.622617096E-1,1.099727489E-2,8.778077364E-2
1.649020720E2,1.727159470E-1,1.054879837E-2,4.554597288E-2
1.649120800E2,1.744792610E-1,2.004554495E-2,5.046772771E-3
1.649220880E2,1.805720478E-1,3.713584691E-2,-2.502723970E-2
1.649320950E2,1.843606383E-1,5.736622214E-2,-4.398356751E-2
1.649421030E2,1.788372397E-1,7.881132513E-2,-5.514141545E-2
1.649521110E2,1.581561714E-1,9.631923586E-2,-6.123381853E-2
1.649621190E2,1.260488331E-1,9.976776689E-2,-6.549195200E-2
1.649721270E2,8.999476582E-2,1.030533686E-1,-6.538115442E-2
1.649821350E2,5.324074253E-2,9.354215860E-2,-7.338688523E-2
1.649921430E2,2.526218444E-2,9.254699945E-2,-7.816778868E-2
1.650021500E2,-2.298071980E-3,8.978690207E-2,-8.048207313E-2
1.650121578E2,-3.032038361E-2,8.800657839E-2,-8.085145801E-2
1.650221658E2,-4.925998673E-2,9.390840679E-2,-7.253041118E-2
1.650321738E2,-6.702525914E-2,9.015972167E-2,-5.586549267E-2
1.650421818E2,-8.404126018E-2,7.877204567E-2,-3.938531876E-2
1.650521898E2,-8.510898799E-2,6.154653803E-2,-2.997016534E-2
1.650621978E2,-6.919606775E-2,5.066539347E-2,-2.606730163E-2
1.650722048E2,-4.404893145E-2,4.889579117E-2,-1.962795854E-2
1.650822128E2,-3.063458763E-2,5.286256969E-2,-9.389167652E-3
1.650922208E2,-3.059488907E-2,5.080506578E-2,1.041446067E-2
1.651022288E2,-3.450148180E-2,5.104128644E-2,3.343535587E-2
1.651122368E2,-3.706572577E-2,4.215905815E-2,5.689432099E-2
1.651222448E2,-3.135244548E-2,2.296059579E-2,7.243573666E-2
1.651322528E2,-1.083403546E-2,1.178264618E-2,7.417221367E-2
1.651422598E2,8.081864566E-3,6.712786388E-3,7.059878111E-2
1.651522678E2,2.003996447E-2,2.458986361E-3,5.956219882E-2
1.651622758E2,3.362794593E-2,1.684539020E-3,5.412322655E-2
1.651722838E2,5.251732841E-2,1.609956473E-2,5.692060664E-2
1.651822918E2,7.723013312E-2,4.307525605E-2,6.650532037E-2
1.651922998E2,9.527161717E-2,6.832940131E-2,7.729867846E-2
1.652023078E2,1.079277545E-1,8.499093354E-2,7.895410061E-2
1.652123158E2,1.031894013E-1,1.031266078E-1,7.029943913E-2
1.652223228E2,7.771626115E-2,1.171090007E-1,4.531339929E-2
1.652323308E2,3.330091760E-2,1.167223528E-1,1.899374835E-2
1.652423388E2,-2.457330190E-2,1.026874930E-1,-1.439925982E-4
1.652523468E2,-6.952749193E-2,8.676115423E-2,-1.113318652E-2
1.652623548E2,-9.506721050E-2,6.665454805E-2,-2.479280718E-2
1.652723628E2,-1.063035280E-1,5.989503488E-2,-2.818184718E-2
1.652823708E2,-1.069610640E-1,6.230812520E-2,-2.926042676E-2
1.652923778E2,-1.059100702E-1,6.966057420E-2,-2.410995774E-2
1.653023858E2,-9.923113137E-2,7.376556844E-2,-1.292335056E-2
1.653123938E2,-8.757708967E-2,6.753789634E-2,-1.645887969E-4
1.653224018E2,-6.553330272E-2,5.003852770E-2,-6.942915497E-4
1.653324098E2,-2.864257805E-2,4.229533672E-2,1.980405534E-3
1.653424178E2,1.834916510E-2,4.287643731E-2,1.798706874E-2
1.653524258E2,5.884508044E-2,3.496989980E-2,3.388268128E-2
1.653624328E2,8.667884767E-2,1.240120828E-2,4.394676536E-2
1.653724408E2,8.746843785E-2,-2.061409131E-2,3.328773379E-2
1.653824488E2,8.165342361E-2,-3.336557373E-2,7.847623900E-3
1.653924568E2,7.397557050E-2,-2.728719823E-2,-2.483247966E-2
1.654024648E2,7.647468150E-2,3.324453719E-4,-5.173519999E-2
1.654124728E2,8.851680160E-2,3.404113650E-2,-5.948695168E-2
1.654224808E2,1.082383096E-1,8.237776905E-2,-5.592896789E-2
1.654324888E2,1.153276935E-1,1.251834184E-1,-4.652126133E-2
1.654424958E2,1.178853959E-1,1.487659812E-1,-9.107674658E-2
1.654525038E2,1.079128906E-1,1.538920999E-1,-8.552663028E-2
1.654625118E2,8.023652434E-2,1.324238330E-1,-1.636168957E-1
1.654725198E2,4.999209195E-2,1.226085201E-1,-1.860534102E-1
1.654825278E2,2.433812805E-2,8.182034642E-2,-2.791881263E-1
1.654925358E2,4.426898900E-3,3.000669554E-2,-3.069389760E-1
1.655025438E2,-1.369644422E-2,-2.379848063E-2,-3.782485723E-1
1.655125508E2,-6.366120279E-2,-1.868300326E-2,-3.616028428E-1
1.655225588E2,-1.246305481E-1,4.969498888E-2,-3.924885988E-1
1.655325668E2,-1.634555906E-1,1.321183741E-1,-3.683345318E-1
1.655425748E2,-1.572602838E-1,1.884189248E-1,-3.759008348E-1
1.655525828E2,-1.275849789E-1,2.168134600E-1,-3.058916628E-1
1.655625908E2,-8.665938675E-2,2.087661922E-1,-2.737632692E-1
1.655725988E2,-5.387483537E-2,1.754413247E-1,-1.908653975E-1
1.655826068E2,-2.646185271E-2,1.153367162E-1,-1.704306901E-1
1.655926138E2,-6.317890715E-3,5.970520154E-2,-1.355384886E-1
1.656026218E2,-1.790378301E-4,1.516143605E-2,-1.593207717E-1
1.656126298E2,-2.151359618E-2,-7.250997704E-3,-1.412907392E-1
1.656226378E2,-5.206271634E-2,-3.006203845E-2,-1.436252594E-1
1.656326458E2,-8.715023100E-2,-3.228284046E-2,-9.090283513E-2
1.656426538E2,-1.096153259E-1,-4.315439612E-2,-7.337897271E-2
1.656526618E2,-1.112106666E-1,-4.911321029E-2,-3.041783720E-2
1.656626698E2,-7.553283125E-2,-5.389118567E-2,-2.234206721E-2
1.656726768E2,-3.473800421E-2,-5.421305075E-2,1.146268565E-2
1.656826848E2,8.126375265E-3,-6.127282232E-2,1.765107363E-2
1.656926928E2,3.330554813E-2,-6.126950681E-2,5.871284753E-2
1.657027008E2,4.815400392E-2,-7.976596057E-2,6.788557023E-2
1.657127088E2,4.686472192E-2,-9.753266722E-2,8.432286233E-2
1.657227168E2,3.606453538E-2,-1.243728101E-1,5.894959345E-2
1.657327248E2,1.895878091E-2,-1.289597303E-1,4.493169487E-2
1.657427328E2,2.780877985E-3,-1.431458592E-1,1.073670760E-2
1.657527398E2,-2.080252394E-2,-1.394040883E-1,1.345862751E-3
1.657627478E2,-3.618733957E-2,-1.277642101E-1,-1.231748518E-2
1.657727558E2,-3.770116717E-2,-9.961230308E-2,-1.233577146E-3
1.657827638E2,-2.281622961E-2,-9.432566166E-2,4.697549157E-3
1.657927718E2,-6.231127772E-3,-9.927861392E-2,3.583842143E-2
1.658027798E2,2.646876127E-2,-1.357937455E-1,6.774922460E-2
1.658127878E2,6.963361800E-2,-1.637081504E-1,8.323044330E-2
1.658227958E2,1.128420755E-1,-1.838682890E-1,7.923702896E-2
1.658328028E2,1.402117014E-1,-1.831473261E-1,5.643282086E-2
1.658428108E2,1.410969347E-1,-1.727402359E-1,2.604935318E-2
1.658528188E2,1.194502339E-1,-1.625667661E-1,-1.695847325E-2
1.658628268E2,9.066998214E-2,-1.648059636E-1,-6.518432498E-2
1.658728348E2,6.040542573E-2,-1.746325940E-1,-1.075825691E-1
1.658828428E2,4.551835731E-2,-1.698405147E-1,-1.279693395E-1
1.658928508E2,5.202514678E-2,-1.704930365E-1,-1.314216703E-1
1.659028588E2,8.434394002E-2,-1.394144744E-1,-1.236066222E-1
1.659128658E2,1.050691083E-1,-8.523917198E-2,-1.207306832E-1
1.659228738E2,1.099546775E-1,-1.972967014E-2,-1.209788844E-1
1.659328818E2,1.024612412E-1,2.411947027E-2,-1.271457821E-1
1.659428898E2,9.212524444E-2,5.138012022E-2,-1.399236321E-1
1.659528978E2,7.112478465E-2,6.716141105E-2,-1.469017267E-1
1.659629058E2,5.201233551E-2,7.527260482E-2,-1.431043297E-1
1.659729138E2,5.124228820E-2,7.593768090E-2,-1.307462901E-1
1.659829218E2,6.868439168E-2,6.175128371E-2,-1.125880629E-1
1.659929288E2,9.261902422E-2,4.200314730E-2,-9.771164507E-2
1.660029368E2,1.197142899E-1,3.106980398E-2,-9.635955840E-2
1.660129448E2,1.332464516E-1,2.426701039E-2,-9.939565510E-2
1.660229528E2,1.212377176E-1,2.731473371E-2,-1.091476157E-1
1.660329608E2,7.910195738E-2,3.246881813E-2,-1.196100190E-1
1.660429688E2,3.191207722E-2,4.667864740E-2,-1.229530871E-1
1.660529768E2,-1.929697022E-2,5.307428539E-2,-1.250367463E-1
1.660629848E2,-6.079274788E-2,7.282908261E-2,-1.309106201E-1
1.660729928E2,-9.033313394E-2,9.689979255E-2,-1.245702580E-1
1.660829998E2,-1.038444191E-1,1.172013357E-1,-1.009504199E-1
1.660930078E2,-1.085017547E-1,1.136920899E-1,-6.868115813E-2
1.661030158E2,-9.448290616E-2,9.305004030E-2,-3.379604593E-2
1.661130238E2,-7.109747827E-2,5.241566896E-2,-6.767952000E-4
1.661230318E2,-3.028586321E-2,4.187151790E-3,2.328659594E-2
1.661330398E2,1.892828755E-2,-4.851307720E-2,4.199822992E-2
1.661430478E2,5.737075210E-2,-9.778102487E-2,6.339272857E-2
1.661530558E2,7.981238514E-2,-1.363645643E-1,9.361730516E-2
1.661630628E2,7.938734442E-2,-1.747135520E-1,1.124088392E-1
1.661730708E2,7.407306135E-2,-1.884861439E-1,1.124043092E-1
1.661830788E2,6.642206758E-2,-1.732451469E-1,1.034212038E-1
1.661930868E2,4.373920336E-2,-1.491101980E-1,8.534684777E-2
1.662030948E2,4.971910384E-4,-1.094240397E-1,6.653933972E-2
1.662131028E2,-5.209571496E-2,-5.598912016E-2,5.921068788E-2
1.662231108E2,-9.716412425E-2,-3.194883466E-3,5.559544638E-2
1.662331188E2,-1.253688931E-1,3.051849082E-2,4.574228078E-2
1.662431268E2,-1.175636873E-1,4.872039706E-2,3.531574085E-2
1.662531338E2,-8.198741078E-2,5.382794142E-2,2.716655470E-2
1.662631418E2,-3.430936858E-2,5.364072323E-2,2.390338294E-2
1.662731498E2,1.556620351E-3,4.508220777E-2,2.209234238E-2
1.662831578E2,1.574114896E-2,2.716179565E-2,2.866928466E-2
1.662931658E2,1.832593791E-2,1.102235913E-2,3.074051999E-2
1.663031738E2,2.170936204E-3,-1.307019312E-2,2.759053186E-2
1.663131818E2,-2.585901693E-2,-3.334612027E-2,1.671391539E-2
1.663231898E2,-5.709869787E-2,-4.040349647E-2,6.974203512E-3
1.663331968E2,-8.511438221E-2,-2.861574292E-2,3.025622806E-3
1.663432048E2,-9.235791117E-2,-7.527767681E-3,-3.871431574E-3
1.663532128E2,-8.302491903E-2,1.962872595E-2,-5.213581957E-3
1.663632208E2,-6.488719583E-2,3.962160647E-2,3.342888318E-3
1.663732288E2,-4.252982512E-2,4.458414018E-2,2.268942632E-2
1.663832368E2,-1.898774691E-2,2.656918764E-2,3.553118929E-2
1.663932448E2,-1.784499036E-3,-5.594411865E-3,2.868384682E-2
1.664032528E2,1.155713946E-2,-3.022705391E-2,2.122380026E-2
1.664132608E2,2.438463643E-2,-3.256233409E-2,1.595642604E-2
1.664232678E2,2.597241290E-2,-1.960365847E-2,1.448662672E-2
1.664332758E2,1.387621928E-2,-5.453797057E-3,1.735981926E-2
1.664432838E2,-6.274322048E-3,5.285932217E-3,2.755360119E-2
1.664532918E2,-2.551245876E-2,1.934684347E-3,3.911802545E-2
1.664632998E2,-4.404433072E-2,-1.181042194E-2,4.152765498E-2
1.664733078E2,-4.240728542E-2,-2.133841440E-2,3.770894930E-2
1.664833158E2,-2.713245898E-2,-2.723651752E-2,3.455976024E-2
1.664933238E2,-2.719132695E-3,-3.954767808E-2,2.169846557E-2
1.665033318E2,2.167755179E-2,-4.258288443E-2,1.785126328E-2
1.665133388E2,2.634260990E-2,-3.718146682E-2,2.895503677E-2
1.665233468E2,2.389516495E-2,-3.113555908E-2,4.098320380E-2
1.665333548E2,2.209444158E-2,-2.323378809E-2,4.390336946E-2
1.665433628E2,2.652461082E-2,-9.638350457E-3,4.438886419E-2
1.665533708E2,2.995013818E-2,-6.851670332E-4,4.397199303E-2
1.665633788E2,1.943491399E-2,-8.259995840E-3,4.468864948E-2
1.665733868E2,-1.015609503E-2,-2.247508615E-2,3.838618472E-2
1.665833948E2,-4.551142082E-2,-3.994356096E-2,2.704697847E-2
1.665934028E2,-7.220058888E-2,-5.502414331E-2,7.239631843E-3
1.666034098E2,-7.272177190E-2,-4.614942521E-2,-7.909759879E-3
1.666134178E2,-5.627651140E-2,-3.438643366E-2,-1.376329921E-2
1.666234258E2,-2.651196159E-2,-1.482578274E-2,-1.740384102E-2
1.666334338E2,-2.208696911E-3,1.166617498E-3,-1.027207263E-2
1.666434418E2,6.439119577E-3,9.848789312E-3,-2.842652146E-3
1.666534498E2,1.123159286E-2,8.213300258E-3,2.443542937E-3
1.666634578E2,2.535912953E-2,6.272858009E-4,-4.997595213E-3
1.666734658E2,3.723720089E-2,1.318536699E-3,-1.150183566E-2
1.666834738E2,3.511998802E-2,-2.674074844E-3,-1.461720187E-2
1.666934818E2,1.945264079E-2,-1.198101602E-2,-1.967462897E-2
1.667034888E2,1.019629277E-2,-1.379755884E-2,-1.921656542E-2
1.667134968E2,4.746148363E-3,-1.329461392E-2,-1.978621446E-2
1.667235048E2,1.784180524E-3,-1.477746200E-2,-3.079865128E-2
1.667335128E2,-6.664880784E-4,-1.012191363E-2,-3.521941230E-2
1.667435208E2,-4.694785457E-3,-2.890899312E-3,-3.273414820E-2
1.667535288E2,-1.244263630E-2,4.094081931E-3,-2.358699031E-2
1.667635368E2,-1.773513667E-2,2.901785076E-3,-1.467898302E-2
1.667735448E2,-2.724459767E-2,-1.019054931E-2,-2.100949362E-2
1.667835528E2,-3.059458733E-2,-2.618416399E-2,-3.355937079E-2
1.667935598E2,-2.627381869E-2,-3.080916032E-2,-3.569008037E-2
1.668035678E2,-2.194218710E-2,-3.625505790E-2,-3.556011617E-2
1.668135758E2,-8.690241724E-3,-2.890328132E-2,-3.887992725E-2
1.668235838E2,-3.918326111E-4,-1.827540435E-2,-3.726658225E-2
1.668335918E2,-1.018587314E-2,-1.752093062E-2,-3.785035014E-2
1.668435998E2,-2.179139666E-2,-1.220233180E-2,-3.727084398E-2
1.668536078E2,-3.831730410E-2,-7.281624712E-3,-3.515833616E-2
1.668636158E2,-4.988953844E-2,-4.558009095E-3,-3.998664394E-2
1.668736238E2,-4.972181469E-2,8.071113378E-3,-4.141898453E-2
1.668836308E2,-4.396433011E-2,1.058620308E-2,-3.933586180E-2
1.668936388E2,-3.713656962E-2,9.457968175E-3,-3.778811917E-2
1.669036468E2,-3.252770007E-2,4.919143394E-3,-2.754240483E-2
1.669136548E2,-3.677687794E-2,-4.040971398E-3,-1.814331114E-2
1.669236628E2,-4.961970448E-2,-1.356816478E-2,-2.025626227E-2
1.669336708E2,-5.085904896E-2,4.196600057E-4,-2.355476655E-2
1.669436788E2,-5.197251588E-2,-2.564944327E-3,-2.949920855E-2
1.669536868E2,-5.078304559E-2,-1.108555216E-2,-4.422347248E-2
1.669636948E2,-3.693487495E-2,-4.091026261E-3,-4.520830885E-2
1.669737028E2,-2.027167007E-2,4.353312310E-3,-3.415157273E-2
1.669837098E2,-6.013638340E-3,1.737909950E-2,-1.810043305E-2
1.669937178E2,5.468470044E-3,2.088810876E-2,-6.957413163E-3
1.670037258E2,7.927631959E-3,1.275960915E-2,-5.878300406E-3
1.670137337E2,7.968617603E-3,3.596543567E-3,-1.177231967E-2
1.670237417E2,6.143820006E-3,-3.453376237E-3,-1.984915510E-2
1.670337497E2,2.384501975E-3,-7.893132046E-3,-2.902587503E-2
1.670437577E2,-4.231323022E-3,-1.181117445E-2,-3.659297898E-2
1.670537657E2,-9.160640649E-3,1.928889193E-3,-3.940590099E-2
1.670637737E2,-9.151851758E-3,2.148794383E-2,-4.119874164E-2
1.670737817E2,-6.996332202E-3,4.279183596E-2,-4.011847451E-2
1.670837887E2,-9.208619595E-3,6.784498692E-2,-3.783428296E-2
1.670937967E2,-1.523989346E-2,8.363056183E-2,-3.818998858E-2
1.671038047E2,-2.253935114E-2,8.262655139E-2,-4.089922458E-2
1.671138127E2,-3.676116467E-2,6.498407573E-2,-4.513214156E-2
1.671238207E2,-4.530298710E-2,4.744289815E-2,-4.256219044E-2
1.671338287E2,-4.511182755E-2,2.337109298E-2,-3.269943595E-2
1.671438367E2,-3.948776424E-2,3.110296559E-3,-2.380048670E-2
1.671538447E2,-2.466468140E-2,-1.335335150E-2,-1.049142890E-2
1.671638527E2,-6.101117469E-3,-1.732438989E-2,6.125898100E-3
1.671738597E2,1.333281118E-2,-1.259624027E-2,2.487224154E-2
1.671838677E2,3.136507422E-2,-1.348467171E-2,3.970578313E-2
1.671938757E2,5.380648002E-2,-1.304084528E-2,4.809527472E-2
1.672038837E2,7.405476272E-2,-1.682306826E-2,4.875387251E-2
1.672138917E2,8.819293976E-2,-2.896642499E-2,4.267361015E-2
1.672238997E2,8.461338282E-2,-3.797616810E-2,3.571210802E-2
1.672339077E2,6.571881473E-2,-4.237809032E-2,3.238049522E-2
1.672439157E2,3.718810529E-2,-3.453961015E-2,2.973570861E-2
1.672539237E2,7.808713242E-3,-2.899393812E-2,1.560737286E-2
1.672639317E2,-1.097935531E-2,-1.961881109E-2,-5.978880450E-3
1.672739397E2,-2.337802388E-2,-2.611448057E-3,-2.410311066E-2
1.672839467E2,-3.239122778E-2,2.070372738E-2,-3.284307197E-2
1.672939547E2,-3.064345010E-2,4.406139627E-2,-3.023512848E-2
1.673039627E2,-3.382033482E-2,5.009052530E-2,-2.710032277E-2
1.673139707E2,-3.107080422E-2,3.484823555E-2,-2.721590362E-2
1.673239787E2,-2.045650780E-2,1.772730425E-2,-2.188052610E-2
1.673339867E2,-8.362084627E-3,-2.898965031E-4,-1.168470271E-2
1.673439947E2,1.758992206E-3,-1.179501880E-2,-2.829958219E-3
1.673540027E2,1.205740869E-2,-1.294010412E-2,3.565179650E-3
1.673640107E2,6.076214369E-3,-1.755483076E-2,1.209613518E-3
1.673740187E2,-1.498302538E-2,-1.598455384E-2,-1.079928968E-2
1.673840257E2,-3.991048038E-2,-9.683207609E-4,-2.375263907E-2
1.673940337E2,-6.514280289E-2,1.960727200E-2,-3.913772479E-2
1.674040417E2,-9.144471586E-2,3.238645196E-2,-4.781909660E-2
1.674140497E2,-1.142910272E-1,3.655683249E-2,-6.452279538E-2
1.674240577E2,-1.274955124E-1,4.446988180E-2,-7.431790233E-2
1.674340657E2,-1.409330964E-1,4.849248752E-2,-7.343257964E-2
1.674440737E2,-1.557440013E-1,5.715814605E-2,-6.994250417E-2
1.674540817E2,-1.613109261E-1,7.031564415E-2,-5.882389471E-2
1.674640897E2,-1.637884676E-1,9.400978684E-2,-4.372510314E-2
1.674740977E2,-1.560746431E-1,9.684000164E-2,-3.173662722E-2
1.674841057E2,-1.382820606E-1,8.228928596E-2,-2.956881188E-2
1.674941127E2,-1.181871593E-1,5.878374353E-2,-3.176724538E-2
1.675041207E2,-9.927605093E-2,3.320541233E-2,-3.375156969E-2
1.675141287E2,-8.295349032E-2,1.143482886E-2,-4.028501362E-2
1.675241367E2,-6.725628674E-2,-8.495735005E-3,-5.591004714E-2
1.675341447E2,-5.497126654E-2,-1.627977192E-2,-6.952501833E-2
1.675441527E2,-4.726780951E-2,5.618601572E-3,-6.565597653E-2
1.675541607E2,-4.850686342E-2,3.733734414E-2,-5.048137158E-2
1.675641687E2,-5.939892679E-2,6.190020964E-2,-3.589124233E-2
1.675741767E2,-6.947176903E-2,6.970345974E-2,-2.555320784E-2
1.675841847E2,-8.136278391E-2,5.328107998E-2,-2.493988164E-2
1.675941927E2,-8.589226007E-2,2.940017171E-2,-2.543025836E-2
1.676041997E2,-8.064769953E-2,7.602463942E-3,-2.421505749E-2
1.676142077E2,-7.420565188E-2,-8.295958862E-3,-2.167289145E-2
1.676242157E2,-6.508751959E-2,-1.496744342E-2,-2.500104345E-2
1.676342237E2,-6.354338676E-2,-4.973590374E-3,-3.131335229E-2
1.676442317E2,-6.341395527E-2,9.758217260E-3,-4.097716510E-2
1.676542397E2,-7.435527444E-2,8.135165088E-3,-4.903758690E-2
1.676642477E2,-9.190284461E-2,2.404841594E-3,-4.946049675E-2
1.676742557E2,-1.181885600E-1,-1.268884167E-2,-4.539846256E-2
1.676842637E2,-1.522714198E-1,-3.263964877E-2,-4.203435779E-2
1.676942717E2,-1.821250767E-1,-4.511872679E-2,-4.246241227E-2
1.677042797E2,-2.030330151E-1,-4.695790634E-2,-4.815572128E-2
1.677142867E2,-2.054466903E-1,-4.653454944E-2,-6.130126491E-2
1.677242947E2,-1.979434937E-1,-4.273394868E-2,-6.877996027E-2
1.677343027E2,-1.748650372E-1,-2.370158583E-2,-6.766550988E-2
1.677443107E2,-1.456674635E-1,3.365184879E-3,-5.061754584E-2
1.677543187E2,-1.129613668E-1,1.541271992E-2,-2.288072370E-2
1.677643267E2,-7.906411588E-2,7.085280959E-3,-1.215108670E-3
1.677743347E2,-5.394048244E-2,-2.102937177E-2,1.425678935E-2
1.677843427E2,-2.937495336E-2,-5.361980200E-2,2.206464484E-2
1.677943507E2,-7.894390263E-3,-7.254255563E-2,2.372850291E-2
1.678043587E2,1.800911129E-2,-7.841775566E-2,1.895105839E-2
1.678143667E2,4.621333629E-2,-6.194766238E-2,6.415732671E-3
1.678243747E2,6.376916170E-2,-3.698265925E-2,-8.256688016E-4
1.678343817E2,6.823945791E-2,-6.275647320E-3,-8.471337147E-3
1.678443897E2,5.719719455E-2,2.331553400E-2,-6.751467008E-3
1.678543977E2,4.011996835E-2,3.583870456E-2,-2.895565471E-3
1.678644057E2,3.056614473E-2,3.731862456E-2,-5.165643990E-3
1.678744137E2,2.795027196E-2,2.626628056E-2,-1.306582149E-2
1.678844217E2,3.418340161E-2,1.262184046E-2,-2.302444540E-2
1.678944297E2,4.431624711E-2,9.607094340E-3,-2.830727398E-2
1.679044377E2,4.541772977E-2,9.036911651E-3,-4.040468484E-2
1.679144457E2,4.121457785E-2,1.632816158E-2,-4.691407830E-2
1.679244537E2,2.858373709E-2,2.314691991E-2,-5.214053020E-2
1.679344617E2,1.376999915E-2,2.969893441E-2,-5.856140330E-2
1.679444687E2,6.194636691E-3,3.930096328E-2,-5.987247825E-2
1.679544767E2,-3.629827406E-3,4.772612825E-2,-6.013515964E-2
1.679644847E2,-9.001422673E-3,4.624434561E-2,-6.227660552E-2
1.679744927E2,-5.721890368E-3,5.052755028E-2,-6.054298580E-2
1.679845007E2,-7.358136587E-3,5.269749090E-2,-5.907052383E-2
1.679945087E2,-1.481664367E-2,5.079836398E-2,-5.693582445E-2
1.680045167E2,-2.861927450E-2,4.206212983E-2,-5.585405231E-2
1.680145247E2,-4.062154517E-2,3.040638193E-2,-5.873974785E-2
1.680245327E2,-5.437464267E-2,2.519990318E-2,-5.742494762E-2
1.680345407E2,-6.621200591E-2,2.145934664E-2,-5.741810799E-2
1.680445487E2,-6.932683289E-2,2.106173709E-2,-5.640690401E-2
1.680545567E2,-7.079327106E-2,2.266725339E-2,-5.268061906E-2
1.680645647E2,-6.463364512E-2,2.406195179E-2,-4.439153150E-2
1.680745717E2,-4.887825996E-2,2.160574310E-2,-3.582928330E-2
1.680845797E2,-3.020630591E-2,2.049307525E-2,-2.558809705E-2
1.680945877E2,-1.053635404E-2,1.215698943E-2,-1.784905046E-2
1.681045957E2,9.053856484E-4,1.328842714E-3,-1.337680500E-2
1.681146037E2,1.150112972E-2,-1.162695233E-3,-8.414793760E-3
1.681246117E2,1.827141829E-2,-4.473705776E-4,-6.523416843E-3
1.681346197E2,2.261801995E-2,3.003808670E-4,-5.727581680E-3
1.681446277E2,3.002533503E-2,4.062628374E-3,-5.074041896E-3
1.681546357E2,3.625086322E-2,9.932097048E-3,1.541164122E-3
1.681646437E2,3.377385437E-2,1.961907931E-2,1.253522560E-2
1.681746517E2,3.015550599E-2,2.167009376E-2,2.321768925E-2
1.681846597E2,2.362330444E-2,1.708519645E-2,2.855865844E-2
1.681946667E2,1.767646708E-2,-2.536886837E-3,2.528298274E-2
1.682046747E2,1.362633239E-2,-2.377346531E-2,1.333044935E-2
1.682146827E2,1.308855414E-2,-2.872165106E-2,1.369423792E-2
1.682246907E2,1.208267827E-2,-1.061668433E-2,2.079662308E-2
1.682346987E2,1.460163947E-2,9.086231701E-3,3.591839224E-2
1.682447067E2,1.635133661E-2,2.020413056E-2,5.078975111E-2
1.682547147E2,2.172053419E-2,2.276734076E-2,6.109618768E-2
1.682647227E2,2.488117293E-2,8.339931257E-3,6.534499675E-2
1.682747307E2,2.570276521E-2,-5.108691286E-3,6.188609079E-2
1.682847387E2,2.847724780E-2,-1.100972481E-2,5.446386337E-2
1.682947467E2,2.850762941E-2,-1.045940258E-2,4.863596708E-2
1.683047547E2,1.937032491E-2,-7.684387732E-3,4.889562726E-2
1.683147617E2,-2.638124395E-3,-1.318846457E-2,5.195906758E-2
1.683247697E2,-2.208985388E-2,-2.769869938E-2,5.393193662E-2
1.683347777E2,-3.893983737E-2,-3.824046627E-2,5.597671866E-2
1.683447857E2,-4.467255622E-2,-4.729787633E-2,5.366749316E-2
1.683547937E2,-3.772044927E-2,-4.233586416E-2,5.401838943E-2
1.683648017E2,-2.657618560E-2,-3.399910778E-2,5.312489718E-2
1.683748097E2,-1.536833309E-2,-2.354018018E-2,6.180645153E-2
1.683848177E2,-2.659995109E-3,-1.287768222E-2,7.182313502E-2
1.683948257E2,6.799915805E-3,-9.091982618E-3,8.138842136E-2
1.684048337E2,1.448100526E-2,-1.932624355E-2,8.432376385E-2
1.684148417E2,1.603876986E-2,-3.292758390E-2,8.044724166E-2
1.684248497E2,8.194161579E-3,-4.644605517E-2,7.323300838E-2
1.684348577E2,-5.870465655E-3,-5.258400366E-2,6.522710621E-2
1.684448657E2,-2.096259780E-2,-5.639525503E-2,5.310173333E-2
1.684548727E2,-3.955959901E-2,-5.061750486E-2,4.761924595E-2
1.684648807E2,-4.913153127E-2,-5.164388940E-2,4.336778075E-2
1.684748887E2,-4.182263464E-2,-4.871568084E-2,4.838695750E-2
1.684848967E2,-2.258396149E-2,-3.700576350E-2,6.450707465E-2
1.684949047E2,3.384168493E-3,-2.737305686E-2,7.806762308E-2
1.685049127E2,3.388668597E-2,-2.707105130E-2,8.935090154E-2
1.685149207E2,5.895022303E-2,-3.129943460E-2,9.093841910E-2
1.685249287E2,7.948985696E-2,-4.053128138E-2,9.224576503E-2
1.685349367E2,8.322559297E-2,-5.355191603E-2,9.295592457E-2
1.685449447E2,7.818716019E-2,-6.256964803E-2,8.561705053E-2
1.685549527E2,6.494230777E-2,-6.668496132E-2,8.074285835E-2
1.685649607E2,4.164763913E-2,-4.681085795E-2,7.561121136E-2
1.685749687E2,1.066622883E-2,-2.732586861E-2,7.202730328E-2
1.685849757E2,-2.573252469E-2,-2.538868412E-2,5.593594909E-2
1.685949837E2,-4.835430160E-2,-2.494982257E-2,3.681258857E-2
1.686049917E2,-5.239485204E-2,-3.110704944E-2,1.579465531E-2
1.686149997E2,-4.094734415E-2,-3.218999505E-2,-1.609891769E-3
1.686250077E2,-2.658411860E-2,-1.847951114E-2,-4.580914043E-3
1.686350157E2,-2.270625904E-2,-1.163361594E-5,-6.621622015E-4
1.686450237E2,-2.887866832E-2,1.509674452E-2,-2.497346606E-3
1.686550317E2,-3.188557923E-2,2.630804479E-2,-7.437412161E-3
1.686650397E2,-3.319612145E-2,2.812485211E-2,-1.369344443E-2
1.686750477E2,-2.636034787E-2,2.240346558E-2,-2.029589005E-2
1.686850557E2,-1.431220584E-2,1.983591169E-2,-2.036726288E-2
1.686950637E2,-7.840614417E-4,1.485495549E-2,-1.137163024E-2
1.687050717E2,1.105608605E-2,2.185960114E-2,-5.493235309E-3
1.687150787E2,7.525620051E-3,2.799494192E-2,-5.742768291E-3
1.687250867E2,-1.169601083E-2,2.390006557E-2,-1.996111870E-2
1.687350947E2,-2.817570977E-2,2.452713437E-2,-3.454414383E-2
1.687451027E2,-4.718482122E-2,1.801277511E-2,-4.762106389E-2
1.687551107E2,-5.970551819E-2,1.266614906E-2,-5.592552200E-2
1.687651187E2,-4.808401689E-2,1.756663248E-2,-5.253105611E-2
1.687751267E2,-1.697028428E-2,3.014317900E-2,-3.903210163E-2
1.687851347E2,1.680339314E-2,4.299985617E-2,-2.610112168E-2
1.687951427E2,4.242853820E-2,4.576552287E-2,-1.221975498E-2
1.688051507E2,5.997450650E-2,4.301474243E-2,-4.578880034E-3
1.688151587E2,6.413560361E-2,3.739331663E-2,-1.723169931E-3
1.688251667E2,5.721405149E-2,2.935083769E-2,4.548840690E-3
1.688351747E2,4.563779011E-2,2.811912075E-2,7.717831992E-3
1.688451827E2,3.084126860E-2,2.471320331E-2,3.082866315E-3
1.688551897E2,1.612760313E-2,1.653657854E-2,-3.024664242E-3
1.688651977E2,-5.983789451E-4,5.702041090E-3,-8.093192242E-3
1.688752057E2,-1.167618390E-2,-3.153444733E-3,-1.495446917E-2
1.688852137E2,-1.055978611E-2,-2.424271312E-3,-1.740750484E-2
1.688952217E2,-1.057097805E-3,-4.943434615E-3,-1.694117859E-2
1.689052297E2,1.743109897E-2,9.114594199E-3,-2.680020034E-2
1.689152377E2,3.623556346E-2,2.859770693E-2,-2.889654413E-2
1.689252457E2,4.543944821E-2,4.298250377E-2,-3.457120806E-2
1.689352537E2,4.272254929E-2,5.101487786E-2,-4.016111046E-2
1.689452617E2,3.435968980E-2,4.174627736E-2,-4.481311888E-2
1.689552697E2,1.916109584E-2,2.779069170E-2,-4.378133267E-2
1.689652777E2,6.602161098E-3,2.319886908E-2,-4.215893522E-2
1.689752857E2,6.149895489E-3,1.369367819E-2,-3.847906366E-2
1.689852937E2,5.452679936E-3,4.902317189E-3,-3.671099246E-2
1.689953017E2,8.248016238E-3,3.465150949E-3,-3.294686601E-2
1.690053087E2,7.848542184E-3,5.422574468E-3,-3.352823481E-2
1.690153165E2,1.324129663E-2,1.347725093E-2,-3.866103664E-2
1.690253245E2,1.441415213E-2,3.220220283E-2,-3.816435486E-2
1.690353325E2,7.518348750E-3,4.117477685E-2,-3.195228055E-2
1.690453405E2,-2.621636726E-3,3.565431014E-2,-2.898658440E-2
1.690553485E2,-5.161881447E-3,2.492848970E-2,-2.478588745E-2
1.690653565E2,-2.183668083E-3,4.741728306E-3,-2.703359537E-2
1.690753645E2,3.391099744E-4,-1.220129244E-2,-2.621803991E-2
1.690853725E2,5.087526049E-3,-9.085660800E-3,-1.399732567E-2
1.690953805E2,-5.115952808E-5,-6.560588256E-3,-2.206894569E-3
1.691053885E2,-8.685394190E-3,1.206787303E-3,7.128284313E-3
1.691153965E2,-1.699581742E-2,6.775537971E-3,9.604580700E-3
1.691254045E2,-1.723310538E-2,-5.804169923E-3,-1.071232953E-3
1.691354125E2,-1.066429913E-2,-1.520838216E-2,-7.116168272E-3
1.691454195E2,-2.579207998E-3,-2.444795333E-2,-7.380620111E-3
1.691554275E2,6.636258215E-3,-2.364128083E-2,-8.658310398E-4
1.691654355E2,1.854271814E-2,-1.387599949E-2,9.448857978E-3
1.691754435E2,2.590341493E-2,-6.497043651E-3,1.685512625E-2
1.691854515E2,3.226357698E-2,1.129219308E-4,2.044799738E-2
1.691954595E2,2.971414663E-2,-1.782852225E-3,1.984530687E-2
1.692054675E2,1.849131845E-2,-7.029279135E-3,1.858962514E-2
1.692154755E2,-5.638175178E-3,-2.408746444E-2,1.673395000E-2
1.692254835E2,-2.610057406E-2,-3.992927819E-2,3.941722214E-3
1.692354915E2,-3.611503541E-2,-4.119478911E-2,-3.636039328E-3
1.692454995E2,-3.785674274E-2,-3.170008585E-2,-2.036810853E-3
1.692555075E2,-3.439128399E-2,-1.731117070E-2,3.592396621E-3
1.692655155E2,-2.738131210E-2,-1.007695869E-2,1.171450596E-2
1.692755235E2,-2.497882023E-2,-7.781809196E-3,1.669790782E-2
1.692855315E2,-2.069059759E-2,-1.394542959E-2,1.671947911E-2
1.692955385E2,-1.546935365E-2,-1.454130933E-2,1.497049630E-2
1.693055465E2,-2.065932192E-2,-2.850718983E-2,8.437496610E-3
1.693155545E2,-2.747108042E-2,-4.861249030E-2,-7.125148084E-3
1.693255625E2,-3.666484728E-2,-6.512915343E-2,-1.581637561E-2
1.693355705E2,-4.039807245E-2,-6.831222028E-2,-1.779482700E-2
1.693455785E2,-3.210605681E-2,-6.033498794E-2,-1.433964260E-2
1.693555865E2,-1.672296412E-2,-4.615633190E-2,-1.427642535E-2
1.693655945E2,-3.604232566E-3,-3.223944828E-2,-1.602052897E-2
1.693756025E2,1.638622023E-3,-2.253655903E-2,-1.885592006E-2
1.693856105E2,2.608278999E-3,-1.902384870E-2,-2.355560102E-2
1.693956185E2,-1.591741573E-3,-1.407946087E-2,-2.618696727E-2
1.694056265E2,-7.815016434E-3,-1.003545150E-2,-2.467189543E-2
1.694156345E2,-1.124374196E-2,-8.510960266E-3,-2.143936045E-2
1.694256425E2,-1.338811964E-2,-1.044388115E-2,-1.489251200E-2
1.694356495E2,-1.237306651E-2,-7.916869596E-3,-7.010180503E-3
1.694456575E2,-1.132324897E-2,-2.239035070E-2,-3.786956426E-3
1.694556655E2,-1.060310565E-2,-3.506661206E-2,-9.423617274E-3
1.694656735E2,-1.330355182E-2,-4.489421099E-2,-1.307188161E-2
1.694756815E2,-1.223506127E-2,-4.222234339E-2,-1.387598086E-2
1.694856895E2,-4.563292954E-3,-3.890617564E-2,-2.032322809E-2
1.694956975E2,1.617551036E-2,-2.451916412E-2,-2.769157104E-2
1.695057055E2,2.887932211E-2,-1.275225170E-2,-2.383584715E-2
1.695157135E2,2.781974897E-2,-1.214496605E-2,-1.856120117E-2
1.695257215E2,2.353791893E-2,-1.395058818E-2,-9.943478741E-3
1.695357295E2,1.468567550E-2,-2.088519558E-2,-1.433948288E-3
1.695457375E2,4.081234802E-3,-3.765405715E-2,4.013814032E-3
1.695557455E2,-7.554282434E-3,-5.035237595E-2,1.086344570E-2
1.695657535E2,-2.260087617E-2,-5.605473742E-2,1.675515622E-2
1.695757615E2,-3.704955801E-2,-5.951666087E-2,2.255809493E-2
1.695857695E2,-5.270415172E-2,-6.555164605E-2,1.307670865E-2
1.695957765E2,-5.718528852E-2,-6.346292049E-2,-4.043130670E-3
1.696057845E2,-5.528272688E-2,-4.799554497E-2,-1.932860911E-2
1.696157925E2,-5.456065387E-2,-3.272673115E-2,-2.682728134E-2
1.696258005E2,-5.515427142E-2,-2.538439445E-2,-2.996661514E-2
1.696358085E2,-4.514323547E-2,-2.650475129E-2,-3.387357667E-2
1.696458165E2,-2.336150408E-2,-3.638374805E-2,-3.961402178E-2
1.696558245E2,-6.051655393E-3,-5.661703646E-2,-5.021074787E-2
1.696658325E2,1.002584770E-2,-7.007212937E-2,-5.965751410E-2
1.696758405E2,2.625477687E-2,-6.510600448E-2,-6.205859780E-2
1.696858485E2,3.872928768E-2,-5.375587940E-2,-6.140452623E-2
1.696958565E2,4.899491742E-2,-4.164738953E-2,-5.335547403E-2
1.697058645E2,5.713300407E-2,-3.630721569E-2,-4.325703532E-2
1.697158725E2,7.085258514E-2,-4.158747941E-2,-3.997265548E-2
1.697258805E2,8.924251050E-2,-4.547436535E-2,-3.482290357E-2
1.697358885E2,1.023039743E-1,-5.735772476E-2,-3.234003112E-2
1.697458965E2,1.151151136E-1,-7.052279264E-2,-3.005450591E-2
1.697559035E2,1.279867738E-1,-7.176201046E-2,-2.501739748E-2
1.697659115E2,1.338047236E-1,-6.869857758E-2,-2.172493190E-2
1.697759195E2,1.272680163E-1,-6.017848849E-2,-2.140330337E-2
1.697859275E2,1.160984635E-1,-7.547222078E-2,-3.491618112E-2
1.697959355E2,1.124037430E-1,-8.570227772E-2,-4.578233510E-2
1.698059435E2,1.145649031E-1,-7.215771079E-2,-4.802471772E-2
1.698159515E2,1.213457808E-1,-5.059153587E-2,-4.647138342E-2
1.698259595E2,1.215633601E-1,-2.873816714E-2,-4.667245224E-2
1.698359675E2,1.210096925E-1,-9.584110230E-3,-4.322419688E-2
1.698459755E2,1.112484112E-1,-5.217592232E-3,-4.470891133E-2
1.698559835E2,9.667595476E-2,-1.919996366E-2,-5.297802761E-2
1.698659915E2,8.067301661E-2,-5.041674152E-2,-6.930347532E-2
1.698759995E2,5.820540339E-2,-7.220346481E-2,-8.325675130E-2
1.698860075E2,1.909368671E-2,-8.441432565E-2,-9.203026444E-2
1.698960155E2,-3.337930515E-2,-8.880998194E-2,-1.020719036E-1
1.699060225E2,-8.358575404E-2,-8.005084097E-2,-1.100794896E-1
1.699160305E2,-1.193732023E-1,-6.781201065E-2,-1.167089641E-1
1.699260385E2,-1.308000386E-1,-5.451884493E-2,-1.164357290E-1
1.699360465E2,-1.140407249E-1,-3.894122317E-2,-1.130248457E-1
1.699460545E2,-8.603838831E-2,-3.385165334E-2,-1.041533276E-1
1.699560625E2,-5.690703914E-2,-3.703493625E-2,-9.516216815E-2
1.699660705E2,-2.362071909E-2,-4.655973241E-2,-8.141892403E-2
1.699760785E2,3.474522382E-3,-6.230363622E-2,-7.423209399E-2
1.699860865E2,3.212640435E-2,-8.015267551E-2,-6.681119651E-2
1.699960945E2,5.976498127E-2,-9.884208441E-2,-6.671380997E-2
1.700061025E2,6.910015643E-2,-9.859387577E-2,-5.668061972E-2
1.700161101E2,6.265711039E-2,-8.122891188E-2,-5.524045974E-2
1.700261181E2,4.320884496E-2,-5.658002570E-2,-4.925847054E-2
1.700361261E2,2.015972137E-2,-2.909293398E-2,-5.392939597E-2
1.700461341E2,4.262513015E-3,-1.607140712E-2,-6.195829064E-2
1.700561421E2,5.145613104E-3,-1.023596153E-2,-6.714346260E-2
1.700661501E2,2.008328401E-2,-5.088869948E-3,-6.656128913E-2
1.700761571E2,3.807394579E-2,-5.683053751E-3,-5.564029515E-2
1.700861651E2,5.160519853E-2,-6.515823770E-3,-4.684627056E-2
1.700961731E2,4.972646385E-2,-8.885830641E-3,-4.240847006E-2
1.701061811E2,4.404461011E-2,-2.764021978E-3,-3.862358630E-2
1.701161891E2,3.185225651E-2,-4.268358462E-4,-2.869968675E-2
1.701261971E2,1.498858631E-2,-3.137400839E-3,-3.063873388E-2
1.701362051E2,5.203241948E-3,4.791542888E-4,-2.666795626E-2
1.701462131E2,-1.052538771E-2,-1.646048389E-3,-2.431372181E-2
1.701562211E2,-3.027114831E-2,-7.088883314E-3,-2.186593041E-2
1.701662291E2,-4.471400380E-2,-5.343447905E-3,-1.933087036E-2
1.701762371E2,-5.638950691E-2,2.804261167E-3,-1.739312150E-2
1.701862451E2,-6.337897480E-2,1.969109848E-2,-9.891794063E-3
1.701962531E2,-6.095420569E-2,4.061778635E-2,8.494557813E-3
1.702062611E2,-5.243528634E-2,5.703910440E-2,1.650774293E-2
1.702162691E2,-4.726658016E-2,5.349654332E-2,1.693501882E-2
1.702262771E2,-4.480661824E-2,3.502512351E-2,9.719183668E-3
1.702362841E2,-4.385080189E-2,1.187379844E-2,-2.113515744E-3
1.702462921E2,-4.388782009E-2,-1.090022270E-2,-1.598725282E-2
1.702563001E2,-3.304218501E-2,-8.570778184E-3,-2.098014578E-2
1.702663081E2,-2.966503240E-2,1.676266547E-3,-1.640430093E-2
1.702763161E2,-4.047055170E-2,-6.959635764E-3,-1.268139761E-2
1.702863241E2,-4.191611707E-2,-1.402446907E-2,-1.125367731E-2
1.702963321E2,-2.942592278E-2,-7.672480773E-3,-7.241002284E-3
1.703063401E2,-1.589679718E-2,-3.718485590E-3,-1.833720366E-3
1.703163481E2,-1.611019252E-3,2.438524738E-3,-1.589145628E-3
1.703263561E2,1.450430043E-2,9.426925331E-3,-8.807447739E-4
1.703363641E2,3.107457422E-2,2.433818951E-2,6.773718633E-3
1.703463721E2,4.216530547E-2,3.046825528E-2,2.085811272E-2
1.703563801E2,4.649637267E-2,2.900120057E-2,3.342326358E-2
1.703663881E2,4.234157503E-2,1.929930598E-2,3.638070449E-2
1.703763961E2,3.119130246E-2,9.965337813E-5,3.309321404E-2
1.703864041E2,1.033342537E-2,-1.488116011E-2,2.176093124E-2
1.703964111E2,-1.272823103E-2,-2.089011483E-2,2.781184856E-3
1.704064191E2,-2.914688550E-2,-1.773853041E-2,-2.089458331E-2
1.704164271E2,-4.995391145E-2,-5.557634402E-3,-3.146458790E-2
1.704264351E2,-7.480653375E-2,4.039864987E-3,-3.275968507E-2
1.704364431E2,-9.108531475E-2,4.760903306E-3,-2.782881632E-2
1.704464511E2,-9.352476895E-2,-8.708033711E-3,-3.024350479E-2
1.704564591E2,-7.638910413E-2,-1.874074712E-2,-3.815701976E-2
1.704664671E2,-5.316394940E-2,-2.347691171E-2,-3.938580304E-2
1.704764751E2,-3.447229415E-2,-1.897755265E-2,-3.903558478E-2
1.704864831E2,-2.242016047E-2,-1.584167778E-2,-3.076647222E-2
1.704964911E2,-2.831423841E-2,-2.138726227E-2,-2.523304522E-2
1.705064991E2,-4.308705777E-2,-3.817316890E-2,-2.623066492E-2
1.705165071E2,-5.817390606E-2,-5.486104637E-2,-3.281363472E-2
1.705265151E2,-7.078637183E-2,-6.317676604E-2,-5.196948722E-2
1.705365231E2,-6.843835115E-2,-3.209822997E-2,-6.518542022E-2
1.705465311E2,-7.302325219E-2,3.068811493E-3,-6.791409105E-2
1.705565391E2,-1.055510342E-1,1.084354334E-2,-6.572942436E-2
1.705665461E2,-1.212927103E-1,1.343719475E-2,-5.458249897E-2
1.705765541E2,-1.184751764E-1,4.918789025E-3,-4.867107794E-2
1.705865621E2,-1.010418534E-1,-6.520020310E-3,-4.718742892E-2
1.705965701E2,-7.058543712E-2,-1.741470397E-2,-4.287855700E-2
1.706065781E2,-3.775957972E-2,-1.024733856E-2,-2.954756841E-2
1.706165861E2,-5.331052467E-3,3.823632374E-3,-6.417088676E-3
1.706265941E2,3.032920696E-2,1.243096869E-2,1.599953696E-2
1.706366021E2,5.863998830E-2,4.876949359E-3,3.074401803E-2
1.706466101E2,8.681835979E-2,-1.753408276E-2,4.277192056E-2
1.706566181E2,1.150662079E-1,-3.887183592E-2,5.135778338E-2
1.706666261E2,1.444291621E-1,-4.934631288E-2,6.494283676E-2
1.706766341E2,1.766929924E-1,-4.867734760E-2,8.282542974E-2
1.706866421E2,2.217981517E-1,-4.929653183E-2,1.057611033E-1
1.706966501E2,2.767104805E-1,-6.083572656E-2,1.232695282E-1
1.707066581E2,3.131928444E-1,-6.797086447E-2,1.301527321E-1
1.707166661E2,3.192144930E-1,-7.686320692E-2,1.338490993E-1
1.707266731E2,3.101522923E-1,-8.454136550E-2,1.283219755E-1
1.707366811E2,2.883500755E-1,-8.695472032E-2,1.207753792E-1
1.707466891E2,2.521888614E-1,-7.824538648E-2,1.096161976E-1
1.707566971E2,2.105304748E-1,-6.614681333E-2,9.110747278E-2
1.707667051E2,1.690618694E-1,-4.501809180E-2,9.039827436E-2
1.707767131E2,1.275058836E-1,-2.161058411E-2,9.713342786E-2
1.707867211E2,8.429847658E-2,-6.954409648E-3,9.338156879E-2
1.707967291E2,4.435558990E-2,7.277443074E-4,9.154185653E-2
1.708067371E2,6.090228446E-3,1.718448102E-2,8.877216280E-2
1.708167451E2,-4.181626812E-2,2.875750139E-2,8.337484300E-2
1.708267531E2,-7.875271887E-2,2.706293203E-2,7.326042652E-2
1.708367611E2,-1.060412973E-1,1.548608858E-2,6.001803279E-2
1.708467691E2,-1.240285560E-1,3.835291369E-3,4.484680668E-2
1.708567771E2,-1.341928244E-1,-9.795607068E-3,2.169931307E-2
1.708667851E2,-1.345592737E-1,-1.040893327E-2,8.078791434E-4
1.708767931E2,-1.296460927E-1,1.008812338E-2,-6.433262490E-3
1.708868011E2,-1.201372743E-1,3.935147077E-2,-6.156826392E-3
1.708968091E2,-1.145858988E-1,6.451900303E-2,-2.364831511E-3
1.709068161E2,-1.133547127E-1,6.537094712E-2,2.596637467E-3
1.709168241E2,-1.135534644E-1,5.037552491E-2,-6.976367906E-3
1.709268321E2,-1.054366827E-1,3.737370670E-2,-1.572991163E-2
1.709368401E2,-9.525700659E-2,3.180694953E-2,-1.917205751E-2
1.709468481E2,-9.165988117E-2,2.418498322E-2,-1.817230694E-2
1.709568561E2,-9.395802766E-2,1.582924649E-2,-1.397967897E-2
1.709668641E2,-1.027706936E-1,1.717156265E-3,-1.396396570E-2
1.709768721E2,-1.078872234E-1,-1.423081756E-2,-1.696089841E-2
1.709868801E2,-1.046733260E-1,-2.725527249E-2,-1.895267703E-2
1.709968881E2,-9.520924836E-2,-3.342397138E-2,-1.626042835E-2
1.710068961E2,-7.677404583E-2,-2.097209543E-2,-4.609583993E-4
1.710169043E2,-5.953881517E-2,-4.065761808E-3,1.775462739E-2
1.710269123E2,-4.295691103E-2,5.312826019E-3,3.166591749E-2
1.710369203E2,-3.449954465E-2,7.349427789E-3,4.689769074E-2
1.710469283E2,-3.632860258E-2,-9.442068636E-3,5.157446861E-2
1.710569363E2,-4.377154261E-2,-2.777969837E-2,5.631843954E-2
1.710669443E2,-5.047072098E-2,-4.331977665E-2,6.179523095E-2
1.710769513E2,-5.032362416E-2,-5.723823979E-2,6.651221961E-2
1.710869593E2,-4.793876410E-2,-5.925771222E-2,7.902055979E-2
1.710969673E2,-4.596303403E-2,-4.750479758E-2,9.163746983E-2
1.711069753E2,-3.967824206E-2,-4.246290401E-2,1.023894474E-1
1.711169833E2,-3.327207267E-2,-3.062525392E-2,8.537282795E-2
1.711269913E2,-2.939664014E-2,-5.352977291E-2,1.405087858E-1
1.711369993E2,-2.785626799E-2,-4.126511514E-2,9.398069978E-2
1.711470073E2,-2.209291980E-2,-5.560970306E-2,1.503222734E-1
1.711570153E2,-1.730989106E-2,-3.394974023E-2,1.009422168E-1
1.711670233E2,-9.523074143E-3,-3.923371807E-2,1.633736193E-1
1.711770313E2,-1.210046234E-3,-2.428879589E-2,1.101616919E-1
1.711870393E2,6.132821552E-3,-5.315533280E-2,1.629031897E-1
1.711970473E2,1.576640457E-2,-4.367126524E-2,8.835370094E-2
1.712070553E2,2.778871171E-2,-3.885227442E-2,1.401218176E-1
1.712170633E2,3.165194392E-2,4.305094481E-3,8.512950689E-2
1.712270713E2,3.026630357E-2,1.453349739E-2,1.643708050E-1
1.712370793E2,2.342504077E-2,3.382463008E-2,1.179368868E-1
1.712470863E2,2.174511924E-2,5.601253361E-5,1.873463243E-1
1.712570943E2,2.526013181E-2,-4.143010359E-3,1.287304163E-1
1.712671023E2,3.294681758E-2,-3.648177534E-2,1.954346150E-1
1.712771103E2,3.606916592E-2,-2.720694989E-2,1.273070425E-1
1.712871183E2,4.164236411E-2,-4.180480167E-2,1.935569048E-1
1.712971263E2,4.559835792E-2,-1.196966879E-2,1.283521801E-1
1.713071343E2,5.309835076E-2,-1.868589409E-2,1.921665817E-1
1.713171423E2,5.015730858E-2,1.118026674E-3,1.163933277E-1
1.713271503E2,4.479290172E-2,-1.145156007E-2,1.790639013E-1
1.713371583E2,3.361621127E-2,1.163669396E-3,1.041987985E-1
1.713471663E2,2.366344444E-2,-1.772320271E-2,1.738673747E-1
1.713571743E2,1.042507496E-2,-5.039202049E-3,9.972833097E-2
1.713671823E2,6.782404147E-3,-3.193020448E-2,1.617416441E-1
1.713771903E2,4.105805419E-3,-2.285249159E-2,7.112634182E-2
1.713871983E2,1.162204426E-2,-3.720906004E-2,1.359487623E-1
1.713972063E2,1.817060821E-2,-3.643720411E-4,5.514016375E-2
1.714072143E2,2.516193874E-2,3.603471443E-3,1.289906800E-1
1.714172223E2,2.593196742E-2,3.909850121E-2,5.248624086E-2
1.714272293E2,2.509999648E-2,3.041100502E-2,1.260635257E-1
1.714372373E2,1.646255516E-2,4.393262416E-2,3.956006467E-2
1.714472453E2,8.789187297E-3,9.368785657E-3,1.056421474E-1
1.714572533E2,-2.021821914E-3,1.127269678E-2,1.827820949E-2
1.714672613E2,-1.390884072E-2,-1.210319996E-2,9.563824534E-2
1.714772693E2,-2.558102459E-2,1.271761023E-3,1.510531083E-2
1.714872773E2,-2.228030190E-2,-8.192847483E-3,8.240898699E-2
1.714972853E2,-3.762320848E-3,9.739047848E-3,3.316937014E-2
1.715072933E2,1.829770766E-2,3.258550912E-2,2.745155990E-2
1.715173013E2,3.700980917E-2,6.092777103E-2,2.287004702E-2
1.715273093E2,4.384321347E-2,7.249706984E-2,2.570817806E-2
1.715373173E2,4.903776944E-2,7.048513740E-2,3.216142952E-2
1.715473253E2,5.217231065E-2,5.524252728E-2,3.389567882E-2
1.715573333E2,6.556401402E-2,4.164788872E-2,2.561245114E-2
1.715673413E2,7.983642817E-2,3.221630678E-2,1.759234071E-2
1.715773493E2,8.254089206E-2,3.160737827E-2,1.740663871E-2
1.715873573E2,7.364140451E-2,2.989922650E-2,1.146033313E-2
1.715973653E2,5.515421182E-2,3.198971227E-2,1.522661420E-3
1.716073723E2,3.807482496E-2,3.330504522E-2,-1.401235629E-2
1.716173803E2,2.961840853E-2,3.162808344E-2,-2.786719240E-2
1.716273883E2,2.650011331E-2,2.529828250E-2,-4.055715352E-2
1.716373963E2,2.329236642E-2,3.466533497E-2,-4.293118790E-2
1.716474043E2,1.719053276E-2,5.107093975E-2,-3.538778424E-2
1.716574123E2,2.503588423E-2,7.045713812E-2,-2.291103080E-2
1.716674203E2,4.363033921E-2,8.685848117E-2,-1.593754254E-2
1.716774283E2,7.159516215E-2,8.739582449E-2,-7.381960750E-3
1.716874363E2,8.938907087E-2,6.304068118E-2,-1.053780690E-2
1.716974443E2,8.746897429E-2,3.288168460E-2,-1.695585810E-2
1.717074523E2,7.226472348E-2,-3.772010095E-4,-2.327420935E-2
1.717174603E2,5.555935577E-2,-2.245199494E-2,-2.519735880E-2
1.717274683E2,4.837175086E-2,-3.016530909E-2,-2.454009093E-2
1.717374763E2,4.975896329E-2,-2.102845162E-2,-1.985257119E-2
1.717474843E2,6.218420342E-2,1.841444056E-3,-1.026252843E-2
1.717574923E2,8.329655975E-2,1.958747953E-2,3.125008894E-3
1.717675003E2,1.053667068E-1,2.943078987E-2,1.119412016E-2
1.717775083E2,1.328154504E-1,3.000112809E-2,1.869472302E-2
1.717875163E2,1.566150635E-1,2.463379316E-2,2.522452921E-2
1.717975233E2,1.664726138E-1,2.041514590E-2,2.448213287E-2
1.718075313E2,1.605241746E-1,1.060219575E-2,2.164373547E-2
1.718175393E2,1.434789598E-1,-3.001350444E-3,9.762383997E-3
1.718275473E2,1.163932756E-1,-1.299805753E-2,-4.772036336E-4
1.718375553E2,8.312881738E-2,-1.311110519E-2,-7.315747440E-3
1.718475633E2,3.911395743E-2,-6.080360617E-3,-1.520616096E-2
1.718575713E2,-1.277006580E-3,1.094709989E-2,-2.053717338E-2
1.718675793E2,-2.741966210E-2,2.285222895E-2,-2.914158069E-2
1.718775873E2,-3.998106346E-2,2.654186636E-2,-4.266752675E-2
1.718875953E2,-3.907372430E-2,1.898914017E-2,-4.844365641E-2
1.718976033E2,-2.870598808E-2,1.073552016E-2,-5.072215945E-2
1.719076113E2,-1.228733547E-2,4.870706704E-3,-4.713355005E-2
1.719176193E2,1.111187506E-2,1.028893981E-3,-4.810338095E-2
1.719276273E2,2.720402554E-2,1.473908313E-3,-4.627805203E-2
1.719376353E2,3.373750672E-2,-5.534246098E-3,-4.365599900E-2
1.719476433E2,3.266239166E-2,-1.358285174E-2,-3.998696059E-2
1.719576513E2,3.571834788E-2,-3.035930358E-2,-3.879565001E-2
1.719676593E2,4.297626019E-2,-5.113648623E-2,-3.249780834E-2
1.719776673E2,5.949261039E-2,-6.955034286E-2,-2.231484279E-2
1.719876743E2,8.823238313E-2,-7.713795453E-2,-1.361456327E-2
1.719976823E2,1.263130009E-1,-7.423408329E-2,-1.060997788E-2
1.720076903E2,1.596163660E-1,-5.678185821E-2,-1.391496137E-2
1.720176987E2,1.738167554E-1,-3.415267915E-2,-1.790156215E-2
1.720277067E2,1.710939407E-1,-1.983606070E-2,-2.854701504E-2
1.720377147E2,1.574942172E-1,-1.665243506E-2,-3.237868100E-2
1.720477227E2,1.500919610E-1,3.182934597E-4,-3.726904467E-2
1.720577307E2,1.490062624E-1,3.139282763E-2,-4.187204689E-2
1.720677387E2,1.459249854E-1,6.572709978E-2,-6.172031909E-2
1.720777467E2,1.389987618E-1,7.349502295E-2,-7.978443056E-2
1.720877547E2,1.086144894E-1,5.943939090E-2,-1.003501639E-1
1.720977627E2,4.991598800E-2,3.513511643E-2,-1.224766076E-1
1.721077707E2,-3.093699925E-3,3.253800049E-2,-1.395370960E-1
1.721177787E2,-5.774422362E-2,3.877129778E-2,-1.500846148E-1
1.721277867E2,-1.159686521E-1,4.574851319E-2,-1.482720673E-1
1.721377947E2,-1.806628853E-1,4.617400095E-2,-1.442746520E-1
1.721478027E2,-2.203503847E-1,3.773311153E-2,-1.432959437E-1
1.721578107E2,-2.292840481E-1,3.169722855E-2,-1.378084272E-1
1.721678187E2,-2.117628455E-1,2.807506360E-2,-1.325537413E-1
1.721778257E2,-1.783603728E-1,2.198606171E-2,-1.246738881E-1
1.721878337E2,-1.430937350E-1,1.137789153E-2,-1.089223549E-1
1.721978417E2,-1.075209156E-1,7.113797124E-3,-9.132598341E-2
1.722078497E2,-6.392017752E-2,1.525604166E-4,-7.499015331E-2
1.722178577E2,-1.085463539E-2,-6.124118809E-3,-6.167121977E-2
1.722278657E2,4.206077754E-2,5.387661047E-3,-5.631214380E-2
1.722378737E2,7.720427215E-2,1.541910507E-2,-5.229388177E-2
1.722478817E2,8.538363874E-2,2.898870967E-2,-4.464554787E-2
1.722578897E2,6.291602552E-2,2.964940295E-2,-4.182616621E-2
1.722678977E2,2.310442738E-2,1.797437295E-2,-4.569866881E-2
1.722779057E2,-1.446600817E-2,-6.076749414E-4,-5.724595115E-2
1.722879137E2,-4.951294512E-2,-2.423071302E-2,-6.627992541E-2
1.722979217E2,-6.943650544E-2,-2.888488024E-2,-6.943149865E-2
1.723079297E2,-7.606804371E-2,-2.513222024E-2,-6.336455792E-2
1.723179377E2,-6.701125950E-2,-1.055169106E-2,-5.311804265E-2
1.723279457E2,-4.260018840E-2,-1.651674043E-3,-4.397434369E-2
1.723379537E2,-1.019708160E-2,3.716657404E-3,-3.485779837E-2
1.723479617E2,1.856852137E-2,6.431033835E-4,-2.229007334E-2
1.723579697E2,3.984814510E-2,-6.474826951E-3,-6.026342511E-3
1.723679767E2,5.618370697E-2,-1.735490561E-2,8.453796618E-3
1.723779847E2,5.962211639E-2,-3.000758402E-2,2.453428693E-3
1.723879927E2,8.090982586E-2,-1.501984708E-2,8.135282435E-3
1.723980007E2,9.170793742E-2,-1.475530677E-2,1.818015613E-2
1.724080087E2,9.990327805E-2,1.176312007E-2,3.288053721E-2
1.724180167E2,1.008929461E-1,3.046562895E-2,4.270311072E-2
1.724280247E2,1.103660762E-1,3.806948289E-2,3.576743975E-2
1.724380327E2,1.309396178E-1,2.239709534E-2,2.388248779E-2
1.724480407E2,1.534963250E-1,-1.533483900E-2,1.755028963E-2
1.724580487E2,1.867294014E-1,-5.872268602E-2,2.002860792E-2
1.724680567E2,2.282262444E-1,-1.130628884E-1,3.152707219E-2
1.724780647E2,2.733000219E-1,-1.571260393E-1,5.271429196E-2
1.724880727E2,3.238761127E-1,-2.028463781E-1,6.820030510E-2
1.724980807E2,3.712309003E-1,-2.351264656E-1,7.531876117E-2
1.725080887E2,3.973256052E-1,-2.467311770E-1,7.356080413E-2
1.725180967E2,3.913033009E-1,-2.249381989E-1,7.146286219E-2
1.725281047E2,3.533977270E-1,-1.891679466E-1,7.400458306E-2
1.725381127E2,2.958933115E-1,-1.389490068E-1,7.602725178E-2
1.725481207E2,2.295049727E-1,-8.244366199E-2,7.114115357E-2
1.725581287E2,1.649772376E-1,-3.838358819E-2,6.287381053E-2
1.725681357E2,1.103826985E-1,1.257563010E-3,5.256897211E-2
1.725781437E2,7.099248469E-2,3.961852193E-2,5.286686867E-2
1.725881517E2,5.410857871E-2,6.237789616E-2,5.255953968E-2
1.725981597E2,5.494676158E-2,6.409256160E-2,5.495844409E-2
1.726081677E2,6.611952186E-2,6.206403300E-2,6.283926964E-2
1.726181757E2,7.002006471E-2,4.023620486E-2,6.499697268E-2
1.726281837E2,6.200608611E-2,1.299419720E-2,6.655838341E-2
1.726381917E2,4.431395233E-2,-5.971280858E-3,6.688851863E-2
1.726481997E2,1.866424829E-2,-1.725296490E-2,6.452735513E-2
1.726582077E2,-3.356256522E-3,-9.478507563E-3,6.432247162E-2
1.726682157E2,-1.181205921E-2,7.383828517E-3,7.209650427E-2
1.726782237E2,-1.642288454E-2,2.414282225E-2,7.119609416E-2
1.726882317E2,-2.646806091E-2,2.525469102E-2,6.759070605E-2
1.726982397E2,-3.871813044E-2,1.617587544E-2,6.477858871E-2
1.727082477E2,-4.859978706E-2,2.785235178E-3,5.835797638E-2
1.727182557E2,-5.469839647E-2,-1.220578142E-2,4.805438221E-2
1.727282637E2,-5.460438877E-2,-2.353673242E-2,2.591179684E-2
1.727382717E2,-4.677862674E-2,-1.431410946E-2,6.679865532E-3
1.727482797E2,-4.316950962E-2,-2.067295369E-3,-6.520625204E-3
1.727582877E2,-4.852100089E-2,2.925874479E-2,-1.138571743E-2
1.727682947E2,-5.565214902E-2,5.872396007E-2,-1.426619198E-2
1.727783027E2,-5.750405416E-2,8.815024048E-2,-1.640042849E-2
1.727883107E2,-4.567749053E-2,1.038405225E-1,-1.935840026E-2
1.727983187E2,-2.322078869E-2,9.836099297E-2,-2.089966647E-2
1.728083267E2,-1.289391890E-3,7.154829055E-2,-2.231034264E-2
1.728183347E2,2.117672004E-2,3.490616754E-2,-1.961964928E-2
1.728283427E2,2.500101924E-2,1.443283167E-3,-2.038610727E-2
1.728383507E2,1.384049840E-2,-4.369627684E-2,-4.112226889E-2
1.728483587E2,-2.563740313E-2,-8.836361766E-2,-7.676521689E-2
1.728583667E2,-9.290360659E-2,-1.275099069E-1,-1.253612489E-1
1.728683747E2,-1.672729105E-1,-1.560243815E-1,-1.832482517E-1
1.728783827E2,-2.284425497E-1,-1.614372730E-1,-2.402144521E-1
1.728883907E2,-2.680903673E-1,-1.432851702E-1,-2.873830199E-1
1.728983987E2,-2.826170623E-1,-9.820258617E-2,-3.164313436E-1
1.729084067E2,-2.718105018E-1,-2.877477929E-2,-3.175442815E-1
1.729184147E2,-2.516881526E-1,3.152721003E-2,-2.962131798E-1
1.729284227E2,-2.186154276E-1,7.408159226E-2,-2.663860321E-1
1.729384307E2,-1.791789830E-1,7.338903099E-2,-2.376977503E-1
1.729484387E2,-1.427996755E-1,2.918721177E-2,-2.143588662E-1
1.729584457E2,-1.178843677E-1,-4.621618614E-2,-1.961915791E-1
1.729684537E2,-1.038005129E-1,-1.306804717E-1,-1.810190231E-1
1.729784617E2,-9.399056435E-2,-1.990503520E-1,-1.681373864E-1
1.729884697E2,-8.447509259E-2,-2.479478419E-1,-1.518723965E-1
1.729984777E2,-8.089870214E-2,-2.747068405E-1,-1.420858949E-1
1.730084857E2,-7.896018773E-2,-2.709062397E-1,-1.293394715E-1
1.730184938E2,-7.366342843E-2,-2.491274476E-1,-1.180101261E-1
1.730285018E2,-6.655172259E-2,-1.964325458E-1,-1.054480001E-1
1.730385098E2,-5.791409686E-2,-1.242833361E-1,-8.204008639E-2
1.730485178E2,-6.137194484E-2,-5.720576271E-2,-5.608784407E-2
1.730585258E2,-6.713707000E-2,-8.514275774E-3,-3.669064119E-2
1.730685338E2,-7.066442817E-2,8.851931430E-3,-2.545662969E-2
1.730785418E2,-7.260452211E-2,1.269262843E-2,-1.579063945E-2
1.730885498E2,-6.538149714E-2,4.714862909E-3,-1.679080771E-3
1.730985578E2,-5.439200997E-2,-9.240955114E-3,8.643234149E-3
1.731085658E2,-4.333829507E-2,-1.276751235E-2,1.442469005E-2
1.731185738E2,-4.697175324E-2,-1.974558830E-2,2.105277963E-2
1.731285818E2,-6.451372057E-2,-3.421321139E-2,2.848140150E-2
1.731385898E2,-8.420372009E-2,-4.519697279E-2,3.415239975E-2
1.731485978E2,-1.092914939E-1,-4.990517348E-2,3.505041823E-2
1.731586058E2,-1.271561533E-1,-3.935174271E-2,3.359533846E-2
1.731686138E2,-1.291942745E-1,-3.055345640E-2,3.803323209E-2
1.731786208E2,-1.254527420E-1,-1.918713376E-2,4.120108485E-2
1.731886288E2,-1.287121773E-1,-1.420142967E-2,4.350898042E-2
1.731986368E2,-1.465451121E-1,-1.126161125E-2,4.605325311E-2
1.732086448E2,-1.753754169E-1,-1.080408040E-2,3.870239481E-2
1.732186528E2,-2.061544806E-1,-1.317326725E-2,1.793348603E-2
1.732286608E2,-2.243792862E-1,6.037711166E-3,-5.060511641E-3
1.732386688E2,-2.219007611E-1,3.628618270E-2,-1.944079064E-2
1.732486768E2,-2.022375762E-1,7.221648097E-2,-2.391836233E-2
1.732586848E2,-1.701713651E-1,1.200189963E-1,-1.783029735E-2
1.732686928E2,-1.296284646E-1,1.536776274E-1,-7.253019139E-3
1.732787008E2,-8.129137754E-2,1.646907330E-1,5.915706512E-3
1.732887088E2,-3.076348826E-2,1.593146026E-1,1.319625694E-2
1.732987168E2,2.562650479E-2,1.460671872E-1,2.570129558E-2
1.733087248E2,9.030269831E-2,1.279353201E-1,3.604341671E-2
1.733187328E2,1.653610319E-1,1.267641634E-1,5.334739387E-2
1.733287408E2,2.274678051E-1,1.339067668E-1,7.241801918E-2
1.733387488E2,2.730322778E-1,1.600378305E-1,8.673056960E-2
1.733487568E2,2.944749892E-1,1.883530915E-1,9.480101615E-2
1.733587648E2,3.099869788E-1,2.234884053E-1,9.930112213E-2
1.733687728E2,3.242037296E-1,2.608275115E-1,9.478306770E-2
1.733787808E2,3.359905779E-1,3.102703393E-1,9.383048117E-2
1.733887878E2,3.419163823E-1,3.545922637E-1,9.534741938E-2
1.733987958E2,3.428986371E-1,3.937804103E-1,9.923697263E-2
1.734088038E2,3.328702450E-1,4.144089818E-1,9.886093438E-2
1.734188118E2,3.098199069E-1,4.214203954E-1,9.876157343E-2
1.734288198E2,2.585498095E-1,3.798316717E-1,9.833173454E-2
1.734388278E2,1.895826906E-1,3.000251949E-1,7.967644930E-2
1.734488358E2,1.443888545E-1,2.402268499E-1,4.618905485E-2
1.734588438E2,1.275054663E-1,2.081159204E-1,8.970253170E-3
1.734688518E2,1.199410185E-1,2.031624317E-1,-2.944451384E-2
1.734788598E2,1.133716106E-1,2.085049748E-1,-6.313269585E-2
1.734888678E2,1.063166335E-1,2.292842865E-1,-9.216860682E-2
1.734988758E2,9.952184558E-2,2.419415116E-1,-1.327093691E-1
1.735088838E2,9.743952006E-2,2.606078684E-1,-1.726791561E-1
1.735188918E2,8.555731922E-2,3.202466071E-1,-2.120058835E-1
1.735288998E2,6.941536814E-2,4.164232016E-1,-2.230145931E-1
1.735389078E2,4.755091667E-2,5.293413401E-1,-1.931803375E-1
1.735489158E2,2.017361857E-2,6.301731467E-1,-1.297172159E-1
1.735589238E2,-8.725119755E-3,6.945347190E-1,-5.383677036E-2
1.735689318E2,-5.390309729E-3,7.413831949E-1,3.422224894E-2
1.735789398E2,3.369781002E-2,7.174471617E-1,1.272245497E-1
1.735889478E2,1.156003997E-1,6.047658920E-1,1.993749142E-1
1.735989558E2,2.115985453E-1,3.985258639E-1,2.486449927E-1
1.736089638E2,3.148410320E-1,1.424607933E-1,2.622628212E-1
1.736189708E2,3.913072944E-1,-1.331356764E-1,2.472171783E-1
1.736289788E2,4.097563326E-1,-3.718704879E-1,2.011391670E-1
1.736389868E2,4.027733207E-1,-5.029115081E-1,1.211613268E-1
1.736489948E2,4.126294255E-1,-5.080546141E-1,1.930287108E-2
1.736590028E2,4.224537909E-1,-3.968051076E-1,-8.190613240E-2
1.736690108E2,4.042585492E-1,-2.029376477E-1,-1.396376193E-1
1.736790188E2,3.416834176E-1,2.567696571E-2,-1.517996341E-1
1.736890268E2,2.555011213E-1,2.564880848E-1,-1.320938468E-1
1.736990348E2,1.586320847E-1,4.356780052E-1,-1.050997525E-1
1.737090428E2,8.046084642E-2,5.455107689E-1,-7.678741962E-2
1.737190508E2,3.154417127E-2,5.710480809E-1,-5.582461506E-2
1.737290588E2,2.718649106E-3,5.067772269E-1,-4.336075485E-2
1.737390668E2,-1.250543445E-2,3.751800060E-1,-3.786782548E-2
1.737490748E2,-2.649874194E-3,2.090946287E-1,-3.197132051E-2
1.737590828E2,2.125158161E-2,4.123108089E-2,-1.201041415E-2
1.737690908E2,3.888037428E-2,-1.087773219E-1,2.867069095E-3
1.737790988E2,3.267230466E-2,-2.220984101E-1,1.133783162E-2
1.737891068E2,7.230061572E-3,-3.027964532E-1,1.159828901E-2
1.737991148E2,-2.610426955E-2,-3.480569422E-1,8.421055973E-4
1.738091228E2,-7.468592376E-2,-3.937490582E-1,-2.845399827E-2
1.738191308E2,-1.339048594E-1,-4.388092160E-1,-7.696693391E-2
1.738291388E2,-1.976177841E-1,-4.811801314E-1,-1.379735619E-1
1.738391458E2,-2.649918199E-1,-5.164941549E-1,-2.061458528E-1
1.738491538E2,-3.394279778E-1,-5.404261351E-1,-2.744663358E-1
1.738591618E2,-3.907538354E-1,-5.188921690E-1,-3.195650280E-1
1.738691698E2,-4.042297006E-1,-4.367741048E-1,-3.428516984E-1
1.738791778E2,-3.787077665E-1,-2.975119352E-1,-3.346519172E-1
1.738891858E2,-3.156750202E-1,-1.280376613E-1,-3.077082038E-1
1.738991938E2,-2.288586050E-1,6.466633081E-2,-2.817673087E-1
1.739092018E2,-1.486772150E-1,2.365749776E-1,-2.682000995E-1
1.739192098E2,-9.932856262E-2,3.287415504E-1,-2.707996964E-1
1.739292178E2,-8.580636233E-2,3.440006673E-1,-2.826765776E-1
1.739392258E2,-8.578268439E-2,3.176808655E-1,-2.955711782E-1
1.739492338E2,-9.207013994E-2,2.767664492E-1,-3.032757044E-1
1.739592418E2,-1.027587280E-1,2.232229561E-1,-3.127910197E-1
1.739692498E2,-1.300835609E-1,1.725957245E-1,-3.211703897E-1
1.739792578E2,-1.763945669E-1,1.211203113E-1,-3.281625211E-1
1.739892658E2,-2.343074083E-1,6.902861595E-2,-3.429433405E-1
1.739992738E2,-2.897333801E-1,4.651907831E-2,-3.558840454E-1
1.740092818E2,-3.262578249E-1,5.290826783E-2,-3.608931899E-1
1.740192897E2,-3.543481231E-1,7.240217924E-2,-3.552781045E-1
1.740292977E2,-3.840415776E-1,9.925270081E-2,-3.451583683E-1
1.740393057E2,-4.169257283E-1,1.377535462E-1,-3.202846944E-1
1.740493137E2,-4.446454942E-1,1.756210327E-1,-3.036495447E-1
1.740593217E2,-4.618331790E-1,1.821394414E-1,-2.994320691E-1
1.740693287E2,-4.544751048E-1,1.535362899E-1,-3.003188968E-1
1.740793367E2,-4.081047475E-1,1.021284238E-1,-3.088515103E-1
1.740893447E2,-3.336763084E-1,3.313337639E-2,-3.194554150E-1
1.740993527E2,-2.426017523E-1,-4.300126806E-2,-3.139228523E-1
1.741093607E2,-1.424077749E-1,-1.166187674E-1,-2.827955484E-1
1.741193687E2,-3.989284858E-2,-1.763521284E-1,-2.350714356E-1
1.741293767E2,4.821783304E-2,-2.150968611E-1,-1.759756356E-1
1.741393847E2,1.188886315E-1,-2.311008573E-1,-1.208418086E-1
1.741493927E2,1.669142097E-1,-2.319788933E-1,-7.523597032E-2
1.741594007E2,1.893853843E-1,-2.162579298E-1,-4.960560799E-2
1.741694087E2,1.934632212E-1,-1.903325915E-1,-3.826746717E-2
1.741794167E2,1.879080087E-1,-1.599988639E-1,-3.237712011E-2
1.741894247E2,1.662317365E-1,-1.489198506E-1,-1.849858835E-2
1.741994327E2,1.371052414E-1,-1.653206795E-1,-1.295653544E-2
1.742094407E2,1.152393743E-1,-1.926684082E-1,-1.593901031E-2
1.742194487E2,9.615315497E-2,-2.358380854E-1,-2.290167287E-2
1.742294567E2,8.243548125E-2,-2.586544454E-1,-2.859604359E-2
1.742394647E2,6.068915129E-2,-2.717188597E-1,-2.424868569E-2
1.742494727E2,2.174681239E-2,-2.809610963E-1,-1.649862155E-2
1.742594807E2,-2.689225413E-2,-2.971201837E-1,2.259272616E-3
1.742694887E2,-7.643717527E-2,-3.250849843E-1,2.143776231E-2
1.742794967E2,-1.105699316E-1,-3.527863920E-1,2.331715822E-2
1.742895037E2,-1.232404560E-1,-3.756496310E-1,1.412657672E-3
1.742995117E2,-1.409263313E-1,-3.499454856E-1,-3.876478598E-2
1.743095197E2,-1.756374389E-1,-2.772164047E-1,-9.183013439E-2
1.743195277E2,-2.098765224E-1,-1.800641268E-1,-1.393796206E-1
1.743295357E2,-2.318255007E-1,-7.466900349E-2,-1.699777395E-1
1.743395437E2,-2.172938585E-1,2.727669850E-2,-1.763513088E-1
1.743495517E2,-1.718267798E-1,8.897707611E-2,-1.548705101E-1
1.743595597E2,-8.206116408E-2,1.116806790E-1,-1.108851656E-1
1.743695677E2,3.580448404E-2,5.288393423E-2,-7.761961967E-2
1.743795757E2,1.641992331E-1,-7.420353591E-2,-6.748532504E-2
1.743895837E2,2.775614858E-1,-2.674709857E-1,-6.447408348E-2
1.743995917E2,3.378069997E-1,-5.205458403E-1,-8.680724353E-2
1.744095997E2,3.424374163E-1,-7.736782432E-1,-1.440340430E-1
1.744196077E2,2.783412933E-1,-9.824602604E-1,-2.159160376E-1
1.744296157E2,1.542121619E-1,-1.111077070E0,-2.987971008E-1
1.744396237E2,-3.391720355E-3,-1.160169482E0,-3.979569674E-1
1.744496317E2,-1.587448269E-1,-1.118980765E0,-5.011701584E-1
1.744596397E2,-2.792483270E-1,-9.708980322E-1,-5.884248018E-1
1.744696477E2,-3.420424759E-1,-7.125589252E-1,-6.510778069E-1
1.744796557E2,-3.380891979E-1,-3.733604848E-1,-6.831141114E-1
1.744896637E2,-2.636149526E-1,-8.689582348E-3,-6.793143153E-1
1.744996717E2,-1.534984857E-1,3.100597560E-1,-6.261061430E-1
1.745096797E2,-4.733477533E-2,5.600970387E-1,-5.266748667E-1
1.745196877E2,3.389358521E-2,7.215650678E-1,-4.145005941E-1
1.745296957E2,9.614763409E-2,8.005757332E-1,-2.884598374E-1
1.745397027E2,1.564376801E-1,8.198458552E-1,-1.612651199E-1
1.745497107E2,2.239687890E-1,7.514982224E-1,-5.008107796E-2
1.745597187E2,3.057552278E-1,5.939782858E-1,2.980860882E-2
1.745697267E2,3.896647692E-1,3.731891811E-1,1.100917310E-1
1.745797347E2,4.546326399E-1,1.228369549E-1,7.559988648E-2
1.745897427E2,4.969209731E-1,-2.169277966E-1,1.560537219E-1
1.745997507E2,4.711768627E-1,-5.694479346E-1,9.256137162E-2
1.746097587E2,3.764101565E-1,-9.297847748E-1,1.174970791E-1
1.746197667E2,2.705632150E-1,-1.176042795E0,-1.484878827E-2
1.746297747E2,1.695944965E-1,-1.367772102E0,-3.628909960E-2
1.746397827E2,5.294104666E-2,-1.435316563E0,-1.972958446E-1
1.746497907E2,-4.341744632E-2,-1.403795123E0,-2.258230895E-1
1.746597987E2,-1.035661846E-1,-1.219690442E0,-3.627209365E-1
1.746698067E2,-1.460092515E-1,-9.314135313E-1,-3.308042884E-1
1.746798147E2,-2.057346851E-1,-5.299443603E-1,-3.954356313E-1
1.746898227E2,-2.804214358E-1,-1.152105629E-1,-2.828576863E-1
1.746998307E2,-3.721845448E-1,2.516672015E-1,-2.763410211E-1
1.747098387E2,-4.524460733E-1,4.625948966E-1,-1.289856583E-1
1.747198467E2,-5.030030608E-1,5.604968071E-1,-1.524652392E-1
1.747298547E2,-5.150219202E-1,5.231281519E-1,-4.346951470E-2
1.747398627E2,-4.982611537E-1,4.126583934E-1,-9.261521697E-2
1.747498707E2,-4.492832422E-1,2.012377381E-1,1.846306375E-3
1.747598787E2,-3.865084648E-1,-5.988617893E-3,-5.102240294E-2
1.747698867E2,-3.173539042E-1,-1.927188188E-1,5.863671377E-2
1.747798937E2,-2.490558028E-1,-2.895447016E-1,2.914927341E-2
1.747899017E2,-1.765208840E-1,-3.175571561E-1,1.676123440E-1
1.747999097E2,-1.214856356E-1,-2.467578650E-1,1.518267542E-1
1.748099177E2,-7.774747908E-2,-1.611923873E-1,3.009286225E-1
1.748199257E2,-4.792754352E-2,-4.931632429E-2,2.916662097E-1
1.748299337E2,-2.226052992E-2,2.280554269E-3,4.242319763E-1
1.748399417E2,1.688731089E-2,5.374906212E-2,3.878116608E-1
1.748499497E2,8.238855749E-2,6.673889607E-2,5.134140849E-1
1.748599577E2,1.417267174E-1,9.637268633E-2,4.674561620E-1
1.748699657E2,2.014286667E-1,9.801638871E-2,5.742142797E-1
1.748799737E2,2.432529032E-1,1.234964579E-1,5.019278526E-1
1.748899817E2,2.711127698E-1,1.212615371E-1,5.988011360E-1
1.748999897E2,2.828151882E-1,1.585433185E-1,5.301884413E-1
1.749099977E2,2.961994410E-1,1.800278425E-1,6.413919330E-1
1.749200057E2,3.002872169E-1,2.282861918E-1,5.762714744E-1
1.749300137E2,2.991939783E-1,2.389952987E-1,6.721130013E-1
1.749400217E2,2.882826328E-1,2.778746486E-1,5.753262639E-1
1.749500297E2,2.728621364E-1,2.895837724E-1,6.031224728E-1
1.749600377E2,2.507050335E-1,3.035039902E-1,5.557755232E-1
1.749700457E2,2.166732848E-1,2.939293981E-1,5.103845596E-1
1.749800537E2,1.810423136E-1,3.084517717E-1,4.676871598E-1
1.749900617E2,1.519811004E-1,3.297024667E-1,4.363787472E-1
1.750000697E2,1.287475079E-1,3.476522863E-1,4.220240712E-1
1.750100777E2,1.177768782E-1,3.734673560E-1,4.227085114E-1
1.750200859E2,1.183033660E-1,3.892189562E-1,4.186452031E-1
1.750300939E2,1.193907335E-1,4.036301374E-1,4.067981243E-1
1.750401019E2,1.119420379E-1,4.073218107E-1,3.856411576E-1
1.750501099E2,1.016688943E-1,4.067140818E-1,3.677577674E-1
1.750601169E2,9.898601472E-2,4.115677774E-1,3.634003699E-1
1.750701249E2,1.017045677E-1,4.163486958E-1,3.709051609E-1
1.750801329E2,1.189963222E-1,4.191837013E-1,3.872464299E-1
1.750901409E2,1.465299577E-1,4.030436277E-1,4.028320312E-1
1.751001489E2,1.870579422E-1,3.967939615E-1,4.162442684E-1
1.751101569E2,2.259206474E-1,3.982754946E-1,4.249621034E-1
1.751201649E2,2.520456612E-1,4.108209312E-1,4.395147562E-1
1.751301729E2,2.628663480E-1,4.304662943E-1,4.529003203E-1
1.751401809E2,2.579976022E-1,4.428245723E-1,4.651100636E-1
1.751501889E2,2.446530610E-1,4.554013610E-1,4.800003469E-1
1.751601969E2,2.444677353E-1,4.509242475E-1,4.926611781E-1
1.751702049E2,2.544010282E-1,4.405091405E-1,5.061392188E-1
1.751802129E2,2.852440774E-1,4.395025671E-1,5.238114595E-1
1.751902209E2,3.270693123E-1,4.698293209E-1,5.484845638E-1
1.752002289E2,3.677155972E-1,4.819969535E-1,5.913062692E-1
1.752102369E2,4.172027111E-1,4.526728988E-1,6.430283189E-1
1.752202449E2,5.055189729E-1,3.675909042E-1,7.141581178E-1
1.752302529E2,6.191840172E-1,2.120351344E-1,7.938406467E-1
1.752402609E2,7.501747608E-1,-1.457731985E-2,8.724823594E-1
1.752502689E2,8.902705908E-1,-2.143644691E-1,9.411793947E-1
1.752602769E2,9.912948608E-1,-3.420031071E-1,9.989188910E-1
1.752702849E2,1.017290235E0,-4.049701095E-1,1.045589447E0
1.752802929E2,9.493554831E-1,-3.985772729E-1,1.077692509E0
1.752903009E2,7.960208058E-1,-3.330672383E-1,1.087945104E0
1.753003089E2,5.818851590E-1,-2.541601658E-1,1.083258510E0
1.753103169E2,3.507052064E-1,-1.768646091E-1,1.052144766E0
1.753203249E2,1.641122699E-1,-9.971094877E-2,1.014228940E0
1.753303319E2,5.434342474E-2,-1.127456129E-2,9.826700687E-1
1.753403409E2,2.781372890E-2,8.317738771E-2,9.751135111E-1
1.753503479E2,8.710794151E-2,1.807904989E-1,9.993421435E-1
1.753603559E2,1.863433570E-1,2.695274353E-1,1.056715012E0
1.753703639E2,2.814198136E-1,3.151444495E-1,1.126921415E0
1.753803719E2,3.449493945E-1,3.271589875E-1,1.179226518E0
1.753903799E2,3.725373745E-1,3.318261802E-1,1.192922115E0
1.754003879E2,3.615266085E-1,3.212036192E-1,1.185322046E0
1.754103959E2,3.141306043E-1,3.172224760E-1,1.163328767E0
1.754204039E2,2.477524579E-1,3.067540824E-1,1.130453706E0
1.754304119E2,1.874726117E-1,2.746315897E-1,1.089220524E0
1.754404199E2,1.535162032E-1,2.626678050E-1,1.061701179E0
1.754504279E2,1.378922313E-1,2.862391770E-1,1.060232162E0
1.754604359E2,1.425153613E-1,3.186541796E-1,1.066648602E0
1.754704439E2,1.462075710E-1,3.750348985E-1,1.101141930E0
1.754804519E2,1.418341398E-1,4.489523172E-1,1.153797746E0
1.754904599E2,1.087922975E-1,5.062800646E-1,1.200626731E0
1.755004679E2,4.268208146E-2,5.231828690E-1,1.221668959E0
1.755104759E2,-2.900941670E-2,5.166264176E-1,1.215786099E0
1.755204839E2,-9.149067849E-2,4.634510577E-1,1.195656896E0
1.755304919E2,-1.173750088E-1,3.770434558E-1,1.175987363E0
1.755404999E2,-1.095383167E-1,3.069330454E-1,1.156914115E0
1.755505079E2,-7.722511888E-2,2.698767781E-1,1.152188301E0
1.755605159E2,-5.691085756E-2,2.487046570E-1,1.169355989E0
1.755705239E2,-8.580536395E-2,2.270560861E-1,1.180262327E0
1.755805319E2,-1.633911580E-1,1.972972602E-1,1.164140821E0
1.755905399E2,-2.639331818E-1,1.674991548E-1,1.122564316E0
1.756005479E2,-3.598489761E-1,1.402523071E-1,1.069243193E0
1.756105559E2,-4.247757792E-1,1.109263748E-1,1.023662329E0
1.756205639E2,-4.475968480E-1,1.082625836E-1,9.914492369E-1
1.756305709E2,-4.112889171E-1,1.643098742E-1,9.859628081E-1
1.756405789E2,-3.395021856E-1,2.670578957E-1,1.003315926E0
1.756505869E2,-2.556381822E-1,3.937013447E-1,1.045508385E0
1.756605949E2,-1.859174967E-1,4.946236014E-1,1.094287992E0
1.756706029E2,-1.468782276E-1,5.475459099E-1,1.141187072E0
1.756806109E2,-1.447382420E-1,5.440052748E-1,1.172306061E0
1.756906189E2,-1.669878811E-1,4.985011816E-1,1.187903404E0
1.757006269E2,-2.005006224E-1,4.201504588E-1,1.184424520E0
1.757106349E2,-2.248943895E-1,3.406518996E-1,1.176308274E0
1.757206429E2,-2.323098481E-1,2.641728222E-1,1.177954078E0
1.757306509E2,-2.218116820E-1,2.149011493E-1,1.188437343E0
1.757406589E2,-1.939909309E-1,1.914755404E-1,1.199575782E0
1.757506669E2,-1.575423777E-1,1.835079044E-1,1.210089684E0
1.757606749E2,-1.285702437E-1,1.904331893E-1,1.222719312E0
1.757706829E2,-1.218446940E-1,1.982751340E-1,1.230975151E0
1.757806909E2,-1.338990629E-1,2.132946551E-1,1.231081128E0
1.757906989E2,-1.651270241E-1,2.150382251E-1,1.213744283E0
1.758007069E2,-2.064747661E-1,1.989749968E-1,1.180803180E0
1.758107149E2,-2.431840450E-1,1.784734577E-1,1.143321872E0
1.758207229E2,-2.740688324E-1,1.431501508E-1,1.110930800E0
1.758307309E2,-2.920110822E-1,1.141722873E-1,1.095424056E0
1.758407389E2,-2.911987603E-1,8.599421382E-2,1.088833213E0
1.758507469E2,-2.586871386E-1,8.798120171E-2,1.092622638E0
1.758607549E2,-2.111435980E-1,1.039556414E-1,1.105516315E0
1.758707629E2,-1.693133265E-1,1.250654608E-1,1.121870041E0
1.758807709E2,-1.384752095E-1,1.417567283E-1,1.138272285E0
1.758907789E2,-1.215819865E-1,1.418872178E-1,1.137939930E0
1.759007869E2,-1.154237837E-1,1.297674477E-1,1.125400782E0
1.759107949E2,-1.143651828E-1,1.194519550E-1,1.101166487E0
1.759208019E2,-1.278531849E-1,1.097150818E-1,1.073274136E0
1.759308099E2,-1.367212534E-1,1.045259088E-1,1.042239189E0
1.759408179E2,-1.407959163E-1,1.160709709E-1,1.019449711E0
1.759508259E2,-1.456801593E-1,1.437643766E-1,1.001632571E0
1.759608339E2,-1.502594203E-1,1.807427406E-1,9.858002067E-1
1.759708419E2,-1.458297968E-1,2.123017311E-1,9.599508047E-1
1.759808499E2,-1.381253600E-1,2.307642698E-1,9.307853580E-1
1.759908579E2,-1.334842741E-1,2.283266783E-1,8.985608220E-1
1.760008659E2,-1.316674352E-1,2.090870291E-1,8.730192780E-1
1.760108739E2,-1.299411803E-1,1.673449129E-1,8.440081477E-1
1.760208815E2,-1.301229447E-1,1.173753962E-1,8.204300404E-1
1.760308895E2,-1.326071322E-1,5.915389955E-2,8.046766520E-1
1.760408975E2,-1.286818981E-1,2.318230923E-3,7.886480093E-1
1.760509055E2,-1.115652323E-1,-3.377266228E-2,7.745042443E-1
1.760609135E2,-7.402606308E-2,-5.462052673E-2,7.589188814E-1
1.760709215E2,-3.088791482E-2,-5.975963175E-2,7.438611388E-1
1.760809295E2,1.053644344E-2,-4.998900369E-2,7.251175046E-1
1.760909375E2,5.119652301E-2,-3.214449435E-2,7.033831477E-1
1.761009455E2,9.645235538E-2,-9.099552408E-3,6.881715059E-1
1.761109535E2,1.522948593E-1,1.804365218E-2,6.734557152E-1
1.761209615E2,2.004962415E-1,1.817858778E-2,6.584175229E-1
1.761309695E2,2.202752680E-1,-2.841794118E-2,6.331700087E-1
1.761409775E2,2.019619495E-1,-1.199749336E-1,6.088327765E-1
1.761509855E2,1.561502516E-1,-2.267716676E-1,5.797878504E-1
1.761609935E2,1.113591641E-1,-2.991369665E-1,5.417770743E-1
1.761710015E2,7.877591997E-2,-3.441270590E-1,4.865433574E-1
1.761810095E2,5.271138996E-2,-3.215945959E-1,4.291642308E-1
1.761910175E2,1.913532428E-2,-2.292502820E-1,3.855152726E-1
1.762010255E2,-4.589198157E-2,-1.168975532E-1,3.556258976E-1
1.762110335E2,-1.323491037E-1,-5.364694446E-2,3.402386904E-1
1.762210415E2,-2.352281511E-1,-7.901223004E-2,3.194289804E-1
1.762310495E2,-3.180101216E-1,-1.680957526E-1,2.904686928E-1
1.762410565E2,-3.639509678E-1,-2.463322431E-1,2.478863746E-1
1.762510645E2,-3.794796169E-1,-2.666058242E-1,2.037719041E-1
1.762610725E2,-3.384301960E-1,-2.172499150E-1,1.760029942E-1
1.762710805E2,-2.455061078E-1,-1.010442153E-1,1.840686351E-1
1.762810885E2,-1.173463240E-1,6.373053789E-2,2.294122726E-1
1.762910965E2,2.080861852E-2,2.343454212E-1,3.149437010E-1
1.763011045E2,1.380754560E-1,3.394077420E-1,4.152240455E-1
1.763111125E2,2.315058112E-1,3.748528361E-1,4.927345514E-1
1.763211205E2,2.937839627E-1,3.314372003E-1,5.401121974E-1
1.763311285E2,3.417727947E-1,2.538648844E-1,5.670863390E-1
1.763411365E2,3.739033043E-1,1.558133215E-1,5.857312679E-1
1.763511445E2,4.027674496E-1,6.421682984E-2,6.013581157E-1
1.763611525E2,4.195370972E-1,-1.839077659E-2,6.253390312E-1
1.763711605E2,4.174600840E-1,-9.235981107E-2,6.508030891E-1
1.763811685E2,3.922229409E-1,-1.496520340E-1,6.713045239E-1
1.763911765E2,3.391642570E-1,-2.018587738E-1,6.845537424E-1
1.764011845E2,2.652832568E-1,-2.434495389E-1,6.849117279E-1
1.764111925E2,1.836144775E-1,-2.863112688E-1,6.663668156E-1
1.764212005E2,1.019746736E-1,-3.203692734E-1,6.142916679E-1
1.764312085E2,2.814652398E-2,-3.194440901E-1,5.518773198E-1
1.764412165E2,-4.577483237E-2,-2.791761160E-1,5.017786622E-1
1.764512245E2,-1.146716103E-1,-2.061719596E-1,4.716476500E-1
1.764612325E2,-1.523663849E-1,-1.331753135E-1,4.668735862E-1
1.764712405E2,-1.476504654E-1,-5.322083831E-2,4.814466834E-1
1.764812485E2,-1.123555601E-1,8.699876256E-3,5.183401108E-1
1.764912565E2,-5.477215722E-2,2.208119631E-2,5.589679480E-1
1.765012645E2,1.446014084E-2,-3.962213639E-3,5.821852088E-1
1.765112725E2,7.620713115E-2,-5.758895725E-2,5.919952393E-1
1.765212805E2,1.158558354E-1,-1.240518689E-1,5.872873068E-1
1.765312885E2,1.240109652E-1,-1.798030138E-1,5.774338841E-1
1.765412965E2,1.016416177E-1,-1.970975846E-1,5.629410148E-1
1.765513045E2,5.197180063E-2,-1.810110360E-1,5.547661781E-1
1.765613125E2,-4.087578040E-3,-1.211797372E-1,5.462495089E-1
1.765713195E2,-5.998279899E-2,-4.048676044E-2,5.407117605E-1
1.765813275E2,-1.024841517E-1,6.322933733E-2,5.422788858E-1
1.765913355E2,-1.233289838E-1,1.667061895E-1,5.565478206E-1
1.766013435E2,-1.286337674E-1,2.483182251E-1,5.845013857E-1
1.766113515E2,-1.261066943E-1,2.840314806E-1,6.163232327E-1
1.766213595E2,-1.186769679E-1,2.726266980E-1,6.499852538E-1
1.766313675E2,-1.075143218E-1,2.358974367E-1,6.940320730E-1
1.766413755E2,-8.831530809E-2,1.889672130E-1,7.435982823E-1
1.766513835E2,-7.813031226E-2,1.274268776E-1,7.909740210E-1
1.766613915E2,-7.249646634E-2,6.682709605E-2,8.313994408E-1
1.766713995E2,-7.225091755E-2,1.789763570E-2,8.693508506E-1
1.766814075E2,-7.331815362E-2,-1.131635718E-2,9.074247479E-1
1.766914155E2,-7.296501845E-2,-2.866924927E-2,9.454187751E-1
1.767014235E2,-7.629033178E-2,-3.903054073E-2,9.693720341E-1
1.767114315E2,-8.339139074E-2,-4.151447117E-2,9.831640124E-1
1.767214395E2,-9.196034074E-2,-4.286363721E-2,9.860684276E-1
1.767314475E2,-1.033900976E-1,-3.063812666E-2,9.913095236E-1
1.767414555E2,-1.162663847E-1,-1.399140991E-2,9.860669971E-1
1.767514635E2,-1.259981096E-1,2.084228210E-3,9.742140770E-1
1.767614715E2,-1.163750067E-1,3.153186291E-2,9.641959667E-1
1.767714795E2,-8.519764990E-2,7.125930488E-2,9.574885368E-1
1.767814875E2,-4.623632878E-2,1.215672120E-1,9.467678070E-1
1.767914955E2,-1.885903254E-2,1.655418575E-1,9.400662184E-1
1.768015035E2,-8.821180090E-3,2.134443074E-1,9.289579988E-1
1.768115115E2,-2.299186029E-2,2.502148449E-1,9.179748893E-1
1.768215195E2,-6.252069026E-2,2.767893970E-1,9.105014205E-1
1.768315275E2,-9.982837737E-2,3.013099134E-1,8.996658325E-1
1.768415355E2,-1.338201761E-1,3.285223544E-1,8.987722993E-1
1.768515435E2,-1.659352332E-1,3.511264622E-1,8.998498321E-1
1.768615515E2,-2.000354379E-1,3.532544971E-1,9.001981020E-1
1.768715595E2,-2.278020978E-1,3.508424759E-1,9.094831944E-1
1.768815675E2,-2.504754961E-1,3.427228630E-1,9.171531796E-1
1.768915755E2,-2.595669925E-1,3.330145478E-1,9.259296656E-1
1.769015835E2,-2.556993961E-1,3.330296278E-1,9.377052784E-1
1.769115915E2,-2.565617263E-1,3.420399129E-1,9.499329329E-1
1.769215995E2,-2.489181608E-1,3.531810641E-1,9.660954475E-1
1.769316075E2,-2.359576225E-1,3.678002357E-1,9.874705076E-1
1.769416145E2,-2.220222056E-1,3.900197446E-1,1.010958791E0
1.769516225E2,-2.010266334E-1,4.089031816E-1,1.039008260E0
1.769616305E2,-1.695718169E-1,4.066726267E-1,1.062252164E0
1.769716385E2,-1.261007637E-1,4.056534469E-1,1.082784057E0
1.769816465E2,-7.275678217E-2,4.242559075E-1,1.100484490E0
1.769916545E2,-2.922022343E-2,4.478847980E-1,1.115564585E0
1.770016625E2,2.122320794E-2,4.870301485E-1,1.138357401E0
1.770116705E2,7.920847833E-2,5.420569181E-1,1.160078764E0
1.770216787E2,1.435154527E-1,5.997411609E-1,1.188997269E0
1.770316867E2,1.984388977E-1,6.432572007E-1,1.218114495E0
1.770416947E2,2.387033254E-1,6.660756469E-1,1.251783490E0
1.770517027E2,2.645389438E-1,6.655144691E-1,1.281546354E0
1.770617107E2,2.797479033E-1,6.359562278E-1,1.309759021E0
1.770717187E2,2.726886570E-1,5.676136613E-1,1.337182641E0
1.770817267E2,2.481410950E-1,4.866969883E-1,1.360318661E0
1.770917347E2,2.059102803E-1,4.036447108E-1,1.379878283E0
1.771017427E2,1.480965018E-1,3.204269707E-1,1.396208048E0
1.771117507E2,8.362030983E-2,2.520790696E-1,1.401329279E0
1.771217587E2,3.042057157E-2,2.244603932E-1,1.389622808E0
1.771317667E2,-6.562479772E-3,2.428753525E-1,1.377188802E0
1.771417747E2,-4.810563475E-2,2.680974305E-1,1.354778886E0
1.771517827E2,-1.130875647E-1,3.037385046E-1,1.336405635E0
1.771617907E2,-1.988096237E-1,3.239600062E-1,1.333131194E0
1.771717987E2,-3.007783592E-1,3.183673620E-1,1.330556989E0
1.771818067E2,-3.732208610E-1,2.780420482E-1,1.332867503E0
1.771918147E2,-3.920267522E-1,1.823602617E-1,1.348704338E0
1.772018227E2,-3.214898407E-1,7.068734616E-2,1.377825499E0
1.772118307E2,-1.552611887E-1,-3.343746066E-2,1.426760793E0
1.772218387E2,7.001301646E-2,-5.296020582E-2,1.486628771E0
1.772318467E2,2.997620404E-1,1.237059571E-2,1.552596331E0
1.772418547E2,4.735994041E-1,8.603832126E-2,1.616373301E0
1.772518627E2,5.722221136E-1,1.330947727E-1,1.660488605E0
1.772618707E2,6.087133884E-1,1.608315259E-1,1.689228177E0
1.772718787E2,5.989278555E-1,1.560615301E-1,1.707654953E0
1.772818867E2,5.664442182E-1,1.387826651E-1,1.693516970E0
1.772918947E2,5.271068811E-1,1.054777056E-1,1.660033107E0
1.773019027E2,4.651889503E-1,7.739389688E-2,1.608039737E0
1.773119107E2,3.910990059E-1,8.800659329E-2,1.549190521E0
1.773219187E2,3.132188618E-1,1.463923156E-1,1.493626714E0
1.773319267E2,2.258367985E-1,2.227541953E-1,1.455712080E0
1.773419347E2,1.388212740E-1,3.071503639E-1,1.436993361E0
1.773519417E2,5.145840347E-2,3.897248805E-1,1.435605526E0
1.773619497E2,-3.201720864E-2,4.578542411E-1,1.448360562E0
1.773719577E2,-1.014647335E-1,4.881213307E-1,1.471559644E0
1.773819657E2,-1.635432392E-1,4.575410485E-1,1.496233344E0
1.773919737E2,-2.173590660E-1,3.708391786E-1,1.512538314E0
1.774019817E2,-2.679461837E-1,2.593156099E-1,1.520710707E0
1.774119897E2,-3.266654313E-1,1.349187940E-1,1.513081312E0
1.774219977E2,-3.831823170E-1,2.747044899E-2,1.490037560E0
1.774320057E2,-4.198487103E-1,-5.034552142E-2,1.466609478E0
1.774420137E2,-4.512395263E-1,-9.625894576E-2,1.440751791E0
1.774520217E2,-4.532155693E-1,-1.057930589E-1,1.417024851E0
1.774620297E2,-4.288567305E-1,-8.418248594E-2,1.405465364E0
1.774720377E2,-3.937541544E-1,-5.757750943E-2,1.397137642E0
1.774820457E2,-3.683345020E-1,5.988155957E-3,1.396638274E0
1.774920537E2,-3.469772637E-1,9.730421752E-2,1.404173374E0
1.775020617E2,-3.353590667E-1,2.129178941E-1,1.411564708E0
1.775120697E2,-3.255810142E-1,3.378712535E-1,1.425160885E0
1.775220777E2,-3.309684098E-1,4.355194569E-1,1.440225005E0
1.775320857E2,-3.493197262E-1,4.847296178E-1,1.455365658E0
1.775420937E2,-3.714297116E-1,4.881514013E-1,1.469371319E0
1.775521017E2,-4.008856118E-1,4.375073910E-1,1.477544308E0
1.775621097E2,-4.327748120E-1,3.288727701E-1,1.488121271E0
1.775721177E2,-4.486885369E-1,1.797924638E-1,1.493391871E0
1.775821257E2,-4.296647012E-1,2.868982218E-2,1.496624947E0
1.775921337E2,-3.765234351E-1,-9.262488782E-2,1.501827598E0
1.776021417E2,-3.107960820E-1,-1.758621633E-1,1.495084286E0
1.776121497E2,-2.471515834E-1,-2.186165601E-1,1.467779875E0
1.776221577E2,-1.957564056E-1,-2.422849536E-1,1.426175475E0
1.776321657E2,-1.601153314E-1,-2.453563660E-1,1.377829194E0
1.776421737E2,-1.327443868E-1,-1.989441514E-1,1.330265045E0
1.776521817E2,-1.369868070E-1,-1.541106254E-1,1.283892751E0
1.776621897E2,-1.662610769E-1,-1.127443612E-1,1.227383733E0
1.776721977E2,-2.050292492E-1,-5.297130346E-2,1.159995914E0
1.776822057E2,-2.518575191E-1,3.085228801E-2,1.082206011E0
1.776922137E2,-3.064850867E-1,1.123562008E-1,1.019270182E0
1.777022217E2,-3.483891785E-1,1.736504436E-1,9.766247272E-1
1.777122297E2,-3.638445735E-1,2.073234469E-1,9.559652805E-1
1.777222377E2,-3.347072005E-1,2.158571482E-1,9.444230199E-1
1.777322457E2,-2.640394270E-1,1.985931993E-1,9.416546226E-1
1.777422537E2,-1.732071340E-1,1.615412682E-1,9.416297078E-1
1.777522617E2,-7.772827893E-2,1.167072058E-1,9.431812763E-1
1.777622697E2,3.630539402E-3,5.699260160E-2,9.432386756E-1
1.777722777E2,6.234072521E-2,-1.759987883E-2,9.353109598E-1
1.777822857E2,1.040719151E-1,-9.635268897E-2,9.163066745E-1
1.777922937E2,1.422592402E-1,-1.654912829E-1,8.873562217E-1
1.778023007E2,1.796245575E-1,-2.165517360E-1,8.505200148E-1
1.778123087E2,2.109992653E-1,-2.344897240E-1,8.089691401E-1
1.778223167E2,2.208005339E-1,-2.355291247E-1,7.744327188E-1
1.778323247E2,2.068415731E-1,-2.311966866E-1,7.399075031E-1
1.778423327E2,1.917106807E-1,-2.186618149E-1,7.072389126E-1
1.778523407E2,1.963285953E-1,-1.973123252E-1,6.724977493E-1
1.778623487E2,2.250504643E-1,-1.599111557E-1,6.324155927E-1
1.778723567E2,2.559039891E-1,-1.247049794E-1,5.847061276E-1
1.778823647E2,2.689164579E-1,-1.015283614E-1,5.407611728E-1
1.778923727E2,2.478985190E-1,-1.001864001E-1,5.031054020E-1
1.779023807E2,2.090901136E-1,-1.237318516E-1,4.706690311E-1
1.779123887E2,1.666513085E-1,-1.702484936E-1,4.457309246E-1
1.779223967E2,1.514171809E-1,-2.164994329E-1,4.179388583E-1
1.779324047E2,1.735930592E-1,-2.377575785E-1,3.917983472E-1
1.779424127E2,2.261865735E-1,-2.413804531E-1,3.625313640E-1
1.779524207E2,2.938098311E-1,-2.344493121E-1,3.225346804E-1
1.779624287E2,3.493114412E-1,-2.292495668E-1,2.709691525E-1
1.779724367E2,3.982627392E-1,-2.201245129E-1,2.086138874E-1
1.779824447E2,4.248180091E-1,-2.216158956E-1,1.407472044E-1
1.779924527E2,4.264899194E-1,-2.032587230E-1,7.541987300E-2
1.780024607E2,4.139547050E-1,-1.613157988E-1,1.721089520E-2
1.780124687E2,3.729785085E-1,-1.400243640E-1,-3.987076506E-2
1.780224765E2,3.156752288E-1,-1.633068770E-1,-9.191782027E-2
1.780324845E2,2.494837046E-1,-2.322435975E-1,-1.485379636E-1
1.780424925E2,1.625252515E-1,-3.409509361E-1,-2.238055766E-1
1.780525005E2,4.402975738E-2,-4.382473826E-1,-3.048948348E-1
1.780625085E2,-1.077460274E-1,-4.998143315E-1,-3.885425925E-1
1.780725165E2,-2.668595314E-1,-4.965863228E-1,-4.695239961E-1
1.780825245E2,-3.938508332E-1,-4.042330384E-1,-5.319283605E-1
1.780925325E2,-4.596559405E-1,-2.227143943E-1,-5.541388392E-1
1.781025405E2,-4.575549364E-1,1.512504555E-2,-5.226016641E-1
1.781125485E2,-3.903410137E-1,2.646520734E-1,-4.445484281E-1
1.781225565E2,-2.647940814E-1,4.687599242E-1,-3.387607336E-1
1.781325645E2,-1.006038189E-1,5.753942132E-1,-2.184279412E-1
1.781425725E2,7.592166960E-2,5.673250556E-1,-9.804648161E-2
1.781525805E2,2.488740236E-1,4.662375748E-1,-7.978104986E-3
1.781625885E2,3.993637264E-1,2.984664440E-1,6.031577289E-2
1.781725965E2,5.173375010E-1,1.022697762E-1,1.047359705E-1
1.781826045E2,5.943903923E-1,-7.709575444E-2,1.380890906E-1
1.781926125E2,6.252945065E-1,-2.105115950E-1,1.661473662E-1
1.782026205E2,6.098076701E-1,-2.983231246E-1,1.906527877E-1
1.782126285E2,5.608528852E-1,-3.449111283E-1,1.975871325E-1
1.782226365E2,4.883679450E-1,-3.458983600E-1,1.907683760E-1
1.782326445E2,3.919239640E-1,-2.974232137E-1,1.691714823E-1
1.782426525E2,2.793812752E-1,-2.178805768E-1,1.456577778E-1
1.782526605E2,1.451257169E-1,-1.320628673E-1,1.215540469E-1
1.782626675E2,2.679252531E-3,-5.833565444E-2,9.734245390E-2
1.782726755E2,-1.322370321E-1,-1.984098926E-2,8.499470353E-2
1.782826835E2,-2.400354296E-1,-3.224658594E-2,7.231295109E-2
1.782926915E2,-3.112353086E-1,-7.806892693E-2,6.435089558E-2
1.783026995E2,-3.420355916E-1,-1.215190366E-1,6.735696644E-2
1.783127075E2,-3.443589211E-1,-1.394562274E-1,8.287493885E-2
1.783227155E2,-3.243403733E-1,-1.284007430E-1,1.123946533E-1
1.783327235E2,-2.875032425E-1,-9.699727595E-2,1.564316154E-1
1.783427315E2,-2.352400273E-1,-4.720568657E-2,2.170239389E-1
1.783527395E2,-1.742901355E-1,3.027656581E-3,2.843656838E-1
1.783627475E2,-1.264611185E-1,2.554383129E-2,3.451600075E-1
1.783727555E2,-9.436950833E-2,6.905431859E-3,3.975150883E-1
1.783827635E2,-9.077756852E-2,-2.955448255E-2,4.266227484E-1
1.783927715E2,-1.100932062E-1,-7.286334038E-2,4.631538689E-1
1.784027795E2,-1.343181580E-1,-1.211011931E-1,5.055963397E-1
1.784127875E2,-1.591502726E-1,-1.481480002E-1,5.335576534E-1
1.784227955E2,-1.723451912E-1,-1.451057047E-1,5.590314865E-1
1.784328035E2,-1.797964573E-1,-1.338000596E-1,5.924201012E-1
1.784428115E2,-1.823343188E-1,-1.096902490E-1,6.296219826E-1
1.784528195E2,-1.816171259E-1,-8.312946558E-2,6.770364046E-1
1.784628275E2,-1.758634746E-1,-6.531809270E-2,7.215203643E-1
1.784728355E2,-1.689453721E-1,-5.678479373E-2,7.654113770E-1
1.784828435E2,-1.543100625E-1,-5.928729475E-2,8.004477620E-1
1.784928515E2,-1.345928162E-1,-6.419789791E-2,8.287611604E-1
1.785028595E2,-1.167625487E-1,-7.496488839E-2,8.489073515E-1
1.785128675E2,-1.072707772E-1,-8.277434111E-2,8.584782481E-1
1.785228755E2,-1.019950956E-1,-7.601864636E-2,8.657183647E-1
1.785328835E2,-1.050308272E-1,-7.027021796E-2,8.695408106E-1
1.785428915E2,-1.129164249E-1,-6.093656272E-2,8.695954680E-1
1.785528995E2,-1.164216772E-1,-6.576327235E-2,8.580194712E-1
1.785629075E2,-1.118357778E-1,-6.462238729E-2,8.443537354E-1
1.785729155E2,-9.851011634E-2,-4.600795358E-2,8.278685212E-1
1.785829235E2,-8.732477576E-2,-1.042971201E-2,8.131734729E-1
1.785929315E2,-7.953316718E-2,4.680668190E-2,7.949649096E-1
1.786029395E2,-7.293657959E-2,1.162129119E-1,7.747821212E-1
1.786129475E2,-7.208810002E-2,1.753766239E-1,7.527804375E-1
1.786229555E2,-7.755743712E-2,2.178502530E-1,7.225981951E-1
1.786329635E2,-8.744681627E-2,2.437646687E-1,6.892170906E-1
1.786429715E2,-9.518656135E-2,2.621861100E-1,6.567261219E-1
1.786529795E2,-1.022718996E-1,2.812080085E-1,6.241593957E-1
1.786629875E2,-1.055239812E-1,3.002479076E-1,5.947675109E-1
1.786729955E2,-9.873798490E-2,3.114004135E-1,5.675795674E-1
1.786830035E2,-7.295458764E-2,3.366495967E-1,5.509902239E-1
1.786930115E2,-2.685048059E-2,3.748350441E-1,5.394139886E-1
1.787030195E2,3.119758144E-2,4.181639552E-1,5.345029235E-1
1.787130275E2,9.932842851E-2,4.644382596E-1,5.295374393E-1
1.787230355E2,1.687151641E-1,5.119450092E-1,5.237671137E-1
1.787330435E2,2.283768952E-1,5.504466295E-1,5.150694847E-1
1.787430515E2,2.613123357E-1,5.745131373E-1,5.044934154E-1
1.787530595E2,2.720819116E-1,5.890423059E-1,4.919587374E-1
1.787630675E2,2.593392432E-1,5.813151598E-1,4.805010557E-1
1.787730745E2,2.331086993E-1,5.478711724E-1,4.664661884E-1
1.787830825E2,2.075525671E-1,5.045452714E-1,4.461289346E-1
1.787930905E2,1.878209412E-1,4.599429369E-1,4.265041053E-1
1.788030985E2,1.613865793E-1,4.199999273E-1,4.055111110E-1
1.788131065E2,1.275481880E-1,3.830213845E-1,3.864218295E-1
1.788231145E2,8.262754232E-2,3.391339779E-1,3.745378852E-1
1.788331225E2,4.591879994E-2,3.031517267E-1,3.595067561E-1
1.788431305E2,2.460522018E-2,3.011585176E-1,3.443527222E-1
1.788531385E2,1.846370474E-2,3.499750495E-1,3.281154335E-1
1.788631465E2,1.567947306E-2,4.266946614E-1,3.190346360E-1
1.788731545E2,-1.274577621E-2,4.873875678E-1,3.153062165E-1
1.788831625E2,-6.957773864E-2,5.096687078E-1,3.162550926E-1
1.788931705E2,-1.483934522E-1,4.867540300E-1,3.317448497E-1
1.789031785E2,-2.217895687E-1,4.279713035E-1,3.429057896E-1
1.789131865E2,-2.790190279E-1,3.407360017E-1,3.445172608E-1
1.789231945E2,-3.170975447E-1,2.302489579E-1,3.335930407E-1
1.789332025E2,-3.252625167E-1,1.361752003E-1,3.250506818E-1
1.789432105E2,-3.051750064E-1,8.390816301E-2,3.294639587E-1
1.789532185E2,-2.506145835E-1,8.090411872E-2,3.583818972E-1
1.789632265E2,-1.666638255E-1,9.689089656E-2,4.017776847E-1
1.789732345E2,-6.937776506E-2,1.188843474E-1,4.552702010E-1
1.789832425E2,2.168546803E-2,1.083496436E-1,5.124590993E-1
1.789932505E2,1.032780632E-1,6.538672745E-2,5.567061901E-1
1.790032585E2,1.673769206E-1,-3.197215963E-3,5.793089271E-1
1.790132665E2,2.169609815E-1,-6.422914565E-2,5.897354484E-1
1.790232745E2,2.470738739E-1,-9.488040209E-2,5.792530775E-1
1.790332825E2,2.493764460E-1,-7.966603339E-2,5.571898818E-1
1.790432905E2,2.103980929E-1,-2.697799727E-2,5.241486430E-1
1.790532985E2,1.382999271E-1,6.990753859E-2,5.022422671E-1
1.790633065E2,5.322033539E-2,1.891460121E-1,4.879791439E-1
1.790733145E2,-2.606010810E-2,2.992773056E-1,4.888894260E-1
1.790833225E2,-9.083951265E-2,3.772271276E-1,4.989041090E-1
1.790933305E2,-1.379266083E-1,4.026160836E-1,5.131384134E-1
1.791033385E2,-1.674916893E-1,3.563293815E-1,5.226878524E-1
1.791133465E2,-1.850171536E-1,2.549127340E-1,5.233895779E-1
1.791233545E2,-1.747369021E-1,1.244600043E-1,5.202732086E-1
1.791333625E2,-1.456003189E-1,-1.883350872E-2,5.015676618E-1
1.791433705E2,-1.044342816E-1,-1.436831951E-1,4.711920321E-1
1.791533785E2,-8.017368615E-2,-2.425749004E-1,4.357168674E-1
1.791633865E2,-1.088404879E-1,-3.092609942E-1,3.909856081E-1
1.791733945E2,-1.722807139E-1,-3.413691223E-1,3.416503072E-1
1.791834025E2,-2.531115711E-1,-3.397727311E-1,2.845593989E-1
1.791934105E2,-3.310489953E-1,-3.092885911E-1,2.311102748E-1
1.792034185E2,-3.986259997E-1,-2.655133307E-1,1.737112403E-1
1.792134265E2,-4.513810873E-1,-2.069594860E-1,1.185984686E-1
1.792234345E2,-4.846176505E-1,-1.205085367E-1,7.035764307E-2
1.792334425E2,-4.887434244E-1,-1.908178441E-2,3.092901409E-2
1.792434505E2,-4.701487720E-1,8.687223494E-2,5.009520100E-4
1.792534585E2,-4.478823543E-1,1.730992496E-1,-2.406857349E-2
1.792634665E2,-4.306427240E-1,2.202693522E-1,-4.526821896E-2
1.792734745E2,-4.332142770E-1,2.226459533E-1,-6.372819096E-2
1.792834825E2,-4.551310539E-1,1.932967454E-1,-7.852854580E-2
1.792934895E2,-4.666303098E-1,1.571145058E-1,-9.503588080E-2
1.793034985E2,-4.573293626E-1,1.243228763E-1,-1.066415235E-1
1.793135055E2,-4.220725894E-1,1.106366292E-1,-1.118831560E-1
1.793235135E2,-3.561429381E-1,1.343798339E-1,-1.018674895E-1
1.793335215E2,-2.594185472E-1,1.581594646E-1,-7.961198688E-2
1.793435295E2,-1.459296942E-1,1.683220118E-1,-5.956671759E-2
1.793535375E2,-2.436465211E-2,1.294236183E-1,-3.759404272E-2
1.793635455E2,9.791471809E-2,4.738848284E-2,-2.469600178E-2
1.793735535E2,2.195234448E-1,-5.480952188E-2,-1.812331937E-2
1.793835615E2,3.294072747E-1,-1.708944738E-1,-2.417151444E-2
1.793935695E2,4.219374657E-1,-2.658225894E-1,-4.583553225E-2
1.794035775E2,4.949256778E-1,-3.077236712E-1,-7.854149491E-2
1.794135855E2,5.375503898E-1,-2.925249934E-1,-1.258573383E-1
1.794235935E2,5.358741879E-1,-2.472944558E-1,-1.724467576E-1
1.794336015E2,4.807091951E-1,-2.095662504E-1,-2.185276896E-1
1.794436095E2,3.871050179E-1,-1.869773120E-1,-2.627289593E-1
1.794536175E2,2.792680264E-1,-1.798411012E-1,-3.126720190E-1
1.794636255E2,1.793779880E-1,-1.789613813E-1,-3.670369089E-1
1.794736335E2,1.071048602E-1,-1.676994115E-1,-4.148007035E-1
1.794836415E2,6.355945021E-2,-1.405916065E-1,-4.425252378E-1
1.794936495E2,4.462437332E-2,-1.018223763E-1,-4.536013305E-1
1.795036575E2,5.116855353E-2,-3.380773216E-2,-4.458282292E-1
1.795136655E2,8.708155155E-2,4.684130847E-2,-4.246558249E-1
1.795236735E2,1.324795932E-1,1.374322474E-1,-3.981085420E-1
1.795336815E2,1.900499314E-1,2.405298799E-1,-3.713400662E-1
1.795436895E2,2.532405853E-1,3.305856586E-1,-3.458683491E-1
1.795536975E2,3.256285191E-1,3.758884370E-1,-3.133053184E-1
1.795637055E2,3.878287375E-1,3.819436431E-1,-2.963005304E-1
1.795737135E2,4.288232923E-1,3.323585093E-1,-2.817354202E-1
1.795837215E2,4.342073500E-1,2.308671474E-1,-2.693689466E-1
1.795937295E2,4.086234272E-1,1.009214073E-1,-2.691843808E-1
1.796037375E2,3.667911589E-1,-1.951109618E-2,-2.762139142E-1
1.796137455E2,3.071352839E-1,-1.170706749E-1,-2.922735810E-1
1.796237535E2,2.410209477E-1,-1.649204046E-1,-3.082087338E-1
1.796337615E2,1.783759445E-1,-1.621091664E-1,-3.203759193E-1
1.796437695E2,1.224749237E-1,-1.236312017E-1,-3.221790791E-1
1.796537775E2,7.714366168E-2,-6.849470735E-2,-3.192125857E-1
1.796637855E2,4.677870125E-2,-7.841844112E-3,-3.173194528E-1
1.796737935E2,4.365454987E-2,9.332152456E-2,-3.057280183E-1
1.796838015E2,5.440346524E-2,1.860818416E-1,-2.778638899E-1
1.796938095E2,6.092261523E-2,2.412470877E-1,-2.410787195E-1
1.797038175E2,6.317808479E-2,2.654924989E-1,-1.964380294E-1
1.797138255E2,5.049184337E-2,2.542406321E-1,-1.537896395E-1
1.797238335E2,2.339937538E-2,2.292121947E-1,-1.309195161E-1
1.797338415E2,4.437403288E-3,1.856631190E-1,-1.100848019E-1
1.797438495E2,2.450955799E-5,1.304861307E-1,-8.929380774E-2
1.797538575E2,2.032266464E-3,8.929768205E-2,-7.368847728E-2
1.797638655E2,6.338298786E-3,5.714809150E-2,-5.989294872E-2
1.797738735E2,6.013392936E-3,4.391697422E-2,-5.534293875E-2
1.797838815E2,-2.238376066E-3,3.339054435E-2,-5.084754154E-2
1.797938895E2,-2.047144249E-2,4.186152667E-2,-6.110204384E-2
1.798038975E2,-3.399730101E-2,6.417144835E-2,-6.171262264E-2
1.798139055E2,-5.129133910E-2,8.393876255E-2,-5.622730777E-2
1.798239135E2,-6.889253110E-2,1.085118204E-1,-4.911472648E-2
1.798339205E2,-7.981202751E-2,1.209700927E-1,-3.768417239E-2
1.798439295E2,-9.607013315E-2,1.147090197E-1,-3.266089782E-2
1.798539365E2,-1.183160469E-1,9.330972284E-2,-2.950372174E-2
1.798639445E2,-1.388250291E-1,5.962730199E-2,-3.523409739E-2
1.798739525E2,-1.479567438E-1,2.980709262E-2,-4.213301837E-2
1.798839605E2,-1.460082382E-1,1.529861987E-2,-4.687571153E-2
1.798939685E2,-1.414544880E-1,1.103463303E-2,-3.653785214E-2
1.799039765E2,-1.362484246E-1,4.744563252E-3,-1.021829806E-2
1.799139845E2,-1.217400655E-1,4.495824222E-3,2.457483485E-2
1.799239925E2,-9.682660550E-2,2.641358413E-3,6.236710027E-2
1.799340005E2,-5.205859616E-2,-1.693468541E-3,1.001688167E-1
1.799440085E2,7.727304008E-3,-1.119093783E-2,1.259997785E-1
1.799540165E2,7.849708200E-2,-1.747972518E-2,1.463889331E-1
1.799640245E2,1.387210041E-1,-2.691200376E-2,1.666631550E-1
1.799740325E2,1.755890101E-1,-3.386098891E-2,1.816208065E-1
1.799840405E2,1.904055476E-1,-3.609246016E-2,1.924542636E-1
1.799940485E2,1.841708124E-1,-4.914034903E-2,2.001001984E-1
1.800040565E2,1.568182111E-1,-6.986846775E-2,1.942101419E-1
1.800140645E2,1.207201406E-1,-6.982745975E-2,1.818315089E-1
1.800240725E2,8.494851738E-2,-5.529376864E-2,1.735110134E-1
1.800340805E2,5.265716091E-2,-2.458912134E-2,1.708241403E-1
1.800440885E2,2.966339514E-2,-9.061023593E-5,1.720751226E-1
1.800540965E2,1.481494121E-2,5.877533928E-3,1.770909131E-1
1.800641045E2,1.400291268E-2,-7.704929449E-3,1.847815365E-1
1.800741125E2,1.536032651E-2,-3.426543623E-2,1.935201734E-1
1.800841205E2,1.683538221E-2,-8.160190284E-2,1.944846362E-1
1.800941285E2,7.529232651E-3,-1.193442196E-1,1.977472752E-1
1.801041365E2,-7.264161948E-3,-1.351243258E-1,2.024484724E-1
1.801141445E2,-2.586474456E-2,-1.331962049E-1,1.993315071E-1
1.801241525E2,-4.134799168E-2,-1.166046485E-1,1.878248453E-1
1.801341605E2,-6.206338853E-2,-9.523598105E-2,1.746962667E-1
1.801441685E2,-9.699188173E-2,-9.045902640E-2,1.538360268E-1
1.801541765E2,-1.263018399E-1,-7.784230262E-2,1.312934309E-1
1.801641845E2,-1.357125491E-1,-5.526224151E-2,1.200316474E-1
1.801741925E2,-1.346906871E-1,-3.860124201E-2,1.227731109E-1
1.801842005E2,-1.180028915E-1,-2.467069216E-2,1.311181933E-1
1.801942085E2,-8.881970495E-2,-1.474802196E-2,1.391886324E-1
1.802042165E2,-6.546797603E-2,-1.599296369E-2,1.378739327E-1
1.802142245E2,-5.488884076E-2,-2.112194523E-2,1.311856657E-1
1.802242325E2,-5.918427929E-2,-2.401843295E-2,1.255972534E-1
1.802342405E2,-6.873836368E-2,-1.422918681E-2,1.228467450E-1
1.802442485E2,-7.533711940E-2,7.664615288E-3,1.174862906E-1
1.802542565E2,-7.871267945E-2,3.337370604E-2,1.142497510E-1
1.802642645E2,-7.436603308E-2,6.532539427E-2,1.056793034E-1
1.802742725E2,-6.940935552E-2,9.345477074E-2,9.958812594E-2
1.802842805E2,-6.366601586E-2,1.050302908E-1,8.993797749E-2
1.802942885E2,-6.186944619E-2,1.015905514E-1,8.521353453E-2
1.803042965E2,-7.869533449E-2,7.668042183E-2,7.979934663E-2
1.803143045E2,-9.905147552E-2,4.752626643E-2,7.557743788E-2
1.803243125E2,-1.135172620E-1,1.932328939E-2,7.502872497E-2
1.803343205E2,-1.264820695E-1,-1.469087042E-2,7.660052180E-2
1.803443285E2,-1.358777881E-1,-3.109814413E-2,8.280216157E-2
1.803543365E2,-1.400357932E-1,-2.575823851E-2,9.789908677E-2
1.803643445E2,-1.404869556E-1,2.343176864E-3,1.054907143E-1
1.803743515E2,-1.273056418E-1,4.099256918E-2,1.066119000E-1
1.803843605E2,-9.523336589E-2,7.762967795E-2,1.150594354E-1
1.803943675E2,-6.849975139E-2,9.292607754E-2,1.228108332E-1
1.804043755E2,-5.716084689E-2,9.405089915E-2,1.298790276E-1
1.804143835E2,-4.987603799E-2,8.753627539E-2,1.364421248E-1
1.804243915E2,-5.728568509E-2,7.568094879E-2,1.351470351E-1
1.804343995E2,-7.185610384E-2,5.407392606E-2,1.348375678E-1
1.804444075E2,-8.175933361E-2,3.204341233E-2,1.268579066E-1
1.804544155E2,-8.801749349E-2,5.543626845E-3,1.203635186E-1
1.804644235E2,-8.597378433E-2,-1.223197393E-2,1.175125316E-1
1.804744315E2,-7.808896154E-2,-1.671513915E-2,1.146080866E-1
1.804844395E2,-6.398822367E-2,-2.289986610E-2,1.172973141E-1
1.804944475E2,-4.355138913E-2,-2.212914638E-2,1.172437817E-1
1.805044555E2,-3.036451899E-2,-2.128504030E-2,1.145091057E-1
1.805144635E2,-2.243096195E-2,-2.198305540E-2,1.110680327E-1
1.805244715E2,-2.290354110E-2,-2.412706800E-2,1.137661785E-1
1.805344795E2,-4.052594677E-2,-3.818615898E-2,1.068901643E-1
1.805444875E2,-5.724496767E-2,-5.325727910E-2,9.191998839E-2
1.805544955E2,-6.966727972E-2,-6.665431708E-2,7.416842133E-2
1.805645035E2,-7.094164193E-2,-6.209548935E-2,5.946725607E-2
1.805745115E2,-6.630560756E-2,-5.630018190E-2,5.255448818E-2
1.805845195E2,-6.670368463E-2,-5.104914308E-2,4.923707247E-2
1.805945275E2,-5.664546043E-2,-3.489654139E-2,4.754436761E-2
1.806045355E2,-3.208246082E-2,-1.483199745E-2,4.328732938E-2
1.806145435E2,-1.151709119E-3,4.529982805E-3,3.613860905E-2
1.806245515E2,2.260828204E-2,6.509330124E-3,2.486606315E-2
1.806345595E2,3.332990408E-2,2.250403166E-3,1.764649898E-2
1.806445675E2,3.227152675E-2,1.044298522E-2,9.681147523E-3
1.806545755E2,2.241011150E-2,2.354067750E-2,2.156119328E-3
1.806645835E2,7.385188714E-3,2.687494829E-2,-4.440803081E-3
1.806745915E2,-1.585115865E-2,2.366690524E-2,-1.281964127E-2
1.806845995E2,-3.998728469E-2,1.635548845E-2,-1.465611439E-2
1.806946075E2,-6.948552281E-2,-6.008141674E-3,-1.842981391E-2
1.807046155E2,-8.661597967E-2,-2.741917409E-2,-1.974971220E-2
1.807146235E2,-7.845339179E-2,-3.148076311E-2,-1.751611941E-2
1.807246315E2,-5.317562819E-2,-2.203134261E-2,-2.939312952E-3
1.807346395E2,-1.560987532E-2,-9.072933346E-3,1.237253100E-2
1.807446475E2,3.271271661E-2,7.180273533E-3,3.361650556E-2
1.807546555E2,7.487268746E-2,1.406054944E-2,6.646766514E-2
1.807646635E2,9.495931119E-2,-1.324265264E-3,8.812715113E-2
1.807746715E2,9.882835299E-2,-2.728502452E-2,1.086662486E-1
1.807846795E2,9.642381966E-2,-5.556853861E-2,1.082985252E-1
1.807946875E2,8.590539545E-2,-6.978289038E-2,9.899157286E-2
1.808046955E2,7.141943276E-2,-6.783708185E-2,9.001070261E-2
1.808147035E2,6.229330972E-2,-5.490397289E-2,8.416692913E-2
1.808247115E2,5.256734416E-2,-3.321731463E-2,7.783952355E-2
1.808347195E2,4.673741758E-2,-1.475575007E-2,7.635214925E-2
1.808447275E2,4.375844449E-2,4.551084712E-3,8.115807176E-2
1.808547355E2,4.969755933E-2,1.744424738E-2,8.076366037E-2
1.808647435E2,5.974493176E-2,1.592165418E-2,7.773451507E-2
1.808747515E2,6.395219266E-2,9.697047994E-3,7.460370660E-2
1.808847595E2,6.516582519E-2,6.797916256E-3,6.905499101E-2
1.808947675E2,5.684824288E-2,3.864444327E-3,6.012541428E-2
1.809047755E2,2.925200760E-2,-8.174215443E-3,5.030836537E-2
1.809147825E2,-4.893712699E-3,-2.088015527E-2,3.298716620E-2
1.809247915E2,-4.002024606E-2,-3.135826066E-2,1.868715882E-2
1.809347985E2,-6.353729218E-2,-3.089752980E-2,7.740501314E-3
1.809448065E2,-7.687902451E-2,-2.924629301E-2,-7.176195504E-4
1.809548145E2,-7.950516790E-2,-2.899568900E-2,-9.674096480E-3
1.809648225E2,-6.882669032E-2,-2.388568781E-2,-7.187042385E-3
1.809748305E2,-5.489064008E-2,-2.277515084E-2,-5.082878750E-3
1.809848385E2,-3.481137007E-2,-1.538397744E-2,-6.641779095E-3
1.809948465E2,-1.589040644E-2,-2.827439923E-3,-3.689931240E-3
1.810048545E2,-1.138879824E-2,9.518293664E-4,-7.788571995E-3
1.810148625E2,-1.053924952E-2,6.100209430E-5,-1.086931676E-2
1.810248702E2,-6.011445541E-3,-8.322965354E-3,-1.172265969E-2
1.810348782E2,-1.476880978E-3,-2.156153880E-2,-1.009813137E-2
1.810448862E2,1.244156435E-2,-2.133028768E-2,-9.793907404E-3
1.810548942E2,2.612781711E-2,-1.618506014E-2,-4.436693154E-3
1.810649022E2,3.762615100E-2,-1.952088997E-2,1.716321334E-3
1.810749102E2,4.571736977E-2,-2.895167470E-2,1.917123562E-3
1.810849182E2,4.861105606E-2,-4.590922222E-2,-1.787204761E-3
1.810949262E2,4.099734500E-2,-6.004767865E-2,-5.775555037E-3
1.811049342E2,3.088981472E-2,-5.001831427E-2,-1.395823085E-3
1.811149422E2,2.385773882E-2,-3.182759136E-2,2.379740356E-3
1.811249502E2,1.048044953E-2,-1.828916743E-2,2.075854456E-3
1.811349582E2,-3.897956340E-3,-9.291677736E-3,1.341436291E-4
1.811449662E2,-2.908999659E-2,-1.668770984E-2,-6.396733806E-4
1.811549742E2,-5.500148982E-2,-2.577228472E-2,3.921522759E-3
1.811649822E2,-7.195530832E-2,-3.961130232E-2,3.763427958E-3
1.811749902E2,-7.861027867E-2,-5.012333021E-2,-3.076368477E-3
1.811849982E2,-7.058934122E-2,-4.433504492E-2,-1.545483246E-2
1.811950062E2,-5.007554218E-2,-2.211415954E-2,-1.258527674E-2
1.812050142E2,-2.825249732E-2,1.285525411E-2,-2.429064363E-3
1.812150222E2,-4.829196259E-3,3.999765962E-2,1.461489964E-2
1.812250302E2,1.974255405E-2,5.451227352E-2,2.051871084E-2
1.812350382E2,3.861317784E-2,5.785746872E-2,2.167159319E-2
1.812450462E2,4.249194264E-2,5.294829234E-2,2.490450256E-2
1.812550542E2,2.990637533E-2,4.737163335E-2,2.146023512E-2
1.812650622E2,1.806250028E-2,3.662665188E-2,1.735557802E-2
1.812750702E2,1.145706140E-2,1.980932243E-2,1.458961889E-2
1.812850782E2,1.086474210E-2,-7.011176553E-3,1.259139366E-2
1.812950862E2,2.013227530E-2,-1.971898228E-2,9.650465101E-3
1.813050942E2,2.476600744E-2,-2.964165434E-2,1.596987620E-2
1.813151022E2,3.232539073E-2,-2.623307705E-2,3.130941838E-2
1.813251102E2,4.220009223E-2,-1.247973181E-2,4.288747907E-2
1.813351182E2,4.618551210E-2,-4.161451943E-4,4.678501561E-2
1.813451262E2,4.667946324E-2,1.125339977E-2,4.204709828E-2
1.813551342E2,4.704138637E-2,5.507629365E-3,3.440196067E-2
1.813651422E2,3.289357573E-2,-1.492378674E-2,2.294033580E-2
1.813751502E2,-6.490048487E-3,-3.253580257E-2,1.190552860E-2
1.813851582E2,-6.535093486E-2,-5.635999888E-2,3.451765748E-3
1.813951662E2,-1.196437329E-1,-7.103694230E-2,-1.068056468E-2
1.814051742E2,-1.567012817E-1,-7.732191682E-2,-2.411293052E-2
1.814151822E2,-1.633506715E-1,-7.083711773E-2,-3.755470365E-2
1.814251902E2,-1.369688809E-1,-5.127916858E-2,-3.792038932E-2
1.814351982E2,-9.867530316E-2,-2.980210632E-2,-3.534804285E-2
1.814452062E2,-5.810141191E-2,-4.022586625E-3,-2.792116813E-2
1.814552142E2,-2.951184474E-2,1.745420881E-2,-2.280922979E-2
1.814652212E2,-1.467271056E-2,2.917371504E-2,-1.649673842E-2
1.814752292E2,-1.663019508E-2,3.648494929E-2,-1.466735452E-2
1.814852372E2,-2.326153405E-2,3.486539796E-2,-1.430498250E-2
1.814952452E2,-2.307244949E-2,2.136290446E-2,-1.804299653E-2
1.815052532E2,-2.244103001E-3,1.173152961E-2,-1.423684787E-2
1.815152612E2,3.335516900E-2,-1.430220157E-2,-5.421518348E-3
1.815252692E2,7.456293702E-2,-3.300379962E-2,1.004444622E-2
1.815352772E2,9.914550930E-2,-3.638867661E-2,2.184118517E-2
1.815452852E2,1.031035930E-1,-3.128413111E-2,2.640935220E-2
1.815552932E2,9.600866586E-2,-8.061099797E-3,2.335656993E-2
1.815653012E2,7.935641706E-2,1.517514139E-2,1.299969945E-2
1.815753092E2,6.390901655E-2,3.617336601E-2,3.180624917E-3
1.815853172E2,4.391686991E-2,4.798733443E-2,-2.053636592E-3
1.815953252E2,2.241690271E-2,4.209695011E-2,1.722334418E-4
1.816053332E2,1.838328084E-3,2.326386049E-2,-3.894426394E-3
1.816153412E2,-2.470939420E-2,-3.988267854E-3,-1.152331755E-2
1.816253492E2,-5.200136453E-2,-2.270151116E-2,-2.285081334E-2
1.816353572E2,-7.478737086E-2,-2.261043154E-2,-2.872521430E-2
1.816453652E2,-1.056056768E-1,-2.440020069E-2,-3.720804304E-2
1.816553732E2,-1.228006408E-1,-1.939399168E-2,-4.805749655E-2
1.816653812E2,-1.218385100E-1,2.942881547E-4,-4.528801516E-2
1.816753892E2,-1.033132896E-1,2.163100243E-2,-4.415057972E-2
1.816853972E2,-6.591652334E-2,4.506338388E-2,-3.786629438E-2
1.816954052E2,-2.512328885E-2,5.214046687E-2,-2.643307671E-2
1.817054132E2,1.514863595E-2,4.988973588E-2,-1.336104888E-2
1.817154212E2,5.709422007E-2,3.397335112E-2,-3.741437104E-4
1.817254292E2,8.878484368E-2,7.444888819E-3,4.967975896E-3
1.817354372E2,1.070991307E-1,-1.622235775E-2,9.872986004E-3
1.817454452E2,1.065304428E-1,-2.873860486E-2,9.716204368E-3
1.817554532E2,8.009804040E-2,-3.650598228E-2,3.170153592E-3
1.817654612E2,4.205791280E-2,-3.433672711E-2,-1.287181955E-2
1.817754692E2,-5.017453805E-3,-3.372287005E-2,-3.256110474E-2
1.817854772E2,-4.523431137E-2,-2.554813586E-2,-5.337274820E-2
1.817954852E2,-7.030104846E-2,-9.101253003E-3,-6.489864737E-2
1.818054932E2,-7.905213535E-2,3.247760236E-3,-7.140320539E-2
1.818155012E2,-6.795474142E-2,3.620336531E-3,-7.900387049E-2
1.818255092E2,-4.933764413E-2,-1.160320826E-2,-7.693551481E-2
1.818355172E2,-2.913224138E-2,-2.684394829E-2,-7.720422745E-2
1.818455252E2,-2.121493220E-2,-3.446971253E-2,-7.768100500E-2
1.818555332E2,-3.483353928E-2,-3.650942817E-2,-8.703242987E-2
1.818655412E2,-6.205340847E-2,-2.465552092E-2,-1.021579430E-1
1.818755492E2,-9.413943440E-2,-1.454063691E-3,-1.145309880E-1
1.818855572E2,-1.207827628E-1,2.220126614E-2,-1.250123233E-1
1.818955652E2,-1.325691193E-1,3.883510455E-2,-1.289596558E-1
1.819055732E2,-1.205729321E-1,5.012679845E-2,-1.242331862E-1
1.819155812E2,-9.527050704E-2,4.970734939E-2,-1.163571551E-1
1.819255892E2,-6.231123582E-2,2.936013415E-2,-1.060388833E-1
1.819355972E2,-2.138484083E-2,1.697403565E-2,-8.995365351E-2
1.819456052E2,1.435285155E-2,4.281363636E-2,-5.877013132E-2
1.819556132E2,2.830142342E-2,5.924374610E-2,-2.780422568E-2
1.819656212E2,4.249846935E-2,6.986253709E-2,-4.308535252E-3
1.819756292E2,4.838405550E-2,6.164881587E-2,3.348279279E-5
1.819856372E2,4.455219954E-2,3.743182868E-2,-1.482188236E-3
1.819956452E2,3.557388484E-2,5.062701181E-3,-4.448869149E-4
1.820056532E2,2.438131720E-2,-2.979899012E-2,-4.254920874E-3
1.820156602E2,1.518568862E-2,-5.543138087E-2,-1.541356649E-2
1.820256700E2,7.335752714E-3,-5.708927289E-2,-1.780648716E-2
1.820356770E2,-9.208602831E-3,-3.998112679E-2,-1.185725257E-2
1.820456850E2,-1.545654424E-2,-9.355578572E-3,-4.930110648E-3
1.820556930E2,-6.654264405E-3,5.243605003E-3,-1.034172135E-3
1.820657010E2,1.195668988E-2,-4.185308237E-3,2.786435420E-3
1.820757090E2,2.607357316E-2,-1.344645023E-2,2.625047928E-3
1.820857170E2,3.579622135E-2,-1.011262275E-2,5.579613149E-3
1.820957250E2,4.067486525E-2,2.566599287E-4,8.480328135E-3
1.821057330E2,2.991683036E-2,3.659731708E-3,5.821512546E-3
1.821157410E2,1.291787252E-2,4.866942763E-3,-1.900322968E-3
1.821257490E2,-4.826738033E-3,-1.762894448E-3,-4.989752546E-3
1.821357570E2,-1.921766065E-2,-2.445462625E-3,-1.096162573E-2
1.821457650E2,-2.240366675E-2,-3.101143986E-3,-1.837321557E-2
1.821557730E2,-1.869947463E-2,-2.584490925E-3,-2.068057843E-2
1.821657810E2,-1.340997312E-2,8.862931281E-5,-1.262893341E-2
1.821757890E2,-9.182204492E-3,3.720381996E-3,-9.246069239E-4
1.821857970E2,-3.036626382E-3,3.254223382E-3,3.549394198E-3
1.821958050E2,4.192257766E-3,-3.602617420E-3,6.337724160E-3
1.822058130E2,9.032920003E-3,-6.098273210E-3,8.968388662E-3
1.822158210E2,6.116492674E-3,-1.550658606E-3,8.866122924E-3
1.822258290E2,-4.034312908E-3,-4.605809692E-3,1.337941270E-3
1.822358370E2,-1.265816018E-2,-8.453277871E-3,7.624321152E-4
1.822458450E2,-2.747324854E-2,-1.454675011E-2,7.862406783E-4
1.822558530E2,-3.612106666E-2,-1.207320578E-2,5.299499258E-3
1.822658610E2,-3.769547120E-2,6.985845976E-4,7.161112502E-3
1.822758690E2,-4.395523295E-2,1.420693658E-2,9.341709316E-3
1.822858770E2,-5.437337980E-2,2.675234526E-2,1.009862684E-2
1.822958850E2,-5.093603954E-2,2.906556427E-2,1.252423413E-2
1.823058930E2,-4.937922582E-2,1.064717583E-2,1.471339073E-2
1.823159010E2,-5.291749910E-2,-5.940322764E-3,1.350751054E-2
1.823259090E2,-5.577130616E-2,-6.396463141E-3,1.755716652E-2
1.823359170E2,-5.952716246E-2,-1.393981278E-3,1.941898279E-2
1.823459250E2,-5.716027692E-2,6.933089811E-3,1.855202764E-2
1.823559330E2,-4.194004461E-2,1.972584985E-2,1.593866758E-2
1.823659410E2,-2.630126849E-2,3.505521268E-2,2.310969494E-2
1.823759490E2,-9.315095842E-3,4.675154760E-2,3.652430326E-2
1.823859570E2,6.554181688E-3,5.575054511E-2,5.649259686E-2
1.823959650E2,2.146948129E-2,5.673671141E-2,7.187767327E-2
1.824059730E2,3.891541809E-2,5.661739781E-2,8.365416527E-2
1.824159810E2,5.368424207E-2,5.951331928E-2,9.055121988E-2
1.824259890E2,6.094504893E-2,5.671808124E-2,9.438353032E-2
1.824359970E2,4.921675473E-2,4.467153922E-2,8.474075794E-2
1.824460050E2,3.180464357E-2,3.647307679E-2,7.151451707E-2
1.824560130E2,1.789708436E-2,2.978934348E-2,6.387417018E-2
1.824660210E2,-2.002489055E-3,1.837495528E-2,5.632376298E-2
1.824760290E2,-2.412110753E-2,8.933782578E-3,4.829832539E-2
1.824860370E2,-4.708800837E-2,8.030960336E-3,3.826352581E-2
1.824960450E2,-5.778779089E-2,1.905857772E-2,2.349709347E-2
1.825060530E2,-6.256333739E-2,4.732181504E-2,1.602683589E-2
1.825160610E2,-6.107862666E-2,7.190172374E-2,1.736134663E-2
1.825260690E2,-4.006817192E-2,7.830924541E-2,2.805603482E-2
1.825360770E2,-9.347276762E-3,6.749787927E-2,3.879976273E-2
1.825460850E2,2.156552114E-2,5.710043013E-2,4.574001580E-2
1.825560930E2,4.444340616E-2,5.197517574E-2,4.830437154E-2
1.825661010E2,5.287504196E-2,4.693070427E-2,4.690629989E-2
1.825761080E2,4.023994133E-2,3.794040531E-2,4.185028747E-2
1.825861160E2,1.681617275E-2,2.475731075E-2,3.710701689E-2
1.825961240E2,-2.805199008E-3,4.200635944E-3,2.918384597E-2
1.826061320E2,-9.950155392E-3,-1.260732207E-2,2.433747798E-2
1.826161400E2,7.789224619E-4,-1.439723279E-2,2.291215397E-2
1.826261480E2,1.555283740E-2,1.043883618E-3,2.907934040E-2
1.826361560E2,2.564142458E-2,2.540115453E-2,3.600569069E-2
1.826461640E2,2.763213590E-2,3.990172595E-2,4.220039770E-2
1.826561720E2,2.270022780E-2,4.754659906E-2,4.183021560E-2
1.826661800E2,1.524993591E-2,3.564048186E-2,3.696470335E-2
1.826761880E2,3.336284310E-3,1.560312510E-2,2.706519701E-2
1.826861960E2,-8.354857564E-3,-7.058608346E-3,9.095421061E-3
1.826962040E2,-2.273353189E-2,-3.126408160E-2,-5.223189946E-4
1.827062120E2,-3.533643857E-2,-5.733893439E-2,-7.609361317E-3
1.827162200E2,-4.267584532E-2,-6.874258816E-2,-9.495943785E-3
1.827262280E2,-5.110970885E-2,-6.724729389E-2,-9.757544845E-3
1.827362360E2,-6.106167659E-2,-4.204872996E-2,-1.469930634E-2
1.827462440E2,-5.518408120E-2,-7.881441154E-3,-1.093652658E-2
1.827562520E2,-4.308214411E-2,9.361460805E-3,-5.150808487E-3
1.827662600E2,-3.212520480E-2,6.985662505E-3,2.495133318E-3
1.827762680E2,-2.466781810E-2,1.149252988E-2,8.721870370E-3
1.827862760E2,-1.693318784E-2,1.397179067E-2,1.745105349E-2
1.827962840E2,-1.068221591E-2,3.126866417E-3,1.813894883E-2
1.828062920E2,1.550901332E-3,2.327533904E-3,2.293410152E-2
1.828163000E2,1.184215490E-2,1.254546456E-3,3.707495704E-2
1.828263080E2,1.964312047E-2,-5.156463012E-3,5.455810577E-2
1.828363160E2,2.477370016E-2,-2.307421155E-2,7.298345119E-2
1.828463240E2,3.336768597E-2,-5.281774327E-2,7.977820933E-2
1.828563320E2,4.520996287E-2,-6.314042211E-2,8.600574732E-2
1.828663400E2,4.867333546E-2,-6.742313504E-2,8.400056511E-2
1.828763480E2,4.626983404E-2,-6.136630848E-2,8.257897198E-2
1.828863560E2,4.613769054E-2,-5.145497993E-2,7.809007913E-2
1.828963640E2,5.638313666E-2,-5.729369074E-2,7.756490260E-2
1.829063720E2,7.099266350E-2,-6.727365404E-2,7.926847786E-2
1.829163800E2,6.286096573E-2,-7.463835925E-2,8.337187022E-2
1.829263880E2,3.472736478E-2,-4.625767469E-2,6.988979131E-2
1.829363960E2,1.324071456E-2,-1.346510835E-2,5.288577825E-2
1.829464040E2,-2.960654208E-3,-9.565550834E-3,3.691735864E-2
1.829564120E2,-2.415036038E-2,-5.560773425E-4,2.597656287E-2
1.829664200E2,-4.314493388E-2,1.266166382E-2,2.357512526E-2
1.829764280E2,-4.765605927E-2,2.278114483E-2,2.758504637E-2
1.829864360E2,-4.948021844E-2,1.586231031E-2,3.663453087E-2
1.829964440E2,-4.538614303E-2,-2.542528789E-3,4.633429646E-2
1.830064520E2,-4.157972708E-2,-3.059357964E-2,4.374226555E-2
1.830164600E2,-3.104905225E-2,-4.057244211E-2,4.401843250E-2
1.830264677E2,-2.396398038E-2,-3.689123318E-2,5.067173764E-2
1.830364757E2,-2.058602683E-2,-3.814291582E-2,6.419154257E-2
1.830464837E2,-2.502831072E-2,-3.075639717E-2,6.737718731E-2
1.830564917E2,-2.521659620E-2,-2.489904128E-2,7.369261235E-2
1.830664997E2,-2.279405296E-2,-3.331593797E-2,7.209420204E-2
1.830765077E2,-1.437420398E-2,-4.355845600E-2,6.056644395E-2
1.830865157E2,2.610441530E-3,-5.919158459E-2,5.852395669E-2
1.830965237E2,2.100143209E-2,-8.630230278E-2,6.506440789E-2
1.831065317E2,2.058614418E-2,-1.003284380E-1,8.428091556E-2
1.831165397E2,4.504645243E-3,-6.817901880E-2,9.470106661E-2
1.831265477E2,8.919567801E-3,-3.557242826E-2,9.191345423E-2
1.831365557E2,3.330959752E-2,-3.684222326E-2,9.394331276E-2
1.831465627E2,3.825289756E-2,-4.744547233E-2,9.528061748E-2
1.831565717E2,2.945780754E-2,-3.234881163E-2,9.670647234E-2
1.831665787E2,1.729937270E-2,-1.473037712E-2,9.940826893E-2
1.831765867E2,1.118075941E-2,-3.623929806E-3,9.838481992E-2
1.831865947E2,7.152361330E-3,-1.255589910E-2,9.673500061E-2
1.831966027E2,3.597029136E-4,-2.637983486E-2,9.521353245E-2
1.832066107E2,-9.720453992E-3,-4.087607935E-2,9.223573655E-2
1.832166187E2,-1.870196499E-2,-5.688674003E-2,8.635388315E-2
1.832266267E2,-1.895104349E-2,-5.716465414E-2,8.302343637E-2
1.832366347E2,-1.375734713E-2,-5.196855962E-2,7.885905355E-2
1.832466427E2,-4.598560743E-3,-4.045125842E-2,7.028684765E-2
1.832566507E2,1.694754930E-3,-3.216909245E-2,6.146060303E-2
1.832666587E2,-3.627116093E-4,-2.603549697E-2,5.108122155E-2
1.832766667E2,2.715636278E-3,-1.642441377E-2,4.207787290E-2
1.832866747E2,6.370757706E-3,-1.275705919E-2,3.451627493E-2
1.832966827E2,8.846165612E-3,-1.111042500E-2,2.479706705E-2
1.833066907E2,7.104191929E-3,-1.510330290E-2,1.665232331E-2
1.833166987E2,6.600322202E-3,-8.837684989E-3,1.679498237E-3
1.833267067E2,9.479765780E-3,-1.431524754E-3,-1.057885680E-2
1.833367147E2,5.070369691E-3,8.461298421E-5,-1.513952017E-2
1.833467227E2,-1.589916460E-2,1.130874269E-2,-2.150951326E-2
1.833567307E2,-2.769323997E-2,3.862931579E-2,-3.768182546E-2
1.833667387E2,-1.846830919E-2,4.849554226E-2,-4.996462539E-2
1.833767467E2,-1.140906848E-2,4.367495328E-2,-4.485481977E-2
1.833867547E2,-1.590005867E-2,6.175170094E-2,-3.891063482E-2
1.833967627E2,-1.878745854E-2,6.616375595E-2,-3.401148692E-2
1.834067707E2,-2.747208811E-2,6.885885447E-2,-3.731408715E-2
1.834167787E2,-3.862727433E-2,8.122258633E-2,-3.580008075E-2
1.834267867E2,-5.014741421E-2,6.072676182E-2,-3.386729211E-2
1.834367947E2,-5.301377177E-2,3.706537560E-2,-2.857372537E-2
1.834468027E2,-3.165019676E-2,3.613263369E-2,-2.556339279E-2
1.834568107E2,4.123998806E-4,2.491007559E-2,-1.680452190E-2
1.834668187E2,1.764425263E-2,1.067564730E-2,-8.561071008E-3
1.834768267E2,2.174924873E-2,2.452621609E-2,2.273608698E-4
1.834868347E2,2.860628627E-2,2.588506974E-2,6.477110554E-3
1.834968427E2,3.349931166E-2,2.296198346E-2,-8.082328713E-4
1.835068507E2,4.274953529E-2,2.206263319E-2,1.643919758E-2
1.835168587E2,5.146579444E-2,5.829068832E-3,1.836173423E-2
1.835268667E2,6.869794428E-2,-1.526103169E-2,2.550913021E-2
1.835368747E2,6.033322588E-2,-5.080331489E-2,3.266371414E-2
1.835468827E2,2.795554511E-2,-2.832839452E-2,1.757660694E-2
1.835568907E2,4.679785110E-3,-1.473076642E-3,-4.671069910E-4
1.835668987E2,-2.111812681E-2,5.992587190E-3,-1.589797065E-2
1.835769067E2,-4.607860371E-2,3.533795848E-2,-3.069875389E-2
1.835869147E2,-5.775550008E-2,6.539332867E-2,-3.610816598E-2
1.835969227E2,-4.958412424E-2,7.810486108E-2,-3.956654668E-2
1.836069307E2,-2.757232822E-2,7.311213017E-2,-3.567710146E-2
1.836169387E2,-3.027305240E-3,5.031174794E-2,-2.532752790E-2
1.836269467E2,1.143137692E-3,3.213931620E-2,-1.785291731E-2
1.836369547E2,-9.869831614E-3,2.607210353E-2,-1.779938862E-2
1.836469627E2,-2.882054821E-2,1.409495436E-2,-2.132019587E-2
1.836569707E2,-5.772649869E-2,-9.211966768E-3,-3.136031330E-2
1.836669787E2,-8.350403607E-2,-1.168637723E-2,-4.166362062E-2
1.836769867E2,-9.466614574E-2,-8.592049591E-3,-4.989492148E-2
1.836869947E2,-9.037858248E-2,-3.289729822E-3,-5.482898653E-2
1.836970027E2,-6.457041949E-2,8.485702798E-3,-5.812624469E-2
1.837070107E2,-1.907801069E-2,2.037886064E-3,-5.956892297E-2
1.837170187E2,3.050871566E-2,-2.620200813E-2,-5.577684566E-2
1.837270257E2,4.783838615E-2,-5.217616260E-2,-3.892655671E-2
1.837370347E2,1.820805669E-2,-2.554295585E-2,-2.322296239E-2
1.837470417E2,-1.340703946E-2,3.846332803E-2,-3.106825054E-2
1.837570497E2,-2.279494703E-2,5.403616279E-2,-4.774869233E-2
1.837670577E2,-3.572030365E-2,4.577506706E-2,-5.490697175E-2
1.837770657E2,-5.778885260E-2,4.732156545E-2,-5.616105348E-2
1.837870737E2,-7.126408815E-2,4.114481062E-2,-5.071736500E-2
1.837970817E2,-6.653324515E-2,2.594694868E-2,-4.729307443E-2
1.838070897E2,-4.670910165E-2,-1.207240857E-4,-4.523298144E-2
1.838170977E2,-2.758334577E-2,-1.487703249E-2,-3.642457724E-2
1.838271057E2,-1.082520653E-2,-1.226189360E-2,-2.647349238E-2
1.838371137E2,3.701538546E-3,-6.868992001E-3,-1.139946748E-2
1.838471217E2,8.939258754E-3,4.920225590E-3,2.469701692E-3
1.838571297E2,1.064021979E-2,2.044512331E-2,8.662083186E-3
1.838671377E2,1.661537588E-2,2.901238576E-2,5.987856071E-3
1.838771457E2,1.821966469E-2,2.429779060E-2,-4.785429221E-3
1.838871537E2,1.269806176E-2,1.658885181E-2,-2.050276287E-2
1.838971617E2,2.890171250E-3,7.950357161E-3,-3.025073186E-2
1.839071697E2,1.205294626E-3,-2.132597938E-2,-5.025633425E-2
1.839171777E2,-6.447032560E-3,-6.022437289E-2,-6.222724169E-2
1.839271857E2,-3.913574293E-2,-6.942699105E-2,-6.629103422E-2
1.839371937E2,-8.959998190E-2,-9.337559342E-3,-7.681185007E-2
1.839472017E2,-1.019231603E-1,6.530027837E-2,-8.856403083E-2
1.839572097E2,-8.502220362E-2,8.973743767E-2,-9.376252443E-2
1.839672177E2,-6.752759963E-2,1.030749232E-1,-8.315770328E-2
1.839772257E2,-5.920122936E-2,1.137480736E-1,-7.419403642E-2
1.839872337E2,-5.308431759E-2,9.551021457E-2,-6.881338358E-2
1.839972417E2,-4.759847000E-2,6.900031865E-2,-7.571683079E-2
1.840072497E2,-4.465144873E-2,3.298947960E-2,-8.940371126E-2
1.840172577E2,-5.623247102E-2,1.442698296E-2,-9.598758072E-2
1.840272662E2,-7.629925758E-2,1.768545806E-2,-9.700587392E-2
1.840372742E2,-8.756389469E-2,2.566561848E-2,-1.046621948E-1
1.840472822E2,-6.844463199E-2,1.966612786E-2,-1.065010354E-1
1.840572902E2,-6.791625917E-2,4.723664373E-3,-9.088559449E-2
1.840672982E2,-6.782546639E-2,3.709620610E-2,-7.929953933E-2
1.840773062E2,-4.605971649E-2,5.386533216E-2,-7.197505236E-2
1.840873142E2,-1.115590334E-2,4.345311970E-2,-6.996975094E-2
1.840973222E2,1.348126680E-2,2.959482744E-2,-7.033566386E-2
1.841073302E2,3.779209405E-2,2.574630082E-2,-6.558671594E-2
1.841173382E2,6.785306334E-2,4.906532355E-3,-5.363844335E-2
1.841273462E2,8.601848781E-2,-3.063435107E-2,-4.705903307E-2
1.841373542E2,7.575999200E-2,-5.398015305E-2,-4.060859233E-2
1.841473622E2,2.138752118E-2,-3.190339729E-2,-3.793030232E-2
1.841573702E2,-2.374480292E-2,2.049056999E-2,-4.319404066E-2
1.841673782E2,-3.704688698E-2,3.178953752E-2,-4.441539198E-2
1.841773862E2,-3.933667392E-2,3.110191040E-2,-3.874764964E-2
1.841873942E2,-3.585419431E-2,4.606136307E-2,-2.484359965E-2
1.841974022E2,-2.475893497E-2,4.552286863E-2,-7.376992609E-3
1.842074102E2,-1.684268750E-2,1.306586154E-2,-6.226240657E-3
1.842174182E2,-1.512354985E-2,-3.286577761E-2,-1.750936359E-2
1.842274262E2,-2.598165721E-2,-6.925077736E-2,-3.509591147E-2
1.842374342E2,-4.751517996E-2,-7.605728507E-2,-4.885832593E-2
1.842474422E2,-6.305602193E-2,-4.538282007E-2,-8.827879280E-2
1.842574502E2,-6.684756279E-2,-6.422474980E-4,-2.546648029E-4
1.842674582E2,-5.410719663E-2,6.260844320E-2,-7.138974220E-2
1.842774662E2,-2.109119296E-2,8.003856987E-2,1.919928007E-2
1.842874742E2,2.545420453E-2,8.559019119E-2,-4.579063877E-2
1.842974822E2,7.373651862E-2,5.308258533E-2,4.404497519E-2
1.843074902E2,1.126630455E-1,3.079177253E-2,-2.475127392E-2
1.843174982E2,1.422907114E-1,-8.970819414E-3,5.854228511E-2
1.843275062E2,1.500706375E-1,-3.152186796E-2,-1.933648065E-2
1.843375132E2,1.276127249E-1,-5.275445059E-2,5.036776885E-2
1.843475212E2,7.491719723E-2,-2.810468711E-2,-3.107881173E-2
1.843575292E2,1.510792505E-2,2.044953220E-2,3.357208520E-2
1.843675372E2,-1.765997894E-2,6.030385569E-2,-4.851892591E-2
1.843775452E2,-4.012933373E-2,4.082816094E-2,2.026226744E-2
1.843875532E2,-4.710900784E-2,4.300543293E-2,-5.194548517E-2
1.843975612E2,-3.672214597E-2,2.013527043E-2,1.939314418E-2
1.844075692E2,-1.668911800E-2,1.697587967E-2,-5.221055448E-2
1.844175772E2,2.574590268E-3,6.243872456E-3,1.578394324E-2
1.844275852E2,6.690535694E-3,4.166712984E-3,-5.355294794E-2
1.844375932E2,2.032134682E-3,-1.486645546E-3,1.300477237E-2
1.844476012E2,4.449620843E-3,1.572047360E-2,-5.196420476E-2
1.844576092E2,1.683092304E-2,2.231366187E-2,1.218202524E-2
1.844676172E2,2.712759934E-2,3.085133620E-2,-5.254172534E-2
1.844776252E2,3.376632929E-2,2.147008479E-2,1.902992651E-2
1.844876332E2,2.671345323E-2,2.721562050E-2,-3.880031034E-2
1.844976412E2,2.234213986E-2,1.745247282E-2,2.644926682E-2
1.845076492E2,2.240242437E-2,1.332263835E-2,-3.444052860E-2
1.845176572E2,2.469886839E-2,-9.989341721E-3,2.396446094E-2
1.845276652E2,2.890103310E-2,-1.632338203E-2,-4.178204015E-2
1.845376732E2,3.583217412E-2,-2.673714049E-2,2.122914605E-2
1.845476812E2,3.437429294E-2,-1.624524780E-2,-3.394904733E-2
1.845576892E2,2.686577849E-2,-8.344713598E-3,2.612547763E-2
1.845676972E2,1.323010121E-2,7.825771347E-3,-3.395912424E-2
1.845777052E2,3.710283781E-4,5.482988898E-3,1.712563075E-2
1.845877132E2,-8.825705387E-3,7.967212237E-3,-4.403917119E-2
1.845977212E2,-1.535897143E-2,-9.323094040E-3,9.758016095E-3
1.846077292E2,-1.241527870E-2,-1.787770912E-2,-4.388737679E-2
1.846177372E2,-6.958461367E-3,-3.661730513E-2,2.095287293E-2
1.846277452E2,1.180924242E-3,-4.053232819E-2,-3.524415661E-3
1.846377532E2,1.350310445E-2,-3.875999153E-2,2.697527409E-3
1.846477612E2,3.012162633E-2,-3.046814539E-2,-1.696857391E-3
1.846577692E2,4.777838290E-2,-1.425082609E-2,-7.021581754E-3
1.846677772E2,6.342815608E-2,5.487816408E-3,-8.142415434E-3
1.846777852E2,7.677564770E-2,1.806912199E-2,-2.440853743E-3
1.846877932E2,9.402008355E-2,1.702161506E-2,6.289436482E-3
1.846978012E2,1.168817207E-1,8.672073483E-3,1.020827796E-2
1.847078092E2,1.341763586E-1,-2.247533295E-3,1.117782388E-2
1.847178172E2,1.468098611E-1,-1.119149290E-2,1.404764690E-2
1.847278252E2,1.464079916E-1,-2.313230932E-2,1.958329417E-2
1.847378332E2,1.439677328E-1,-3.144802898E-2,1.885198988E-2
1.847478412E2,1.477002650E-1,-2.940492518E-2,1.950891316E-2
1.847578492E2,1.506569088E-1,-1.974164695E-2,1.578048803E-2
1.847678572E2,1.554319412E-1,-1.055328175E-2,9.084430523E-3
1.847778652E2,1.589092314E-1,-2.519855741E-3,9.812577628E-5
1.847878732E2,1.588782072E-1,-2.358062193E-5,-7.485928014E-3
1.847978812E2,1.506940573E-1,-5.227929447E-3,-1.694520935E-2
1.848078892E2,1.386004984E-1,-1.608166471E-2,-2.432884835E-2
1.848178972E2,1.169234291E-1,-2.339763381E-2,-4.038371518E-2
1.848279052E2,9.487565607E-2,-2.303917333E-2,-5.143183842E-2
1.848379132E2,8.156464249E-2,-1.182673313E-2,-5.244330689E-2
1.848479212E2,7.397533953E-2,2.336498350E-3,-4.567514360E-2
1.848579292E2,8.049475402E-2,1.214465406E-2,-3.397880495E-2
1.848679372E2,9.643223882E-2,7.214355282E-3,-2.336929366E-2
1.848779452E2,1.120876297E-1,-6.813849322E-4,-1.134805009E-2
1.848879532E2,1.290388554E-1,-3.885909449E-3,-8.988429792E-3
1.848979612E2,1.388627291E-1,3.119269153E-3,-1.193814725E-2
1.849079692E2,1.277611256E-1,1.864224486E-2,-1.079943869E-2
1.849179772E2,9.993935376E-2,2.811750583E-2,-5.968464538E-3
1.849279852E2,6.540457904E-2,2.148428001E-2,6.403727457E-5
1.849379932E2,3.136219084E-2,-1.335548703E-3,-2.824399853E-4
1.849480012E2,1.192101836E-2,-2.373238653E-2,-5.007075612E-3
1.849580092E2,1.234419458E-2,-3.287794814E-2,-3.385743126E-3
1.849680172E2,2.637905069E-2,-2.285681479E-2,2.847845200E-3
1.849780252E2,4.990142211E-2,-1.816243865E-3,1.343284547E-2
1.849880332E2,8.279043436E-2,2.380692214E-2,2.307092771E-2
1.849980412E2,1.222938970E-1,4.842092097E-2,3.291450441E-2
1.850080482E2,1.529034674E-1,6.643275917E-2,3.347410634E-2
1.850180562E2,1.600761563E-1,8.160825074E-2,2.336022072E-2
1.850280638E2,1.380278915E-1,9.098342806E-2,6.656660233E-3
1.850380718E2,9.031230211E-2,9.154109657E-2,-7.463686168E-3
1.850480798E2,2.470821887E-2,8.249622583E-2,-1.868835837E-2
1.850580878E2,-3.910245374E-2,6.396009028E-2,-3.193385527E-2
1.850680958E2,-7.488071918E-2,5.223621801E-2,-3.840730712E-2
1.850781038E2,-7.853164524E-2,5.455130339E-2,-3.478833660E-2
1.850881118E2,-5.748698860E-2,5.136947706E-2,-2.483731881E-2
1.850981198E2,-3.387247398E-2,5.480841547E-2,-1.147037931E-2
1.851081278E2,-2.510777488E-2,5.260660499E-2,4.646674497E-4
1.851181358E2,-2.813525684E-2,5.201165378E-2,8.501821198E-3
1.851281438E2,-3.509619087E-2,4.212172329E-2,1.373624615E-2
1.851381518E2,-4.639278725E-2,2.386468649E-2,1.781461015E-2
1.851481598E2,-6.169985980E-2,-2.649530303E-3,1.554210205E-2
1.851581678E2,-7.987460494E-2,-2.755461261E-2,1.181553956E-2
1.851681758E2,-9.130473435E-2,-3.063993528E-2,1.605496183E-2
1.851781838E2,-1.004660130E-1,-2.540096641E-2,1.984543912E-2
1.851881918E2,-1.060887724E-1,-1.789235696E-2,2.609330602E-2
1.851981998E2,-9.781246632E-2,-8.565433323E-3,3.100497276E-2
1.852082078E2,-7.554145902E-2,-3.575131763E-3,3.900176659E-2
1.852182158E2,-4.764404148E-2,-6.224178243E-3,4.859820008E-2
1.852282238E2,-1.444673073E-2,-2.062629350E-2,5.082003027E-2
1.852382318E2,1.614526659E-2,-3.678528965E-2,4.894676432E-2
1.852482398E2,2.520459890E-2,-4.753891751E-2,4.667636007E-2
1.852582478E2,6.222385447E-3,-4.307945445E-2,4.005654156E-2
1.852682558E2,-2.933544293E-2,-2.445949987E-2,2.599631436E-2
1.852782638E2,-7.242592424E-2,6.635567639E-3,8.755808696E-3
1.852882718E2,-9.223867208E-2,2.169272676E-2,-3.765122965E-3
1.852982798E2,-9.816074371E-2,7.993693464E-3,-7.967058569E-3
1.853082878E2,-9.307716787E-2,-6.484990474E-3,-2.331157681E-3
1.853182958E2,-7.593945414E-2,-2.001624554E-2,8.323617280E-3
1.853283038E2,-5.529439822E-2,-2.862402238E-2,1.036555413E-2
1.853383118E2,-2.686275728E-2,-2.827621438E-2,1.439358480E-2
1.853483198E2,-5.684142001E-3,-2.505712584E-2,1.828378066E-2
1.853583278E2,-6.518244278E-3,-2.391436696E-2,1.360354200E-2
1.853683358E2,-1.409260556E-2,-2.147226036E-2,8.821024559E-3
1.853783438E2,-2.571410686E-2,-1.968794316E-2,1.034740359E-3
1.853883518E2,-4.423672706E-2,-2.358689345E-2,-9.388957173E-3
1.853983598E2,-5.333488435E-2,-2.407771535E-2,-1.214905735E-2
1.854083678E2,-5.290749297E-2,-2.668378688E-2,-1.336359698E-2
1.854183758E2,-4.294940084E-2,-2.894348092E-2,-1.585658267E-2
1.854283838E2,-1.814533770E-2,-3.338722885E-2,-2.022872306E-2
1.854383918E2,1.177048218E-2,-3.585491329E-2,-2.208894119E-2
1.854483998E2,3.324648365E-2,-3.913399577E-2,-1.751196198E-2
1.854584078E2,3.853125870E-2,-3.368463367E-2,-8.787712082E-3
1.854684158E2,2.903645486E-2,-8.348982781E-3,-3.093406558E-3
1.854784238E2,2.734082006E-2,1.573824324E-2,-8.172054775E-3
1.854884318E2,3.140584007E-2,1.093040220E-2,-1.931315474E-2
1.854984398E2,2.186693251E-2,-3.502332140E-3,-2.572471462E-2
1.855084478E2,3.348335857E-3,-1.781040616E-2,-2.899452299E-2
1.855184558E2,-1.904005930E-2,-2.357375249E-2,-3.207287192E-2
1.855284638E2,-3.278765455E-2,-1.909710653E-2,-3.198643774E-2
1.855384718E2,-4.085969552E-2,-1.312123984E-2,-3.149241954E-2
1.855484798E2,-4.633915052E-2,-6.761878263E-3,-2.838344686E-2
1.855584878E2,-4.456681758E-2,3.028434468E-3,-1.948289573E-2
1.855684958E2,-3.497412056E-2,1.274164952E-2,-6.347795483E-3
1.855785038E2,-2.241598442E-2,4.050689749E-3,-2.657453064E-3
1.855885118E2,-6.245217286E-3,-8.457817137E-3,-4.236054141E-3
1.855985198E2,5.256176461E-3,-1.517244615E-2,-4.405697342E-3
1.856085278E2,4.149624147E-3,-2.147700079E-2,-4.410827532E-3
1.856185358E2,6.081523024E-4,-2.005434036E-2,-6.365321111E-3
1.856285438E2,-8.620225708E-5,-2.617463283E-2,-1.507420838E-2
1.856385518E2,4.091457231E-4,-4.409131408E-2,-2.331109904E-2
1.856485598E2,-3.024992067E-3,-5.191908777E-2,-3.018677793E-2
1.856585678E2,-2.283944376E-2,-4.619329050E-2,-4.259497672E-2
1.856685758E2,-3.725298122E-2,-9.166507982E-3,-6.169007719E-2
1.856785838E2,-2.902834304E-2,3.826598823E-2,-7.136560977E-2
1.856885918E2,-1.819207706E-2,3.602283448E-2,-7.565912604E-2
1.856985998E2,-1.096958481E-2,3.072900139E-2,-6.461259723E-2
1.857086068E2,-5.961220711E-3,2.646952495E-2,-5.474184453E-2
1.857186148E2,-3.476224840E-3,1.115421765E-2,-4.895719141E-2
1.857286228E2,4.263034090E-3,-1.538949087E-3,-5.007123575E-2
1.857386308E2,7.559228688E-3,-2.503013238E-3,-4.476062581E-2
1.857486388E2,-8.407156914E-3,-1.052044518E-2,-3.367467225E-2
1.857586468E2,-2.277251333E-2,-3.522722982E-3,-2.637521550E-2
1.857686548E2,-2.619969100E-2,4.101410508E-3,-1.475765649E-2
1.857786628E2,-3.024822846E-2,-2.026257571E-3,-1.152990479E-2
1.857886708E2,-2.189104073E-2,-1.081463322E-2,-1.052958239E-2
1.857986788E2,-1.280859672E-2,-2.165875770E-2,-8.344724774E-3
1.858086868E2,-2.959889360E-3,-2.150094882E-2,-5.921890959E-3
1.858186948E2,1.393041015E-2,-8.713780902E-3,1.995953033E-3
1.858287028E2,2.525591478E-2,-2.636759542E-3,3.879312426E-3
1.858387108E2,3.484702110E-2,-1.348322257E-3,5.785603076E-3
1.858487188E2,3.567482159E-2,4.527548794E-3,1.024704985E-2
1.858587268E2,2.301015891E-2,9.656264447E-3,1.159860380E-2
1.858687348E2,1.335008070E-2,6.570253521E-3,1.002394781E-2
1.858787428E2,8.007247001E-3,-1.182206906E-2,2.543660579E-3
1.858887508E2,1.112677157E-3,-2.998450212E-2,-5.102228839E-3
1.858987588E2,-4.658126738E-3,-2.423979901E-2,-6.945935078E-3
1.859087668E2,-5.895829760E-3,1.289575640E-2,-4.995799623E-3
1.859187748E2,5.489183590E-3,1.707132719E-2,5.960396957E-4
1.859287828E2,1.084951032E-2,4.423107021E-3,1.096367836E-2
1.859387908E2,-2.987486660E-4,2.095504198E-3,1.633367687E-2
1.859487988E2,-1.847254299E-2,-6.179111078E-4,8.008695208E-3
1.859588068E2,-3.265547380E-2,-4.127424676E-3,-2.376834862E-3
1.859688148E2,-4.187692702E-2,-9.360929020E-3,-7.416989654E-3
1.859788228E2,-4.204284400E-2,-9.659734555E-3,-5.033993162E-3
1.859888308E2,-3.145392239E-2,-7.282216568E-3,3.021912882E-3
1.859988388E2,-1.149805542E-2,-6.218282972E-3,1.158370916E-2
1.860088468E2,1.631627418E-2,1.147618052E-3,1.785559580E-2
1.860188548E2,4.679721966E-2,5.486972630E-3,2.604961023E-2
1.860288628E2,6.401851028E-2,2.621707506E-3,3.281778842E-2
1.860388708E2,5.505138263E-2,5.752519704E-3,4.135827720E-2
1.860488788E2,3.137944266E-2,1.549781580E-2,4.749925435E-2
1.860588868E2,8.960153908E-3,1.752501354E-2,4.440652579E-2
1.860688948E2,-1.284104958E-2,1.014362276E-2,3.733192757E-2
1.860789028E2,-3.179396689E-2,-7.453480270E-3,2.763935737E-2
1.860889108E2,-3.840002790E-2,-1.751291193E-2,1.389599405E-2
1.860989188E2,-3.366226330E-2,-3.855534643E-2,9.522018023E-3
1.861089268E2,-4.085381329E-2,-5.149601772E-2,1.289904490E-2
1.861189348E2,-5.086889863E-2,-1.642165147E-2,2.058332972E-2
1.861289428E2,-4.866676405E-2,3.518037871E-2,2.482237481E-2
1.861389508E2,-3.738241643E-2,6.743019074E-2,1.719108596E-2
1.861489588E2,-2.349331789E-2,6.346201897E-2,1.091663167E-2
1.861589668E2,-1.814063080E-2,4.115751013E-2,4.364989232E-3
1.861689748E2,-1.805745065E-2,2.407588996E-3,9.306950960E-4
1.861789828E2,-1.886172593E-2,-2.625148371E-2,-2.310638316E-3
1.861889908E2,-1.815970987E-2,-3.720580414E-2,-7.435820531E-3
1.861989988E2,-1.429066993E-2,-2.646607533E-2,-7.887492888E-3
1.862090068E2,-1.797059178E-2,-1.385183819E-2,-1.078829914E-2
1.862190148E2,-2.592119388E-2,3.117025597E-3,-1.435480453E-2
1.862290228E2,-3.650899604E-2,1.974430867E-2,-1.426708791E-2
1.862390308E2,-4.903836921E-2,3.018256836E-2,-1.528627984E-2
1.862490388E2,-5.657659844E-2,4.400867969E-2,-5.554227158E-3
1.862590468E2,-4.938899353E-2,5.625602603E-2,5.289898254E-3
1.862690548E2,-3.573890403E-2,4.311228544E-2,9.483858943E-3
1.862790628E2,-2.363696508E-2,1.288860291E-2,5.501100793E-3
1.862890708E2,-1.804110408E-2,-2.179495990E-2,-4.933858290E-3
1.862990788E2,-1.549352519E-2,-4.326536506E-2,-1.459713839E-2
1.863090868E2,-1.174516603E-2,-4.208390787E-2,-1.689132676E-2
1.863190948E2,4.065310350E-5,-2.103614807E-2,-1.369686518E-2
1.863291028E2,4.643210676E-3,1.296192035E-2,-6.718463264E-3
1.863391108E2,-1.021066681E-3,5.298417062E-2,-1.873640693E-3
1.863491188E2,3.120251931E-3,9.213662148E-2,-2.088831272E-3
1.863591268E2,1.467171311E-2,8.388029039E-2,-6.935784593E-3
1.863691348E2,2.981335856E-2,6.779946387E-2,-1.993131638E-2
1.863791428E2,3.563848883E-2,4.783295095E-2,-3.095094487E-2
1.863891508E2,2.940890752E-2,4.903578013E-2,-4.265088961E-2
1.863991588E2,2.685893141E-2,5.261240527E-2,-4.653457552E-2
1.864091668E2,1.035511680E-2,6.432154775E-2,-4.693244398E-2
1.864191748E2,-1.817452908E-2,7.750125974E-2,-4.599580914E-2
1.864291828E2,-3.599613160E-2,7.727389038E-2,-4.346573353E-2
1.864391908E2,-4.240423068E-2,5.531745777E-2,-4.402526468E-2
1.864491988E2,-4.524761438E-2,1.931559667E-2,-4.453224316E-2
1.864592068E2,-4.119295254E-2,5.771825090E-3,-4.096680507E-2
1.864692148E2,-3.041964024E-2,7.431889884E-3,-3.484222665E-2
1.864792228E2,-5.993660539E-3,1.293025259E-2,-2.411608212E-2
1.864892308E2,1.570464298E-2,2.286828868E-2,-1.111541223E-2
1.864992388E2,3.343596682E-2,2.287707664E-2,-1.540016965E-3
1.865092468E2,4.508979246E-2,7.243981585E-3,8.816213813E-5
1.865192548E2,4.713137448E-2,-2.084704116E-2,-4.875437357E-3
1.865292628E2,3.096049279E-2,-3.880048171E-2,-1.126197074E-2
1.865392708E2,-6.762384903E-3,-3.323207796E-2,-1.810416393E-2
1.865492788E2,-4.702165723E-2,1.650535967E-3,-2.246748656E-2
1.865592868E2,-4.676439613E-2,2.883768082E-2,-3.166551143E-2
1.865692948E2,-2.517080866E-2,1.192256808E-2,-3.089615330E-2
1.865793028E2,-4.510271829E-3,4.835630767E-3,-1.918676868E-2
1.865893108E2,1.609304175E-2,8.940267377E-3,3.511529882E-3
1.865993178E2,3.497911245E-2,1.170010120E-2,1.676182263E-2
1.866093258E2,4.474580660E-2,6.244686898E-3,2.809867822E-2
1.866193338E2,4.414393380E-2,6.239360664E-3,2.832398191E-2
1.866293418E2,3.154812381E-2,5.491244607E-3,3.035887890E-2
1.866393498E2,1.047186553E-2,1.303544734E-2,2.925819345E-2
1.866493578E2,-6.226454861E-3,1.368508488E-2,3.008359857E-2
1.866593658E2,-2.161952481E-2,2.835632768E-3,3.555665910E-2
1.866693738E2,-3.623105958E-2,1.101367734E-2,4.094211012E-2
1.866793818E2,-4.378192127E-2,3.328569233E-2,4.512540251E-2
1.866893898E2,-3.235452995E-2,4.933141544E-2,4.834108055E-2
1.866993978E2,-1.461787708E-2,4.267777130E-2,4.325257614E-2
1.867094058E2,-1.543087652E-3,7.119510788E-3,3.192535415E-2
1.867194138E2,1.326328889E-2,-1.849370822E-2,2.507224493E-2
1.867294218E2,1.952141710E-2,-2.684635483E-2,2.457459085E-2
1.867394298E2,7.284192368E-3,-1.578304917E-2,2.195084468E-2
1.867494378E2,-1.769541949E-2,2.793217450E-2,1.785328239E-2
1.867594458E2,-2.708252892E-2,5.465246737E-2,-2.618435770E-3
1.867694538E2,-3.011848778E-2,2.608096972E-2,-1.266896073E-2
1.867794618E2,-4.223853350E-2,2.239020076E-3,-1.737876050E-2
1.867894698E2,-5.895642191E-2,-6.742773112E-3,-1.434729248E-2
1.867994778E2,-6.211013719E-2,4.016397521E-3,-1.247189473E-2
1.868094858E2,-5.646735802E-2,1.598792896E-2,-8.061916567E-3
1.868194938E2,-4.931437224E-2,1.802604645E-2,-2.358756959E-3
1.868295018E2,-4.575835541E-2,1.044243854E-2,7.973515429E-3
1.868395098E2,-5.232597515E-2,9.022973478E-3,1.805304736E-2
1.868495178E2,-5.902825296E-2,6.641299929E-3,2.015853673E-2
1.868595258E2,-6.972137839E-2,9.972625412E-4,8.253140375E-3
1.868695338E2,-8.157067746E-2,-6.456587929E-3,-3.025268670E-3
1.868795418E2,-9.586998820E-2,-1.661335118E-2,-1.799356565E-2
1.868895498E2,-1.088076085E-1,-2.097821608E-2,-2.961739339E-2
1.868995578E2,-1.111924723E-1,-1.827297732E-2,-3.271571547E-2
1.869095658E2,-1.124486178E-1,-1.720736735E-2,-3.284905478E-2
1.869195738E2,-1.031427383E-1,-1.575567760E-2,-3.658440709E-2
1.869295818E2,-8.518815041E-2,-3.387675062E-2,-4.089860991E-2
1.869395898E2,-7.140628994E-2,-4.111255705E-2,-4.202166572E-2
1.869495978E2,-6.983682513E-2,-2.886433341E-2,-3.379507363E-2
1.869596058E2,-7.326271385E-2,-1.298496872E-2,-3.145894781E-2
1.869696138E2,-7.774520665E-2,-1.857887022E-3,-3.985649720E-2
1.869796218E2,-6.932615489E-2,-2.720218152E-3,-6.127896532E-2
1.869896298E2,-6.784584373E-2,-2.379902266E-2,-8.016866446E-2
1.869996378E2,-7.370187342E-2,-3.162152693E-2,-1.027165800E-1
1.870096458E2,-8.662962168E-2,-3.151380271E-2,-1.186688468E-1
1.870196538E2,-9.009652585E-2,-2.074637450E-2,-1.339069307E-1
1.870296618E2,-8.493018150E-2,-1.368672214E-2,-1.469250917E-1
1.870396698E2,-7.566318661E-2,-1.040783897E-2,-1.478673220E-1
1.870496778E2,-6.401140988E-2,-7.659338880E-3,-1.427104920E-1
1.870596858E2,-5.651380867E-2,-9.338995442E-3,-1.352480501E-1
1.870696938E2,-5.566114187E-2,-2.746859193E-2,-1.286105514E-1
1.870797018E2,-6.384610385E-2,-4.854431748E-2,-1.258637607E-1
1.870897098E2,-8.743868023E-2,-7.025846839E-2,-1.246526316E-1
1.870997178E2,-1.022245511E-1,-7.966342568E-2,-1.228446141E-1
1.871097258E2,-1.047463641E-1,-8.274259418E-2,-1.230981573E-1
1.871197338E2,-1.062569097E-1,-8.786758035E-2,-1.165180206E-1
1.871297418E2,-1.018918231E-1,-9.874125570E-2,-1.115477607E-1
1.871397498E2,-8.758718520E-2,-1.106509119E-1,-9.316023439E-2
1.871497578E2,-6.576265395E-2,-1.216266826E-1,-7.647667825E-2
1.871597658E2,-5.012004077E-2,-1.335685700E-1,-5.675116926E-2
1.871697738E2,-4.835965857E-2,-1.477856636E-1,-4.199521989E-2
1.871797818E2,-6.998851895E-2,-1.630362570E-1,-3.742070869E-2
1.871897898E2,-9.176621586E-2,-1.661237478E-1,-4.480574280E-2
1.871997978E2,-1.059925556E-1,-1.648859084E-1,-5.043913051E-2
1.872098058E2,-1.124220043E-1,-1.620613486E-1,-5.765996873E-2
1.872198138E2,-1.104755029E-1,-1.414804459E-1,-6.667423993E-2
1.872298218E2,-8.911337703E-2,-1.026363149E-1,-6.938237697E-2
1.872398298E2,-5.286082625E-2,-6.703997403E-2,-6.799141318E-2
1.872498378E2,-1.240940485E-2,-3.135185316E-2,-5.552524701E-2
1.872598458E2,2.172992192E-2,-9.292891249E-3,-3.037408926E-2
1.872698538E2,4.594376683E-2,-2.470109146E-3,-1.029539201E-2
1.872798618E2,6.169662997E-2,-1.759792864E-2,-8.057499654E-4
1.872898698E2,6.790144742E-2,-4.171989858E-2,-2.194745466E-4
1.872998778E2,5.888078734E-2,-7.665684819E-2,-7.585245185E-3
1.873098858E2,3.511955217E-2,-1.106991768E-1,-1.584180817E-2
1.873198938E2,7.262886502E-3,-1.276581883E-1,-2.703853697E-2
1.873299018E2,-1.648863778E-2,-1.267074794E-1,-3.290497512E-2
1.873399098E2,-3.926372528E-2,-1.170426011E-1,-3.831039369E-2
1.873499178E2,-5.398499593E-2,-9.847483784E-2,-4.149742797E-2
1.873599258E2,-6.637907773E-2,-8.608421683E-2,-3.369489685E-2
1.873699338E2,-8.166360855E-2,-9.157435596E-2,-2.532278001E-2
1.873799418E2,-9.325634688E-2,-1.129313111E-1,-2.731349319E-2
1.873899498E2,-1.016892567E-1,-1.360974014E-1,-3.190005943E-2
1.873999578E2,-9.518528730E-2,-1.333050728E-1,-3.730867058E-2
1.874099658E2,-6.520659477E-2,-1.017212197E-1,-3.187488765E-2
1.874199738E2,-3.386465088E-2,-7.273856550E-2,-1.277070120E-2
1.874299818E2,-1.237421669E-2,-5.579284579E-2,7.869610563E-3
1.874399898E2,1.011617854E-2,-5.427936837E-2,2.158489078E-2
1.874499978E2,2.559532970E-2,-6.144990027E-2,2.504248545E-2
1.874600058E2,3.233499080E-2,-9.085147083E-2,1.792598702E-2
1.874700138E2,3.247554600E-2,-1.178844422E-1,6.224576384E-3
1.874800218E2,2.975219861E-2,-1.293799728E-1,-2.006455557E-3
1.874900298E2,2.484421618E-2,-1.366663575E-1,-1.404232439E-2
1.875000378E2,2.300636843E-2,-1.318606734E-1,-2.495835535E-2
1.875100458E2,2.046807483E-2,-1.206358820E-1,-3.907354921E-2
1.875200538E2,1.629490033E-2,-1.116378680E-1,-5.032966658E-2
1.875300618E2,3.291910049E-3,-1.080276966E-1,-5.974975973E-2
1.875400698E2,-1.783654466E-2,-1.199147105E-1,-7.455640286E-2
1.875500778E2,-3.270057216E-2,-1.288249642E-1,-8.109695464E-2
1.875600858E2,-3.887378052E-2,-1.378884912E-1,-9.078101069E-2
1.875700938E2,-3.842316195E-2,-1.492513120E-1,-9.576002508E-2
1.875801018E2,-3.519727290E-2,-1.550535560E-1,-9.032397717E-2
1.875901098E2,-3.544196114E-2,-1.647032201E-1,-8.139838278E-2
1.876001178E2,-3.665103391E-2,-1.719041467E-1,-7.099927217E-2
1.876101258E2,-3.709799424E-2,-1.775206327E-1,-6.988032162E-2
1.876201338E2,-4.282086343E-2,-1.890768856E-1,-7.555738837E-2
1.876301418E2,-6.588178873E-2,-1.923798770E-1,-9.080014378E-2
1.876401498E2,-9.855718166E-2,-1.956550330E-1,-1.094481274E-1
1.876501578E2,-1.426783353E-1,-2.022798806E-1,-1.262941957E-1
1.876601658E2,-1.814507693E-1,-2.001996785E-1,-1.458085179E-1
1.876701738E2,-2.057329565E-1,-1.847273111E-1,-1.580279320E-1
1.876801818E2,-2.162891924E-1,-1.701576859E-1,-1.633989960E-1
1.876901898E2,-2.165016830E-1,-1.647318602E-1,-1.678385735E-1
1.877001978E2,-2.110744268E-1,-1.657529175E-1,-1.753654629E-1
1.877102058E2,-1.946771443E-1,-1.699879020E-1,-1.780019999E-1
1.877202138E2,-1.778076142E-1,-1.589483023E-1,-1.784747094E-1
1.877302218E2,-1.622197330E-1,-1.368327737E-1,-1.892021000E-1
1.877402298E2,-1.470871121E-1,-1.074967235E-1,-2.017924637E-1
1.877502378E2,-1.388757229E-1,-8.993176371E-2,-2.027106434E-1
1.877602458E2,-1.404770762E-1,-9.145402908E-2,-1.934156716E-1
1.877702538E2,-1.464807987E-1,-1.035818160E-1,-1.839231104E-1
1.877802618E2,-1.439737082E-1,-1.090924293E-1,-1.807305217E-1
1.877902698E2,-1.296878904E-1,-1.073689386E-1,-1.836574674E-1
1.878002778E2,-1.230861843E-1,-9.824468195E-2,-1.936267465E-1
1.878102858E2,-1.279739290E-1,-7.600218803E-2,-1.989919245E-1
1.878202938E2,-1.357911080E-1,-3.801326454E-2,-1.954078525E-1
1.878303018E2,-1.442564726E-1,1.255420968E-3,-1.909077615E-1
1.878403088E2,-1.500312686E-1,3.548103571E-2,-1.832988411E-1
1.878503178E2,-1.514624506E-1,5.642865971E-2,-1.756308079E-1
1.878603258E2,-1.475808918E-1,6.371933222E-2,-1.679899246E-1
1.878703338E2,-1.445274353E-1,4.214209691E-2,-1.641188115E-1
1.878803418E2,-1.452329159E-1,6.675980985E-3,-1.667087376E-1
1.878903488E2,-1.506238580E-1,-2.953457646E-2,-1.769960523E-1
1.879003578E2,-1.671639532E-1,-5.844132602E-2,-1.911558211E-1
1.879103648E2,-1.921305060E-1,-7.684277743E-2,-2.112257779E-1
1.879203728E2,-2.183304280E-1,-6.938272715E-2,-2.358251363E-1
1.879303808E2,-2.249708623E-1,-3.461228311E-2,-2.644647956E-1
1.879403888E2,-2.204464227E-1,2.742418833E-2,-2.879677415E-1
1.879503968E2,-2.198684365E-1,9.745612741E-2,-2.958510816E-1
1.879604048E2,-2.296667397E-1,1.597061902E-1,-2.881798446E-1
1.879704128E2,-2.349077314E-1,1.963806450E-1,-2.720093429E-1
1.879804208E2,-2.323438972E-1,2.002336979E-1,-2.587161660E-1
1.879904288E2,-2.148473859E-1,1.776554883E-1,-2.581491172E-1
1.880004368E2,-1.969698519E-1,1.351908594E-1,-2.543154955E-1
1.880104448E2,-1.841633171E-1,1.179577410E-1,-2.406623513E-1
1.880204528E2,-1.843241751E-1,1.285416782E-1,-2.167338431E-1
1.880304608E2,-1.846193671E-1,1.638690531E-1,-1.895528138E-1
1.880404684E2,-1.825215816E-1,2.119199336E-1,-1.563943326E-1
1.880504764E2,-1.712721586E-1,2.579447925E-1,-1.283849776E-1
1.880604844E2,-1.576847136E-1,2.954010665E-1,-1.007629409E-1
1.880704924E2,-1.415033489E-1,3.284988999E-1,-6.531672925E-2
1.880805004E2,-1.171790883E-1,3.511584103E-1,-2.219162509E-2
1.880905084E2,-7.845143974E-2,3.709100783E-1,2.342628501E-2
1.881005164E2,-2.829692140E-2,3.751541078E-1,6.782837212E-2
1.881105244E2,2.489542402E-2,3.589504659E-1,1.033190712E-1
1.881205324E2,7.863295823E-2,3.275637627E-1,1.296462864E-1
1.881305404E2,1.414773017E-1,2.957990170E-1,1.560500413E-1
1.881405484E2,2.194735706E-1,2.786618471E-1,1.743779033E-1
1.881505564E2,3.006136417E-1,2.907455266E-1,1.962438822E-1
1.881605644E2,3.653859794E-1,3.057660162E-1,2.147041112E-1
1.881705724E2,3.925447464E-1,3.195886612E-1,2.242563963E-1
1.881805804E2,3.765362203E-1,3.373452723E-1,2.257083505E-1
1.881905884E2,3.262725174E-1,3.539969027E-1,2.060821205E-1
1.882005964E2,2.837178707E-1,3.957166672E-1,1.614302248E-1
1.882106044E2,2.661905885E-1,4.709570110E-1,9.478167444E-2
1.882206124E2,2.591563761E-1,5.496822000E-1,2.656880021E-2
1.882306204E2,2.342972308E-1,6.075397730E-1,-3.051276319E-2
1.882406284E2,1.873715222E-1,6.408053041E-1,-7.160001248E-2
1.882506364E2,1.246903464E-1,6.481087208E-1,-1.044307202E-1
1.882606444E2,6.243523210E-2,6.224020123E-1,-1.367340684E-1
1.882706524E2,1.985910535E-2,5.686069131E-1,-1.553323269E-1
1.882806604E2,1.828278042E-2,4.862299860E-1,-1.662611365E-1
1.882906684E2,5.945554376E-2,4.106981158E-1,-1.586570740E-1
1.883006764E2,1.709040403E-1,3.628645539E-1,-1.288240701E-1
1.883106844E2,3.386946023E-1,3.236889541E-1,-7.033517957E-2
1.883206924E2,5.226982236E-1,2.898044884E-1,-6.570581347E-3
1.883307004E2,6.901510954E-1,2.592915893E-1,4.044351727E-2
1.883407084E2,8.104586005E-1,2.094292194E-1,7.528378814E-2
1.883507164E2,8.759108782E-1,1.345703155E-1,8.960058540E-2
1.883607244E2,9.084306955E-1,8.597641438E-2,9.543610364E-2
1.883707324E2,9.148144722E-1,4.388686270E-2,8.320559561E-2
1.883807404E2,8.945313096E-1,2.122549340E-2,4.687182978E-2
1.883907484E2,8.491587043E-1,1.954513974E-2,6.665999070E-3
1.884007564E2,7.667146921E-1,3.896144778E-2,-3.115035594E-2
1.884107644E2,6.446575522E-1,6.742211431E-2,-5.736363679E-2
1.884207724E2,5.084325671E-1,1.060613841E-1,-7.470214367E-2
1.884307804E2,3.830211163E-1,1.543242484E-1,-9.435627609E-2
1.884407884E2,2.583194077E-1,1.840573847E-1,-1.167089865E-1
1.884507964E2,1.424273103E-1,1.698840559E-1,-1.390425116E-1
1.884608044E2,4.399927706E-2,1.138612628E-1,-1.554422677E-1
1.884708124E2,-4.493511468E-2,1.921727322E-3,-1.653438210E-1
1.884808204E2,-1.337483376E-1,-1.093347594E-1,-1.697641462E-1
1.884908284E2,-2.226000279E-1,-2.064413726E-1,-1.726776958E-1
1.885008364E2,-2.915996015E-1,-2.955422103E-1,-1.896108687E-1
1.885108444E2,-3.500374556E-1,-3.746608496E-1,-2.240065038E-1
1.885208524E2,-4.049491882E-1,-4.213913381E-1,-2.506082952E-1
1.885308604E2,-4.550261497E-1,-4.093172848E-1,-2.533182502E-1
1.885408684E2,-4.941325188E-1,-3.538587987E-1,-2.288528383E-1
1.885508764E2,-5.292900205E-1,-2.521646619E-1,-1.885668784E-1
1.885608844E2,-5.309163928E-1,-1.098240316E-1,-1.317294240E-1
1.885708924E2,-5.029959083E-1,2.905200794E-2,-7.409316301E-2
1.885809004E2,-4.501014948E-1,1.489368677E-1,-2.810996026E-2
1.885909084E2,-3.880746067E-1,2.149989754E-1,1.782157831E-2
1.886009164E2,-3.581286967E-1,2.084995359E-1,5.899325013E-2
1.886109244E2,-3.552023768E-1,1.546253264E-1,9.237328172E-2
1.886209324E2,-3.651628494E-1,8.340281993E-2,1.231506392E-1
1.886309404E2,-3.735932410E-1,5.725925788E-3,1.491673589E-1
1.886409484E2,-3.751954138E-1,-6.099797785E-2,1.679567546E-1
1.886509564E2,-3.686340451E-1,-9.488027543E-2,1.950214654E-1
1.886609644E2,-3.425992429E-1,-9.509971738E-2,2.225649357E-1
1.886709724E2,-3.146848381E-1,-5.983933806E-2,2.576301396E-1
1.886809804E2,-3.088418543E-1,-4.067442939E-2,2.931143641E-1
1.886909884E2,-3.305338919E-1,-4.677021503E-2,3.253300190E-1
1.887009964E2,-3.699095249E-1,-8.150715381E-2,3.539259732E-1
1.887110044E2,-4.083022177E-1,-1.325975955E-1,3.733519912E-1
1.887210124E2,-4.363170862E-1,-1.894651353E-1,3.774732351E-1
1.887310204E2,-4.282229543E-1,-2.373804450E-1,3.717267215E-1
1.887410284E2,-3.894401491E-1,-2.738577724E-1,3.544204235E-1
1.887510364E2,-3.364557028E-1,-2.937663496E-1,3.300379813E-1
1.887610444E2,-2.882021368E-1,-2.864109576E-1,3.118169010E-1
1.887710524E2,-2.462069392E-1,-2.530494034E-1,3.003507853E-1
1.887810604E2,-2.264561355E-1,-2.076142877E-1,2.926532030E-1
1.887910684E2,-2.264475077E-1,-1.550503522E-1,2.841652036E-1
1.888010764E2,-2.354681641E-1,-1.055722758E-1,2.693311274E-1
1.888110844E2,-2.513489425E-1,-7.407788932E-2,2.476020306E-1
1.888210924E2,-2.809773982E-1,-7.791283727E-2,2.171796709E-1
1.888311004E2,-3.104618490E-1,-1.064407453E-1,1.794936508E-1
1.888411084E2,-3.240224123E-1,-1.301910877E-1,1.435772032E-1
1.888511164E2,-2.919867933E-1,-1.245842054E-1,1.249892488E-1
1.888611244E2,-2.272701263E-1,-1.037297845E-1,1.207124740E-1
1.888711324E2,-1.423016042E-1,-7.141260058E-2,1.306668371E-1
1.888811404E2,-4.298832640E-2,-4.379482195E-2,1.478559375E-1
1.888911484E2,6.381545216E-2,-3.204896301E-2,1.554616541E-1
1.889011564E2,1.598602235E-1,-3.784453496E-2,8.786449581E-2
1.889111644E2,2.345837057E-1,-9.762489796E-2,1.713467687E-1
1.889211724E2,2.727614641E-1,-1.080684811E-1,4.519522935E-2
1.889311804E2,2.956551611E-1,-1.341099590E-1,1.158933565E-1
1.889411884E2,2.964490652E-1,-1.068772748E-1,-1.339299046E-2
1.889511964E2,2.929137945E-1,-1.160457954E-1,6.281408668E-2
1.889612044E2,2.714463174E-1,-7.875461876E-2,-6.382295489E-2
1.889712124E2,2.473936975E-1,-9.488058835E-2,1.591262408E-2
1.889812204E2,2.294336110E-1,-6.722499430E-2,-1.078569889E-1
1.889912284E2,2.457642108E-1,-7.209204137E-2,-1.322090719E-2
1.890012364E2,2.755047977E-1,-6.537847966E-2,-1.202038154E-1
1.890112444E2,3.156303763E-1,-1.379986256E-1,-1.159344986E-2
1.890212524E2,3.467968106E-1,-1.941076964E-1,-1.154269055E-1
1.890312604E2,3.825538754E-1,-2.850902379E-1,6.369437091E-3
1.890412688E2,4.127133787E-1,-3.145194948E-1,-9.396062791E-2
1.890512768E2,4.165056944E-1,-3.972354829E-1,2.267035190E-3
1.890612848E2,3.801564574E-1,-4.344651401E-1,-1.445221454E-1
1.890712928E2,3.491627872E-1,-4.781753123E-1,-8.082278818E-2
1.890813008E2,2.874397635E-1,-5.106416941E-1,-2.515865266E-1
1.890913088E2,1.986470520E-1,-5.560165048E-1,-2.157005668E-1
1.891013168E2,7.308753580E-2,-5.520273447E-1,-3.939003944E-1
1.891113248E2,-7.287918031E-2,-5.933307409E-1,-3.611522317E-1
1.891213328E2,-2.263105512E-1,-6.062867641E-1,-5.602248907E-1
1.891313408E2,-3.358481228E-1,-6.450159550E-1,-5.316416621E-1
1.891413488E2,-3.915840685E-1,-5.774419904E-1,-6.994234324E-1
1.891513568E2,-3.687554896E-1,-4.525231123E-1,-6.076270342E-1
1.891613648E2,-2.596891820E-1,-1.827715188E-1,-6.905477643E-1
1.891713728E2,-8.093061298E-2,8.881905675E-2,-5.068740249E-1
1.891813808E2,9.674031287E-2,3.934780061E-1,-5.135407448E-1
1.891913888E2,2.552268803E-1,5.975887179E-1,-2.884879708E-1
1.892013968E2,3.917607665E-1,7.555813193E-1,-2.902307212E-1
1.892114048E2,5.159623623E-1,7.845825553E-1,-7.179316133E-2
1.892214128E2,6.224475503E-1,7.653728724E-1,-8.908213675E-2
1.892314208E2,7.103342414E-1,6.229898334E-1,9.083370864E-2
1.892414288E2,7.812422514E-1,4.658370018E-1,2.054623514E-2
1.892514368E2,8.392859101E-1,2.315919101E-1,1.599127650E-1
1.892614448E2,8.662642837E-1,3.260743245E-2,5.573390424E-2
1.892714528E2,8.739997149E-1,-2.000888735E-1,1.658849865E-1
1.892814608E2,8.461632729E-1,-3.644748926E-1,7.009693235E-2
1.892914688E2,7.834200859E-1,-4.871894121E-1,2.582473494E-2
1.893014768E2,6.912526488E-1,-5.344879627E-1,-3.309557214E-2
1.893114848E2,5.872979164E-1,-5.044259429E-1,-9.477173537E-2
1.893214928E2,4.798660278E-1,-4.288824797E-1,-1.609848440E-1
1.893315008E2,3.737195432E-1,-3.134075701E-1,-2.240676880E-1
1.893415088E2,2.727836072E-1,-1.492258161E-1,-2.777604759E-1
1.893515168E2,1.901484579E-1,3.530188277E-2,-3.175511062E-1
1.893615248E2,1.237513423E-1,1.756251752E-1,-3.442980349E-1
1.893715328E2,5.293830484E-2,2.457017004E-1,-3.680287302E-1
1.893815408E2,2.266615257E-2,2.884169519E-1,-3.819288313E-1
1.893915488E2,2.513730153E-2,2.973177135E-1,-3.790451288E-1
1.894015568E2,4.321936890E-2,2.838226855E-1,-3.778595030E-1
1.894115648E2,5.998487771E-2,2.534810901E-1,-3.824331760E-1
1.894215728E2,4.739824682E-2,2.095181644E-1,-3.947063386E-1
1.894315808E2,9.852792136E-3,1.593578160E-1,-4.046476483E-1
1.894415888E2,-5.461701006E-2,1.203851178E-1,-3.965138495E-1
1.894515968E2,-1.264327765E-1,9.420889616E-2,-3.790898323E-1
1.894616048E2,-1.821753979E-1,8.970921487E-2,-3.629564047E-1
1.894716128E2,-2.165000439E-1,1.080638990E-1,-3.510079384E-1
1.894816208E2,-2.407012582E-1,1.321796179E-1,-3.393475711E-1
1.894916288E2,-2.735643387E-1,1.471768469E-1,-3.208546638E-1
1.895016368E2,-3.023374081E-1,1.504991353E-1,-2.931394279E-1
1.895116448E2,-3.333218098E-1,1.282583028E-1,-2.611575127E-1
1.895216528E2,-3.528228104E-1,7.854320854E-2,-2.265643924E-1
1.895316608E2,-3.460466564E-1,1.379701123E-2,-1.854565591E-1
1.895416688E2,-3.031899929E-1,-3.786964342E-2,-1.380102187E-1
1.895516768E2,-2.487549782E-1,-6.322614104E-2,-7.892531902E-2
1.895616848E2,-1.993490756E-1,-6.842809170E-2,-1.349011995E-2
1.895716928E2,-1.575493515E-1,-6.317826360E-2,5.377273262E-2
1.895817008E2,-1.309132129E-1,-5.340951681E-2,1.162800491E-1
1.895917088E2,-1.134242341E-1,-4.533437267E-2,1.709610969E-1
1.896017168E2,-1.016269624E-1,-6.656163186E-2,2.151490748E-1
1.896117248E2,-9.430198371E-2,-8.794534951E-2,2.501414716E-1
1.896217328E2,-1.047953665E-1,-9.753139317E-2,2.779470086E-1
1.896317408E2,-1.212974787E-1,-9.119868279E-2,3.062966466E-1
1.896417488E2,-1.395262778E-1,-7.013946772E-2,3.277843595E-1
1.896517568E2,-1.565813869E-1,-4.907600582E-2,3.443928361E-1
1.896617648E2,-1.673509479E-1,-2.496187948E-2,3.451308012E-1
1.896717728E2,-1.773580313E-1,4.817897454E-3,3.379730880E-1
1.896817808E2,-1.876245141E-1,2.677459642E-2,3.193333745E-1
1.896917888E2,-2.127601206E-1,4.222304001E-2,3.049227297E-1
1.897017968E2,-2.360936701E-1,6.281246990E-2,3.000425100E-1
1.897118048E2,-2.501978874E-1,8.380378783E-2,3.042023480E-1
1.897218128E2,-2.411662936E-1,1.045410261E-1,3.084793985E-1
1.897318208E2,-2.040517628E-1,1.278087199E-1,3.111200929E-1
1.897418288E2,-1.391555816E-1,1.524799764E-1,3.132434189E-1
1.897518368E2,-5.048918352E-2,1.896213591E-1,3.209110796E-1
1.897618448E2,6.157024577E-2,2.411103845E-1,3.424981236E-1
1.897718528E2,1.843653768E-1,3.035645187E-1,3.678144813E-1
1.897818608E2,2.925317883E-1,3.636023104E-1,3.766737580E-1
1.897918688E2,3.755231500E-1,4.021327496E-1,3.793913424E-1
1.898018768E2,4.217982590E-1,4.119710028E-1,3.737225235E-1
1.898118848E2,4.217037261E-1,3.912472725E-1,3.545349538E-1
1.898218928E2,3.992657959E-1,3.419580162E-1,3.277238309E-1
1.898319008E2,3.608943522E-1,2.751295567E-1,2.944362462E-1
1.898419088E2,3.198955357E-1,2.282161117E-1,2.543061376E-1
1.898519168E2,2.662452161E-1,1.871268153E-1,2.092122883E-1
1.898619248E2,1.856510192E-1,1.580035537E-1,1.553282887E-1
1.898719328E2,5.912153795E-2,1.308744997E-1,9.734836221E-2
1.898819408E2,-1.101066321E-1,1.073590666E-1,2.222484909E-2
1.898919488E2,-2.880119681E-1,8.512939513E-2,-6.995002925E-2
1.899019568E2,-4.201678634E-1,9.959675372E-2,-1.601435840E-1
1.899119648E2,-4.653091133E-1,1.821943671E-1,-1.992255896E-1
1.899219728E2,-4.153921604E-1,3.317212760E-1,-1.721769422E-1
1.899319808E2,-2.683223188E-1,5.061814785E-1,-7.799718529E-2
1.899419888E2,-4.770580679E-2,6.566974521E-1,5.818062648E-2
1.899519968E2,2.125651240E-1,7.303630710E-1,2.100643516E-1
1.899620048E2,4.777808189E-1,7.047865987E-1,3.364944756E-1
1.899720128E2,7.248006463E-1,6.091768146E-1,4.249307811E-1
1.899820208E2,8.999423385E-1,4.562328160E-1,4.670904875E-1
1.899920288E2,9.788294435E-1,2.694943845E-1,4.745161235E-1
1.900020368E2,9.584117532E-1,7.605700195E-2,4.555333853E-1
1.900120448E2,8.649784327E-1,-8.739445359E-2,4.107858837E-1
1.900220528E2,7.376095653E-1,-1.798149347E-1,3.771187365E-1
1.900320608E2,5.919005275E-1,-2.232859284E-1,3.476724923E-1
1.900420688E2,4.337795675E-1,-2.210890800E-1,3.297965825E-1
1.900520768E2,2.775383592E-1,-1.892827004E-1,3.147015572E-1
1.900620848E2,1.425683051E-1,-1.486306190E-1,3.070771992E-1
1.900720928E2,3.780830652E-2,-1.292508543E-1,3.045332134E-1
1.900821008E2,-2.204623818E-2,-1.543085426E-1,3.059302866E-1
1.900921088E2,-4.647072777E-2,-2.019281834E-1,2.972075939E-1
1.901021168E2,-5.091740936E-2,-2.566945255E-1,2.996324003E-1
1.901121248E2,-5.277748406E-2,-3.353444636E-1,3.091457188E-1
1.901221328E2,-5.546541512E-2,-4.339405298E-1,3.088053465E-1
1.901321408E2,-4.125279188E-2,-5.188302994E-1,3.021369278E-1
1.901421488E2,-3.438037587E-3,-5.521387458E-1,2.922917306E-1
1.901521568E2,5.650622398E-2,-5.294436812E-1,2.861849368E-1
1.901621648E2,1.250882149E-1,-4.484338164E-1,2.869689763E-1
1.901721728E2,1.784879118E-1,-3.428921700E-1,2.776530087E-1
1.901821808E2,2.065219432E-1,-2.312053293E-1,2.533726990E-1
1.901921888E2,2.096832991E-1,-9.041712433E-2,2.223713100E-1
1.902021968E2,1.921945959E-1,4.696657136E-2,1.887547523E-1
1.902122048E2,1.568951458E-1,1.663649231E-1,1.637365222E-1
1.902222128E2,1.163333356E-1,2.413875014E-1,1.417254955E-1
1.902322208E2,7.726434618E-2,2.608123720E-1,1.202330440E-1
1.902422288E2,4.802736640E-2,2.449209988E-1,9.914959222E-2
1.902522368E2,3.147067130E-2,2.094062120E-1,7.732000202E-2
1.902622448E2,2.271952294E-2,1.614501327E-1,6.504043192E-2
1.902722528E2,1.278142538E-2,9.725333005E-2,5.479505286E-2
1.902822608E2,6.920872256E-3,2.874191478E-2,4.877604172E-2
1.902922688E2,6.326064002E-3,-3.184500709E-2,4.443316907E-2
1.903022768E2,1.435602736E-2,-5.952004343E-2,3.528947011E-2
1.903122848E2,1.605864055E-2,-6.102122366E-2,2.572767250E-2
1.903222928E2,9.025765583E-3,-3.745757788E-2,1.640687510E-2
1.903323008E2,-1.692378707E-2,-1.981213223E-3,-1.622617710E-3
1.903423088E2,-5.958975852E-2,3.811587393E-2,-2.606537566E-2
1.903523168E2,-1.031139642E-1,6.939734519E-2,-5.146341771E-2
1.903623248E2,-1.449852437E-1,8.306788653E-2,-6.759951264E-2
1.903723328E2,-1.594123542E-1,8.317693323E-2,-7.789545506E-2
1.903823408E2,-1.547656804E-1,7.300712168E-2,-8.305346221E-2
1.903923488E2,-1.379751265E-1,6.993842125E-2,-8.334255219E-2
1.904023568E2,-1.091671735E-1,6.358491629E-2,-7.059586048E-2
1.904123648E2,-7.908461243E-2,5.016512051E-2,-5.409401283E-2
1.904223728E2,-5.353850871E-2,3.072324395E-2,-3.500021249E-2
1.904323808E2,-2.059204690E-2,3.212886862E-3,-1.463013515E-2
1.904423888E2,1.224952191E-2,-4.350082204E-2,5.830931012E-3
1.904523968E2,4.186927155E-2,-8.588629216E-2,1.933723502E-2
1.904624048E2,5.976624414E-2,-1.333411485E-1,2.460603416E-2
1.904724128E2,7.144439965E-2,-1.842097342E-1,2.926648222E-2
1.904824208E2,9.001968056E-2,-2.123209983E-1,3.063880838E-2
1.904924288E2,1.199199334E-1,-1.995789558E-1,3.137773648E-2
1.905024368E2,1.571059227E-1,-1.584304571E-1,3.696531430E-2
1.905124448E2,1.946648508E-1,-9.625178576E-2,4.224502295E-2
1.905224528E2,2.178993374E-1,-5.235437304E-2,4.958948866E-2
1.905324608E2,2.231528610E-1,-5.741422251E-2,4.740208387E-2
1.905424688E2,1.982099563E-1,-1.004088223E-1,3.808608279E-2
1.905524768E2,1.539413929E-1,-1.703189909E-1,1.695089228E-2
1.905624848E2,1.025724858E-1,-2.440800220E-1,-2.220609784E-2
1.905724928E2,4.730208591E-2,-3.097712100E-1,-6.005043909E-2
1.905825008E2,-2.129109204E-2,-3.625169694E-1,-1.041380093E-1
1.905925088E2,-1.097869724E-1,-4.129786491E-1,-1.693601906E-1
1.906025168E2,-2.085665613E-1,-4.333395660E-1,-2.352571785E-1
1.906125248E2,-2.915047705E-1,-4.197005332E-1,-3.003113568E-1
1.906225328E2,-3.516381383E-1,-3.691731691E-1,-3.565035164E-1
1.906325408E2,-3.841652572E-1,-2.870639861E-1,-3.994832933E-1
1.906425488E2,-3.802360296E-1,-1.630488336E-1,-4.229508042E-1
1.906525568E2,-3.351387382E-1,-3.521481995E-3,-4.242980182E-1
1.906625648E2,-2.497993261E-1,1.809844524E-1,-4.111436009E-1
1.906725728E2,-1.254783869E-1,3.679045737E-1,-3.847418427E-1
1.906825808E2,1.228852570E-2,5.077937841E-1,-3.509010077E-1
1.906925888E2,1.152668372E-1,5.536803007E-1,-3.096444011E-1
1.907025968E2,1.782514006E-1,5.061846972E-1,-2.618235946E-1
1.907126048E2,2.023551762E-1,3.575620949E-1,-2.201910466E-1
1.907226128E2,1.949118972E-1,1.292508990E-1,-2.038909048E-1
1.907326208E2,1.708038002E-1,-1.198309734E-1,-2.157904059E-1
1.907426288E2,1.330713332E-1,-3.440427780E-1,-2.615655959E-1
1.907526368E2,8.915577829E-2,-4.871861935E-1,-3.153939247E-1
1.907626448E2,3.036835790E-2,-5.609701276E-1,-3.623217642E-1
1.907726528E2,-3.486208245E-2,-5.591112971E-1,-4.140183926E-1
1.907826608E2,-8.825074136E-2,-4.620702267E-1,-4.523114562E-1
1.907926688E2,-1.124520376E-1,-2.982670367E-1,-4.746240973E-1
1.908026768E2,-1.209339350E-1,-1.082635522E-1,-4.792406857E-1
1.908126848E2,-1.300181895E-1,6.265087426E-2,-4.593671262E-1
1.908226928E2,-1.384351104E-1,1.842350960E-1,-4.270648658E-1
1.908327008E2,-1.535316408E-1,2.489676327E-1,-3.841752708E-1
1.908427088E2,-1.604017913E-1,2.604756951E-1,-3.490487039E-1
1.908527168E2,-1.557117254E-1,2.279368937E-1,-3.276824951E-1
1.908627248E2,-1.398736387E-1,1.715982556E-1,-3.024386466E-1
1.908727328E2,-1.290416121E-1,9.658487141E-2,-2.742718458E-1
1.908827408E2,-1.404117048E-1,5.439250264E-3,-2.473070771E-1
1.908927488E2,-1.723861843E-1,-7.362242043E-2,-2.262730151E-1
1.909027568E2,-2.056892812E-1,-1.204836667E-1,-2.144033015E-1
1.909127648E2,-2.323852330E-1,-1.219211966E-1,-2.115185857E-1
1.909227728E2,-2.500936389E-1,-8.458048850E-2,-2.142251581E-1
1.909327808E2,-2.659355700E-1,-3.258193657E-2,-2.127654105E-1
1.909427888E2,-2.769266963E-1,3.212967888E-2,-1.988125741E-1
1.909527968E2,-2.825059891E-1,8.504495770E-2,-1.674721241E-1
1.909628048E2,-2.779613137E-1,1.011328474E-1,-1.371464431E-1
1.909728128E2,-2.583501041E-1,9.420692176E-2,-1.078756303E-1
1.909828208E2,-2.250504643E-1,7.400577515E-2,-8.438947797E-2
1.909928288E2,-1.779600680E-1,3.962701932E-2,-6.492485106E-2
1.910028368E2,-1.329164207E-1,3.876210656E-3,-4.541719705E-2
1.910128448E2,-9.836871177E-2,-1.379920170E-2,-2.752066590E-2
1.910228528E2,-7.566180080E-2,-3.572930116E-3,-9.435671382E-3
1.910328608E2,-6.552763283E-2,3.359325230E-2,3.321310505E-3
1.910428685E2,-7.562634349E-2,8.347452432E-2,8.811150678E-3
1.910528765E2,-1.083250120E-1,1.292620003E-1,1.446824521E-2
1.910628845E2,-1.588901877E-1,1.616937071E-1,1.837856509E-2
1.910728925E2,-2.231453806E-1,1.698550284E-1,2.294750884E-2
1.910829005E2,-2.942661643E-1,1.523039937E-1,2.311475389E-2
1.910929085E2,-3.544856608E-1,1.142278761E-1,1.823036559E-2
1.911029165E2,-3.910122514E-1,7.567115873E-2,9.568699636E-3
1.911129245E2,-3.981548250E-1,5.957415700E-2,6.750571541E-3
1.911229325E2,-4.097049534E-1,8.285737038E-2,-9.541848674E-3
1.911329405E2,-4.169709980E-1,1.336467713E-1,-1.526876912E-2
1.911429485E2,-4.200666547E-1,1.797620654E-1,-1.349491766E-3
1.911529565E2,-4.149208069E-1,2.199283391E-1,6.049492862E-3
1.911629645E2,-3.822438121E-1,2.520591319E-1,2.073416300E-2
1.911729725E2,-3.094858527E-1,2.804766297E-1,4.512498528E-2
1.911829805E2,-1.963111013E-1,3.072800040E-1,8.019828051E-2
1.911929885E2,-5.361348763E-2,3.328482211E-1,1.264241636E-1
1.912029965E2,1.087818146E-1,3.411724865E-1,1.755293906E-1
1.912130045E2,2.752512097E-1,3.292556405E-1,2.193562388E-1
1.912230125E2,4.208001494E-1,3.195942044E-1,2.588687539E-1
1.912330205E2,5.350424647E-1,3.130963743E-1,2.930684686E-1
1.912430285E2,6.206806898E-1,2.961376309E-1,3.286469877E-1
1.912530365E2,6.856665015E-1,2.682436109E-1,3.428035676E-1
1.912630445E2,7.110461593E-1,2.047868520E-1,3.374937475E-1
1.912730525E2,6.934980154E-1,1.229870096E-1,3.166690469E-1
1.912830605E2,6.288135648E-1,3.427285701E-2,2.827880383E-1
1.912930685E2,5.314682722E-1,-4.173210636E-2,2.568987310E-1
1.913030765E2,4.166128039E-1,-8.772942424E-2,2.376424670E-1
1.913130845E2,2.805759311E-1,-1.215210408E-1,2.238125354E-1
1.913230925E2,1.131009310E-1,-1.294894814E-1,1.948642433E-1
1.913331005E2,-7.106266916E-2,-1.117525548E-1,1.527979225E-1
1.913431085E2,-2.581827641E-1,-1.033881009E-1,1.090251431E-1
1.913531165E2,-4.014055729E-1,-9.503936768E-2,8.304508775E-2
1.913631245E2,-4.551343322E-1,-3.456137702E-2,1.024312973E-1
1.913731325E2,-3.779783845E-1,1.183436438E-1,1.863183379E-1
1.913831405E2,-1.620953381E-1,2.934973538E-1,3.160731196E-1
1.913931485E2,1.213315502E-1,3.904706240E-1,4.569534361E-1
1.914031565E2,3.952206075E-1,3.732641935E-1,5.722009540E-1
1.914131645E2,6.206411123E-1,2.759878039E-1,6.633019447E-1
1.914231725E2,7.844476700E-1,1.247316822E-1,7.238856554E-1
1.914331805E2,8.812497258E-1,-3.017815202E-2,7.468479872E-1
1.914431885E2,9.068328142E-1,-1.751025915E-1,7.395152450E-1
1.914531965E2,8.610854149E-1,-2.937003374E-1,7.073264718E-1
1.914632045E2,7.573243976E-1,-3.836970627E-1,6.480064392E-1
1.914732125E2,6.127864718E-1,-4.295777082E-1,5.752044320E-1
1.914832205E2,4.406186640E-1,-4.351516962E-1,5.007283688E-1
1.914932285E2,2.420372218E-1,-4.012208283E-1,4.258461893E-1
1.915032365E2,3.660176694E-2,-3.479751945E-1,3.585907221E-1
1.915132445E2,-1.390807331E-1,-3.031644523E-1,2.997199595E-1
1.915232525E2,-2.770740390E-1,-2.893945873E-1,2.420271188E-1
1.915332605E2,-3.739981353E-1,-2.949349880E-1,1.759174764E-1
1.915432685E2,-4.364220798E-1,-3.002229333E-1,1.226276234E-1
1.915532765E2,-4.769641161E-1,-2.915641665E-1,8.426182717E-2
1.915632845E2,-4.920756817E-1,-2.505477369E-1,7.081259787E-2
1.915732925E2,-4.767314196E-1,-1.871702820E-1,7.850394398E-2
1.915833005E2,-4.544911087E-1,-1.278457046E-1,9.188552946E-2
1.915933085E2,-4.217881560E-1,-6.266342103E-2,1.040183902E-1
1.916033165E2,-3.744632602E-1,9.554310702E-3,1.155275106E-1
1.916133245E2,-3.250984848E-1,7.046791166E-2,1.170939505E-1
1.916233325E2,-2.665393054E-1,1.301269829E-1,1.161690354E-1
1.916333405E2,-2.029652596E-1,1.809496880E-1,1.234922484E-1
1.916433485E2,-1.536760032E-1,1.989593059E-1,1.357651502E-1
1.916533565E2,-1.220078915E-1,2.059613615E-1,1.473129243E-1
1.916633645E2,-1.088540033E-1,1.956152469E-1,1.401040107E-1
1.916733725E2,-1.189112142E-1,1.822557151E-1,1.130646467E-1
1.916833805E2,-1.568561941E-1,1.605613381E-1,7.950535417E-2
1.916933885E2,-2.119104564E-1,1.437763125E-1,4.779832438E-2
1.917033965E2,-2.661028504E-1,1.453643590E-1,2.443547547E-2
1.917134045E2,-3.135345578E-1,1.532305330E-1,1.143871713E-2
1.917234125E2,-3.443134725E-1,1.627847701E-1,7.939431816E-3
1.917334205E2,-3.625665903E-1,1.513260305E-1,5.439597182E-3
1.917434285E2,-3.647871315E-1,1.201183125E-1,-2.979170531E-4
1.917534365E2,-3.592505753E-1,7.604071498E-2,-6.105106324E-3
1.917634445E2,-3.554790020E-1,2.173672989E-2,-1.505013183E-2
1.917734525E2,-3.531172574E-1,-4.132871330E-2,-2.746810392E-2
1.917834615E2,-3.419114649E-1,-8.874576539E-2,-8.034116775E-2
1.917934685E2,-3.247364759E-1,-1.274372339E-1,-7.362301461E-3
1.918034765E2,-3.037515879E-1,-1.023776904E-1,-1.450357437E-1
1.918134855E2,-2.878831029E-1,-9.082166851E-2,-5.289935693E-2
1.918234935E2,-2.850609422E-1,-4.001681134E-2,-1.759871989E-1
1.918335015E2,-2.971386611E-1,-2.910307050E-2,-8.384871483E-2
1.918435095E2,-3.334330022E-1,-9.821518324E-3,-2.181079835E-1
1.918535175E2,-3.833471239E-1,-3.574425727E-2,-1.482135504E-1
1.918635255E2,-4.592293799E-1,-3.773363680E-2,-3.238583505E-1
1.918735335E2,-5.493677258E-1,-6.813020259E-2,-2.916256487E-1
1.918835415E2,-6.196887493E-1,-4.499346018E-2,-4.693152010E-1
1.918935495E2,-6.504122615E-1,-4.607399926E-2,-4.148235619E-1
1.919035575E2,-6.658077836E-1,-4.920173902E-3,-5.462313890E-1
1.919135655E2,-6.305580139E-1,4.943779111E-2,-4.279435277E-1
1.919235735E2,-5.198277831E-1,1.534185112E-1,-4.864142835E-1
1.919335815E2,-3.339658976E-1,2.050646842E-1,-3.127008080E-1
1.919435895E2,-1.252427995E-1,2.104131132E-1,-3.565010130E-1
1.919535975E2,7.438916713E-2,1.082447469E-1,-2.042083293E-1
1.919636055E2,2.200821936E-1,-5.065728724E-2,-2.772572339E-1
1.919736135E2,3.001329899E-1,-2.769015729E-1,-1.638754755E-1
1.919836215E2,3.177388608E-1,-4.634514749E-1,-2.759903073E-1
1.919936295E2,2.845964134E-1,-6.320669055E-1,-1.877606064E-1
1.920036375E2,2.165811658E-1,-7.189826369E-1,-3.114772141E-1
1.920136455E2,1.611844599E-1,-7.628117800E-1,-2.225999236E-1
1.920236535E2,1.378671527E-1,-7.315960526E-1,-3.235981464E-1
1.920336615E2,1.556124687E-1,-7.094939351E-1,-2.283998132E-1
1.920436700E2,2.138105184E-1,-6.326792836E-1,-3.555308580E-1
1.920536780E2,3.182893693E-1,-5.350378752E-1,-2.937662601E-1
1.920636860E2,4.375976622E-1,-3.823535442E-1,-4.147864282E-1
1.920736940E2,5.592299700E-1,-2.257226110E-1,-2.961619198E-1
1.920837020E2,6.839060783E-1,-4.183853790E-2,-3.196653724E-1
1.920937100E2,8.110665679E-1,8.581926674E-2,-1.271329522E-1
1.921037180E2,9.346747994E-1,1.929260045E-1,-1.527669430E-1
1.921137260E2,1.042221189E0,2.450785488E-1,-1.439784002E-2
1.921237340E2,1.092121363E0,2.442846596E-1,-7.411789149E-2
1.921337420E2,1.085080147E0,1.768085659E-1,3.711531684E-2
1.921437500E2,1.039324641E0,8.361310512E-2,-5.141001940E-2
1.921537580E2,9.807824492E-1,-5.863598734E-2,3.449596465E-2
1.921637660E2,9.163643122E-1,-1.873774678E-1,-6.249609590E-2
1.921737740E2,8.361384869E-1,-2.722533941E-1,-9.394869208E-2
1.921837820E2,7.317407131E-1,-2.944223285E-1,-1.722181886E-1
1.921937900E2,5.849028826E-1,-2.588004470E-1,-2.550387979E-1
1.922037980E2,3.980174661E-1,-1.627455652E-1,-3.324486315E-1
1.922138060E2,2.107614428E-1,-1.432011649E-2,-3.898184299E-1
1.922238140E2,3.069340251E-2,1.229783520E-1,-4.262177348E-1
1.922338220E2,-1.060697064E-1,2.401622981E-1,-4.435724020E-1
1.922438300E2,-1.748168021E-1,3.638789058E-1,-4.318020046E-1
1.922538380E2,-1.757072657E-1,4.502438903E-1,-4.023149610E-1
1.922638460E2,-1.236619055E-1,4.787953496E-1,-3.730811775E-1
1.922738540E2,-5.206221342E-2,4.545216560E-1,-3.332870603E-1
1.922838620E2,5.274045281E-3,3.767264485E-1,-2.897371948E-1
1.922938700E2,3.721931577E-2,2.556445003E-1,-2.489276230E-1
1.923038780E2,4.668312520E-2,1.083573103E-1,-2.212970704E-1
1.923138860E2,2.741370350E-2,-1.731540635E-2,-2.072121948E-1
1.923238940E2,-1.442482509E-2,-1.098357514E-1,-2.108269036E-1
1.923339020E2,-7.519517839E-2,-1.485432684E-1,-2.109630257E-1
1.923439100E2,-1.624688357E-1,-1.344029456E-1,-2.019183934E-1
1.923539180E2,-2.604317963E-1,-8.476099372E-2,-1.928195506E-1
1.923639260E2,-3.554901183E-1,-2.223849669E-2,-1.848993152E-1
1.923739340E2,-4.229573905E-1,3.800772876E-2,-1.614491940E-1
1.923839420E2,-4.440176487E-1,9.957175702E-2,-1.255545765E-1
1.923939500E2,-4.300821126E-1,1.479743421E-1,-8.124153316E-2
1.924039580E2,-3.835942447E-1,1.601303369E-1,-2.753330022E-2
1.924139660E2,-3.076948225E-1,1.437414438E-1,2.547273412E-2
1.924239740E2,-2.194139659E-1,1.095288768E-1,7.432149351E-2
1.924339820E2,-1.356131732E-1,7.115028054E-2,1.146511137E-1
1.924439900E2,-6.450890750E-2,5.233478919E-2,1.495840698E-1
1.924539980E2,-1.926907897E-2,5.971205607E-2,1.851314902E-1
1.924640060E2,-1.302902587E-2,7.711022347E-2,2.211608589E-1
1.924740140E2,-3.694613650E-2,9.329457581E-2,2.501031458E-1
1.924840220E2,-8.212959766E-2,1.026443988E-1,2.700872421E-1
1.924940300E2,-1.313551813E-1,1.138248965E-1,2.798423171E-1
1.925040380E2,-1.807775944E-1,1.214266270E-1,2.759585977E-1
1.925140460E2,-2.139680833E-1,1.358424127E-1,2.610175908E-1
1.925240540E2,-2.257384509E-1,1.613285989E-1,2.443507016E-1
1.925340620E2,-2.202889621E-1,1.870350242E-1,2.443931103E-1
1.925440700E2,-2.024068981E-1,2.005015612E-1,2.655306160E-1
1.925540780E2,-1.805270016E-1,1.938959956E-1,3.009240925E-1
1.925640860E2,-1.524652839E-1,1.747982055E-1,3.385457695E-1
1.925740940E2,-1.126951277E-1,1.313478053E-1,3.656649292E-1
1.925841020E2,-5.566486716E-2,8.079647273E-2,3.795149922E-1
1.925941100E2,4.233513027E-3,3.827711195E-2,3.872549832E-1
1.926041180E2,6.389337778E-2,2.068826556E-2,3.895551562E-1
1.926141260E2,1.210252494E-1,6.170828640E-2,3.950552642E-1
1.926241340E2,1.717235744E-1,1.624849588E-1,3.950065374E-1
1.926341420E2,2.114614099E-1,2.993564010E-1,3.909715414E-1
1.926441500E2,2.270291895E-1,4.265010357E-1,3.762466609E-1
1.926541580E2,2.022979707E-1,4.886430800E-1,3.575676084E-1
1.926641660E2,1.493237019E-1,4.647952914E-1,3.430049121E-1
1.926741740E2,7.422588766E-2,3.839744627E-1,3.219600320E-1
1.926841820E2,-9.799767286E-3,2.868615091E-1,2.991324663E-1
1.926941900E2,-1.132324636E-1,1.922064126E-1,2.698470354E-1
1.927041980E2,-2.355581075E-1,1.046419442E-1,2.352214307E-1
1.927142060E2,-3.852322102E-1,-1.293956302E-2,1.904575229E-1
1.927242140E2,-5.301854014E-1,-1.001895145E-1,1.409999579E-1
1.927342220E2,-6.525251865E-1,-9.562613815E-2,1.051294431E-1
1.927442300E2,-6.971179843E-1,-1.268598158E-2,1.131269112E-1
1.927542380E2,-6.627206802E-1,1.050773114E-1,1.683010012E-1
1.927642460E2,-5.663041472E-1,2.128554434E-1,2.552942336E-1
1.927742540E2,-4.201353192E-1,2.926706374E-1,3.532851040E-1
1.927842620E2,-2.376238406E-1,3.302994967E-1,4.451996088E-1
1.927942700E2,-1.827367768E-2,3.393228352E-1,5.254303217E-1
1.928042790E2,2.050957531E-1,3.075580001E-1,5.805388689E-1
1.928142870E2,3.903433979E-1,2.438032329E-1,5.992283821E-1
1.928242950E2,4.899224341E-1,1.557276994E-1,5.914223790E-1
1.928343030E2,5.021650195E-1,6.155956164E-2,5.662708879E-1
1.928443110E2,4.419802427E-1,-3.467030078E-2,5.318799019E-1
1.928543190E2,3.257780075E-1,-1.138604358E-1,4.930920601E-1
1.928643270E2,1.779315770E-1,-1.835415065E-1,4.385888577E-1
1.928743350E2,1.519059204E-2,-2.262157351E-1,3.588753939E-1
1.928843430E2,-1.171650514E-1,-2.267163992E-1,2.675990164E-1
1.928943510E2,-2.101557702E-1,-2.059993446E-1,1.838359684E-1
1.929043590E2,-2.762586176E-1,-1.844317317E-1,1.160840914E-1
1.929143670E2,-3.220556080E-1,-1.664413363E-1,7.229882479E-2
1.929243750E2,-3.603436053E-1,-1.439618617E-1,4.872399196E-2
1.929343830E2,-3.818571270E-1,-1.159778684E-1,4.265300557E-2
1.929443910E2,-3.748008013E-1,-9.291675687E-2,4.870823398E-2
1.929543990E2,-3.491632044E-1,-7.186778635E-2,3.848905116E-2
1.929644070E2,-2.948062122E-1,-2.920181118E-2,2.759352699E-2
1.929744150E2,-2.121310830E-1,6.577695254E-3,2.939102612E-2
1.929844230E2,-1.210461780E-1,4.259588197E-2,3.513013944E-2
1.929944310E2,-2.501065843E-2,9.792861342E-2,4.697538912E-2
1.930044390E2,4.568827525E-2,1.613685638E-1,5.467112362E-2
1.930144470E2,8.040802926E-2,2.172527313E-1,6.099543348E-2
1.930244550E2,7.736244053E-2,2.545854449E-1,7.735869288E-2
1.930344630E2,4.956774041E-2,2.736018002E-1,9.457823634E-2
1.930444707E2,1.924099401E-2,2.682874501E-1,1.038668156E-1
1.930544787E2,-1.022322685E-3,2.470970899E-1,1.064257398E-1
1.930644867E2,-6.562496535E-3,2.110868990E-1,1.005579978E-1
1.930744947E2,-1.008541696E-2,1.518189609E-1,8.504253626E-2
1.930845027E2,-2.151810192E-2,7.309671491E-2,6.411515176E-2
1.930945107E2,-4.718365148E-2,-5.584210157E-5,4.762553051E-2
1.931045187E2,-8.532810956E-2,-4.764440283E-2,4.474345967E-2
1.931145267E2,-1.331160963E-1,-6.857328117E-2,5.046066642E-2
1.931245347E2,-1.720190197E-1,-7.375472784E-2,6.291041523E-2
1.931345427E2,-2.072751969E-1,-8.006887138E-2,6.600306928E-2
1.931445507E2,-2.336223722E-1,-9.000352770E-2,6.001788005E-2
1.931545587E2,-2.421987206E-1,-1.015682071E-1,3.862965107E-2
1.931645667E2,-2.355283052E-1,-1.044798344E-1,1.838642731E-2
1.931745747E2,-2.193146646E-1,-1.082797348E-1,7.430625614E-3
1.931845827E2,-1.965177506E-1,-9.923350811E-2,3.084613010E-3
1.931945907E2,-1.811365038E-1,-9.468373656E-2,6.154180970E-3
1.932045987E2,-1.593001783E-1,-1.049012244E-1,1.570214704E-2
1.932146067E2,-1.274888366E-1,-1.267215461E-1,3.077058680E-2
1.932246147E2,-8.095461875E-2,-1.660220772E-1,3.835020959E-2
1.932346227E2,-1.660472900E-2,-1.971086860E-1,3.984043375E-2
1.932446307E2,4.947894812E-2,-2.157620043E-1,3.398361057E-2
1.932546387E2,9.721136093E-2,-2.171095312E-1,1.717519760E-2
1.932646467E2,1.083114147E-1,-2.202784270E-1,-4.328497685E-3
1.932746547E2,8.086047322E-2,-2.338917255E-1,-2.675483190E-2
1.932846627E2,2.518389001E-2,-2.545365393E-1,-6.319273263E-2
1.932946707E2,-4.213377088E-2,-2.783441544E-1,-1.065558642E-1
1.933046787E2,-1.021363810E-1,-2.893904150E-1,-1.474210173E-1
1.933146867E2,-1.366651356E-1,-2.619657815E-1,-1.658666730E-1
1.933246947E2,-1.415677518E-1,-2.096541077E-1,-1.645004749E-1
1.933347027E2,-1.192322820E-1,-1.492386609E-1,-1.545136869E-1
1.933447107E2,-8.648738265E-2,-1.018604934E-1,-1.409355700E-1
1.933547187E2,-6.457102299E-2,-7.110718638E-2,-1.298748702E-1
1.933647267E2,-4.608362541E-2,-8.575990051E-2,-1.386425346E-1
1.933747347E2,-4.231289774E-2,-1.274730414E-1,-1.499773413E-1
1.933847427E2,-5.372321233E-2,-1.876745969E-1,-1.545601040E-1
1.933947507E2,-6.904074550E-2,-2.449997514E-1,-1.554262042E-1
1.934047587E2,-5.972714722E-2,-2.619473338E-1,-1.323142350E-1
1.934147667E2,-2.451626956E-2,-2.540446222E-1,-9.757408500E-2
1.934247747E2,3.938148543E-2,-2.508650720E-1,-6.186668202E-2
1.934347827E2,1.134624928E-1,-2.407809198E-1,-3.017591871E-2
1.934447907E2,1.807800084E-1,-2.672034800E-1,-6.773389876E-3
1.934547987E2,2.322261482E-1,-3.129451275E-1,-9.264511056E-3
1.934648067E2,2.673332989E-1,-3.692009449E-1,-5.014429986E-2
1.934748147E2,2.707746625E-1,-4.209996462E-1,-1.081389412E-1
1.934848227E2,2.341298014E-1,-4.601201713E-1,-1.819505841E-1
1.934948307E2,1.707688123E-1,-4.750334620E-1,-2.672387362E-1
1.935048387E2,1.086574942E-1,-4.495709836E-1,-3.466435671E-1
1.935148467E2,6.379409134E-2,-3.578087986E-1,-4.081094563E-1
1.935248547E2,4.750273377E-2,-2.089623213E-1,-4.642797709E-1
1.935348627E2,6.574950367E-2,-2.274262253E-3,-5.060535073E-1
1.935448707E2,1.199051514E-1,2.586348355E-1,-5.328677893E-1
1.935548787E2,2.035038769E-1,4.935390353E-1,-5.225138664E-1
1.935648867E2,2.821469903E-1,6.712238193E-1,-4.731026292E-1
1.935748947E2,3.397927284E-1,7.653223276E-1,-4.155552387E-1
1.935849027E2,3.726707697E-1,7.860246897E-1,-3.536047935E-1
1.935949107E2,3.899520338E-1,7.254382968E-1,-2.994600534E-1
1.936049187E2,3.969348371E-1,5.797333121E-1,-2.619587779E-1
1.936149267E2,3.895074427E-1,3.598941267E-1,-2.386599779E-1
1.936249347E2,3.700490594E-1,9.455994517E-2,-2.316015363E-1
1.936349437E2,3.409514725E-1,-1.910334826E-1,-2.476172596E-1
1.936449517E2,3.134756386E-1,-4.287253916E-1,-2.839014828E-1
1.936549597E2,2.829723954E-1,-5.815926790E-1,-3.200881183E-1
1.936649677E2,2.261578739E-1,-6.268158555E-1,-3.537078500E-1
1.936749757E2,1.397815049E-1,-5.524969101E-1,-3.687683344E-1
1.936849837E2,2.190998569E-2,-4.128327966E-1,-3.701185584E-1
1.936949917E2,-1.115496829E-1,-2.298474014E-1,-3.547589481E-1
1.937049997E2,-2.284797579E-1,-1.183437929E-2,-3.382241726E-1
1.937150077E2,-2.983557284E-1,1.662351340E-1,-3.256967366E-1
1.937250157E2,-3.152574897E-1,2.749112844E-1,-3.267590702E-1
1.937350237E2,-3.056209683E-1,3.243537843E-1,-3.276781738E-1
1.937450317E2,-2.885996401E-1,2.903231084E-1,-3.193864226E-1
1.937550397E2,-2.591733634E-1,2.086431086E-1,-3.088823855E-1
1.937650477E2,-2.219801992E-1,1.065785363E-1,-2.964904308E-1
1.937750557E2,-1.814874560E-1,5.435056519E-3,-2.840398550E-1
1.937850637E2,-1.528542191E-1,-9.159375727E-2,-2.725696266E-1
1.937950717E2,-1.493197083E-1,-1.851609051E-1,-2.619326711E-1
1.938050797E2,-1.733909547E-1,-2.504402995E-1,-2.496722639E-1
1.938150877E2,-2.058907449E-1,-2.821998596E-1,-2.380917966E-1
1.938250957E2,-2.337964028E-1,-2.789380252E-1,-2.317492068E-1
1.938351037E2,-2.524730563E-1,-2.382347286E-1,-2.363696247E-1
1.938451117E2,-2.531476319E-1,-1.586216539E-1,-2.428200692E-1
1.938551197E2,-2.442327589E-1,-5.439274758E-2,-2.412856966E-1
1.938651277E2,-2.409956902E-1,4.650617018E-2,-2.116119564E-1
1.938751357E2,-2.461199909E-1,1.156387776E-1,-1.616839170E-1
1.938851437E2,-2.495104671E-1,1.269651949E-1,-1.153289303E-1
1.938951517E2,-2.441881746E-1,9.689794481E-2,-8.327237517E-2
1.939051597E2,-2.306230962E-1,5.329453945E-2,-5.874865130E-2
1.939151677E2,-2.120806128E-1,-2.667431254E-3,-2.898001298E-2
1.939251757E2,-1.968606412E-1,-4.903706163E-2,6.155071780E-3
1.939351837E2,-1.860183179E-1,-6.774637848E-2,4.324276000E-2
1.939451917E2,-1.701259017E-1,-6.467495859E-2,8.268710226E-2
1.939551997E2,-1.485381275E-1,-4.212364554E-2,1.186972186E-1
1.939652077E2,-1.243574321E-1,-2.046548761E-2,1.483344734E-1
1.939752157E2,-1.087681353E-1,-2.389872912E-3,1.662836373E-1
1.939852237E2,-1.113271639E-1,1.235631667E-2,1.694903374E-1
1.939952317E2,-1.304249763E-1,1.493584178E-2,1.760634929E-1
1.940052397E2,-1.505851150E-1,1.700778119E-2,1.780395508E-1
1.940152477E2,-1.654485911E-1,1.642708667E-2,1.794301569E-1
1.940252557E2,-1.585803032E-1,9.997417219E-3,1.864188313E-1
1.940352637E2,-1.456848085E-1,2.018400934E-3,1.968384832E-1
1.940452719E2,-1.283449680E-1,1.295885071E-3,2.025962323E-1
1.940552799E2,-1.155056134E-1,-1.897129696E-3,2.095182091E-1
1.940652879E2,-1.157077476E-1,-1.601987332E-2,1.974751353E-1
1.940752959E2,-1.202908903E-1,-3.482096642E-2,1.716911942E-1
1.940853039E2,-1.189598367E-1,-4.113132507E-2,1.412896216E-1
1.940953119E2,-1.125234962E-1,-1.839526743E-2,1.191350073E-1
1.941053199E2,-1.107679456E-1,2.186720073E-2,1.087729111E-1
1.941153279E2,-1.009637043E-1,7.917359471E-2,1.108346581E-1
1.941253359E2,-8.342971653E-2,1.365301013E-1,1.212646663E-1
1.941353439E2,-5.458759516E-2,1.767443120E-1,1.308988482E-1
1.941453519E2,-2.528643236E-2,1.812535822E-1,1.294982880E-1
1.941553599E2,9.942043573E-3,1.707850099E-1,1.231270134E-1
1.941653679E2,3.487668559E-2,1.493172646E-1,1.120075136E-1
1.941753759E2,5.784813687E-2,1.488168240E-1,1.069002971E-1
1.941853839E2,8.031748980E-2,1.591389775E-1,1.054443493E-1
1.941953919E2,1.100172177E-1,1.642216295E-1,1.098159403E-1
1.942053999E2,1.706861705E-1,1.739773303E-1,1.188006476E-1
1.942154079E2,2.495806366E-1,2.067939192E-1,1.288227886E-1
1.942254159E2,3.266866207E-1,2.587782741E-1,1.380977780E-1
1.942354239E2,3.765491247E-1,3.038886786E-1,1.374384314E-1
1.942454319E2,3.812080622E-1,3.121383786E-1,1.244571209E-1
1.942554399E2,3.388630748E-1,3.368864954E-1,1.227944791E-1
1.942654489E2,2.607989013E-1,3.593329489E-1,1.165696084E-1
1.942754569E2,1.399918348E-1,3.510431051E-1,8.674089611E-2
1.942854649E2,-2.698038518E-2,3.188366890E-1,3.034020029E-2
1.942954729E2,-2.312786728E-1,2.385917902E-1,-2.500492148E-2
1.943054809E2,-4.419874549E-1,8.039414883E-2,-1.000812948E-1
1.943154889E2,-6.109858751E-1,-8.946160227E-2,-2.027961165E-1
1.943254969E2,-6.968582273E-1,-1.885152161E-1,-2.915518284E-1
1.943355049E2,-6.663504839E-1,-1.679810286E-1,-3.290398419E-1
1.943455129E2,-5.151209831E-1,-1.422582101E-2,-3.071534336E-1
1.943555209E2,-2.854820788E-1,2.141621113E-1,-2.323665619E-1
1.943655289E2,-5.114760250E-2,4.214854538E-1,-1.275994033E-1
1.943755369E2,1.145469397E-1,5.142765045E-1,-2.474908344E-2
1.943855449E2,2.105533630E-1,4.951158762E-1,5.148070306E-2
1.943955529E2,2.691467404E-1,4.442570210E-1,8.731102198E-2
1.944055609E2,2.957786024E-1,3.523454666E-1,9.878631681E-2
1.944155689E2,2.896581888E-1,2.599629164E-1,8.716285229E-2
1.944255769E2,2.582472563E-1,1.907470822E-1,6.102313101E-2
1.944355849E2,2.017314136E-1,1.275534779E-1,2.674357779E-2
1.944455929E2,1.250158697E-1,7.950419188E-2,-2.205783501E-3
1.944556009E2,3.242202848E-2,5.291561782E-2,-1.666663773E-2
1.944656089E2,-6.034572423E-2,3.447642177E-2,-2.278311923E-2
1.944756169E2,-1.363532245E-1,2.360038087E-2,-1.929164305E-2
1.944856249E2,-1.776303500E-1,9.808667935E-3,-1.894543134E-2
1.944956329E2,-1.898525208E-1,-2.908144332E-2,-2.667045407E-2
1.945056409E2,-1.936160922E-1,-8.265731484E-2,-4.754856974E-2
1.945156489E2,-1.799946129E-1,-1.102902368E-1,-7.183273137E-2
1.945256569E2,-1.505030394E-1,-1.186642870E-1,-9.102214128E-2
1.945356649E2,-1.133829504E-1,-1.060681492E-1,-1.157391518E-1
1.945456729E2,-6.560983509E-2,-6.579076499E-2,-1.354326904E-1
1.945556809E2,-1.886615716E-2,-1.234071702E-2,-1.476076990E-1
1.945656889E2,2.297236957E-2,3.867080435E-2,-1.571423411E-1
1.945756969E2,4.567442834E-2,7.429370284E-2,-1.714554429E-1
1.945857049E2,4.012253508E-2,7.268142700E-2,-1.880144477E-1
1.945957129E2,1.688837819E-2,5.416267738E-2,-2.073490620E-1
1.946057209E2,-2.275889926E-2,2.485325746E-2,-2.310695648E-1
1.946157289E2,-5.675038695E-2,-1.297997124E-2,-2.608371377E-1
1.946257369E2,-9.158160537E-2,-4.679492861E-2,-3.006572723E-1
1.946357449E2,-1.171669438E-1,-7.637888193E-2,-3.360551298E-1
1.946457529E2,-1.378711462E-1,-9.544684738E-2,-3.679739237E-1
1.946557609E2,-1.561354697E-1,-1.250385344E-1,-3.909904659E-1
1.946657689E2,-1.655526608E-1,-1.451350152E-1,-4.008031487E-1
1.946757769E2,-1.671579927E-1,-1.648379564E-1,-4.080845714E-1
1.946857849E2,-1.689377874E-1,-1.924309731E-1,-4.201763868E-1
1.946957929E2,-1.670763344E-1,-2.126153111E-1,-4.365884066E-1
1.947058009E2,-1.663061529E-1,-2.298294604E-1,-4.513468444E-1
1.947158089E2,-1.559173167E-1,-2.300928682E-1,-4.546257257E-1
1.947258169E2,-1.364461482E-1,-2.147991210E-1,-4.501012862E-1
1.947358249E2,-1.092840806E-1,-2.054115236E-1,-4.377264977E-1
1.947458329E2,-7.479933649E-2,-2.007592469E-1,-4.147002697E-1
1.947558409E2,-2.231634967E-2,-1.966928393E-1,-3.870213330E-1
1.947658489E2,3.179189563E-2,-2.091558874E-1,-3.720972538E-1
1.947758569E2,1.018442959E-1,-2.199576646E-1,-3.725424409E-1
1.947858649E2,1.859160215E-1,-2.321861088E-1,-3.772282898E-1
1.947958729E2,2.623161972E-1,-2.438916117E-1,-3.827438056E-1
1.948058819E2,3.184851706E-1,-2.415014207E-1,-3.848319948E-1
1.948158899E2,3.446280062E-1,-2.381809205E-1,-3.859850168E-1
1.948258979E2,3.319790661E-1,-2.612414658E-1,-4.072397053E-1
1.948359059E2,2.941248715E-1,-2.965885103E-1,-4.464769065E-1
1.948459139E2,2.377252430E-1,-3.564515710E-1,-5.077144504E-1
1.948559219E2,1.734856218E-1,-4.380306005E-1,-5.917781591E-1
1.948659299E2,1.139810160E-1,-4.993205667E-1,-6.837797165E-1
1.948759379E2,7.798404247E-2,-5.189690590E-1,-7.690318823E-1
1.948859459E2,6.790105253E-2,-4.969934523E-1,-8.295136094E-1
1.948959539E2,8.495207876E-2,-3.961229026E-1,-8.276841044E-1
1.949059619E2,1.203966215E-1,-2.381511033E-1,-7.685571313E-1
1.949159699E2,1.712873280E-1,-8.639478683E-2,-6.656774879E-1
1.949259779E2,2.364500910E-1,2.477860078E-2,-5.607140660E-1
1.949359859E2,3.116674423E-1,2.938407473E-2,-5.026522279E-1
1.949459939E2,3.746623695E-1,-7.085730880E-2,-4.843909442E-1
1.949560019E2,3.987372220E-1,-2.361536175E-1,-5.122015476E-1
1.949660099E2,3.885527551E-1,-4.234079421E-1,-5.643161535E-1
1.949760179E2,3.807755709E-1,-5.630366802E-1,-6.456832886E-1
1.949860259E2,3.676323593E-1,-6.168061495E-1,-7.269318104E-1
1.949960339E2,3.501450121E-1,-5.957925916E-1,-7.928823829E-1
1.950060419E2,3.502696753E-1,-5.150256157E-1,-8.451471925E-1
1.950160499E2,3.325119615E-1,-4.224049449E-1,-9.020141363E-1
1.950260579E2,2.660775483E-1,-3.213321269E-1,-9.547138810E-1
1.950360659E2,1.757417768E-1,-1.879702210E-1,-1.019852281E0
1.950460739E2,8.902259171E-2,-1.253049634E-2,-1.079160929E0
1.950560819E2,-7.406137418E-3,1.787660122E-1,-1.126093388E0
1.950660899E2,-1.196285486E-1,3.652445376E-1,-1.144203186E0
1.950760979E2,-2.258795202E-1,5.188893080E-1,-1.138270497E0
1.950861059E2,-2.878145278E-1,6.532076597E-1,-1.094888687E0
1.950961139E2,-2.898759842E-1,7.351263165E-1,-1.027508020E0
1.951061219E2,-2.459785789E-1,7.634437084E-1,-9.384696484E-1
1.951161299E2,-1.534555107E-1,7.150994539E-1,-8.360037804E-1
1.951261379E2,-3.124251962E-2,5.765197277E-1,-7.442302108E-1
1.951361459E2,1.047519818E-1,3.621510267E-1,-6.731788516E-1
1.951461539E2,2.149445266E-1,7.669106871E-2,-6.273138523E-1
1.951561619E2,2.803333402E-1,-2.311485857E-1,-6.180080771E-1
1.951661699E2,2.849805355E-1,-4.848138690E-1,-6.517282128E-1
1.951761779E2,2.262573689E-1,-6.393859386E-1,-7.224525809E-1
1.951861859E2,1.326768249E-1,-6.702061892E-1,-8.133761287E-1
1.951961939E2,3.099461831E-2,-5.903556347E-1,-8.773406148E-1
1.952062019E2,-6.675457954E-2,-4.503844380E-1,-9.098221064E-1
1.952162099E2,-1.558372378E-1,-2.811166048E-1,-9.299442768E-1
1.952262179E2,-2.092437297E-1,-1.174893230E-1,-9.453511834E-1
1.952362259E2,-2.254179418E-1,-5.923928693E-4,-9.531936646E-1
1.952462339E2,-2.165083438E-1,4.008126631E-2,-9.540200233E-1
1.952562419E2,-1.898839474E-1,2.405032516E-2,-9.360710979E-1
1.952662499E2,-1.530023515E-1,-2.427140251E-2,-9.100578427E-1
1.952762579E2,-1.079128236E-1,-7.964740694E-2,-8.857644796E-1
1.952862659E2,-5.749945343E-2,-1.275560707E-1,-8.600929379E-1
1.952962749E2,-1.949283481E-2,-1.700650007E-1,-8.360160589E-1
1.953062829E2,1.242005033E-3,-1.977123469E-1,-8.222821951E-1
1.953162909E2,6.784672849E-3,-1.906362474E-1,-8.224911094E-1
1.953262989E2,-1.119139791E-2,-1.687005907E-1,-8.351677656E-1
1.953363069E2,-5.356128514E-2,-1.424558461E-1,-8.527887464E-1
1.953463149E2,-1.153221205E-1,-1.338839233E-1,-8.726596832E-1
1.953563229E2,-1.895895749E-1,-1.554431021E-1,-8.934642076E-1
1.953663309E2,-2.645975053E-1,-1.899086684E-1,-9.172555208E-1
1.953763389E2,-3.282681108E-1,-2.243530303E-1,-9.400766492E-1
1.953863469E2,-3.553186357E-1,-2.364965081E-1,-9.548225999E-1
1.953963549E2,-3.557460308E-1,-2.253797203E-1,-9.628041983E-1
1.954063629E2,-3.385934234E-1,-1.975667328E-1,-9.699326754E-1
1.954163709E2,-3.151305318E-1,-1.526791304E-1,-9.673054814E-1
1.954263789E2,-3.039388359E-1,-1.041898951E-1,-9.600441456E-1
1.954363869E2,-3.059154153E-1,-7.016251981E-2,-9.657300711E-1
1.954463949E2,-3.207172751E-1,-4.582042247E-2,-9.767180085E-1
1.954564029E2,-3.436062336E-1,-2.088995464E-2,-9.816036820E-1
1.954664109E2,-3.682178557E-1,1.416948624E-3,-9.827294350E-1
1.954764189E2,-3.840475082E-1,2.329538763E-2,-9.841738343E-1
1.954864269E2,-3.931680322E-1,4.750245810E-2,-9.885885715E-1
1.954964349E2,-3.929181099E-1,7.259616256E-2,-1.004202843E0
1.955064429E2,-3.916869164E-1,8.659027517E-2,-1.034678698E0
1.955164509E2,-3.895108700E-1,1.024969667E-1,-1.065348268E0
1.955264589E2,-3.847011924E-1,1.359854192E-1,-1.077022552E0
1.955364669E2,-3.651995361E-1,1.912481785E-1,-1.074867010E0
1.955464749E2,-3.240798116E-1,2.618211210E-1,-1.063350201E0
1.955564829E2,-2.647156417E-1,3.375670314E-1,-1.046913981E0
1.955664909E2,-2.094901949E-1,3.957065046E-1,-1.030160069E0
1.955764989E2,-1.637779772E-1,4.231339991E-1,-1.007156134E0
1.955865069E2,-1.281137317E-1,3.963101208E-1,-9.961662889E-1
1.955965149E2,-8.476962894E-2,3.454366326E-1,-9.872962236E-1
1.956065229E2,-4.163813218E-2,2.877419293E-1,-9.847108126E-1
1.956165309E2,-1.646585017E-2,2.415647954E-1,-9.905232191E-1
1.956265389E2,-9.768798016E-3,2.253924757E-1,-1.007178307E0
1.956365469E2,-2.796707302E-2,2.373273224E-1,-1.027142882E0
1.956465549E2,-6.180945784E-2,2.604920268E-1,-1.039445519E0
1.956565629E2,-8.415708691E-2,2.940593660E-1,-1.046956182E0
1.956665709E2,-7.377049327E-2,3.266761601E-1,-1.049540281E0
1.956765789E2,-2.730757929E-2,3.373773396E-1,-1.035196900E0
1.956865869E2,4.892167822E-2,3.136629462E-1,-1.004805684E0
1.956965949E2,1.428816319E-1,2.564337254E-1,-9.650396109E-1
1.957066029E2,2.435256839E-1,1.753199697E-1,-9.098961949E-1
1.957166109E2,3.436172307E-1,7.403981686E-2,-8.569067121E-1
1.957266189E2,4.438461065E-1,-2.270003594E-2,-8.257466555E-1
1.957366269E2,5.325248837E-1,-9.366384149E-2,-8.058615923E-1
1.957466349E2,6.022230387E-1,-1.218267828E-1,-8.061920404E-1
1.957566429E2,6.668504477E-1,-8.688621223E-2,-8.376487494E-1
1.957666509E2,6.931321025E-1,3.645287827E-3,-8.743873239E-1
1.957766599E2,6.596110463E-1,9.626377374E-2,-9.040853977E-1
1.957866679E2,5.786413550E-1,2.022514641E-1,-9.175205231E-1
1.957966759E2,4.729726017E-1,3.182385862E-1,-9.173470140E-1
1.958066839E2,3.531079888E-1,4.128769636E-1,-9.138854146E-1
1.958166919E2,2.279541045E-1,4.473276436E-1,-9.179274440E-1
1.958266999E2,9.453746676E-2,4.064273238E-1,-9.425036311E-1
1.958367079E2,-3.225153685E-2,3.077825904E-1,-9.880874753E-1
1.958467159E2,-1.584526151E-1,1.551288515E-1,-1.051731110E0
1.958567239E2,-2.654769421E-1,1.958127879E-2,-1.126531601E0
1.958667319E2,-3.277453780E-1,-5.150222033E-2,-1.211891413E0
1.958767399E2,-3.325398862E-1,-1.502294187E-2,-1.266921043E0
1.958867479E2,-2.607567906E-1,1.697341204E-1,-1.256146908E0
1.958967559E2,-1.187596545E-1,4.638932645E-1,-1.174704432E0
1.959067639E2,5.291249976E-2,7.528910041E-1,-1.038863420E0
1.959167719E2,2.088152319E-1,9.293646216E-1,-9.043598771E-1
1.959267799E2,3.195832670E-1,9.736750722E-1,-7.999676466E-1
1.959367879E2,3.868018091E-1,8.763226867E-1,-7.384876013E-1
1.959467959E2,4.408493340E-1,6.985089779E-1,-7.164691687E-1
1.959568039E2,4.846524000E-1,4.827706516E-1,-7.142030001E-1
1.959668119E2,5.245023370E-1,2.830154896E-1,-7.088646889E-1
1.959768199E2,5.575987697E-1,1.111203432E-1,-6.972115636E-1
1.959868279E2,5.826029181E-1,-1.729382016E-2,-7.048695087E-1
1.959968359E2,5.735680461E-1,-1.000566483E-1,-7.415559888E-1
1.960068439E2,5.165992975E-1,-1.426528394E-1,-8.095248938E-1
1.960168519E2,4.004657269E-1,-1.537198275E-1,-8.883519769E-1
1.960268599E2,2.439440191E-1,-1.410604864E-1,-9.591806531E-1
1.960368679E2,9.205770493E-2,-5.799188092E-2,-1.006057382E0
1.960468757E2,-2.165501192E-2,5.072021857E-2,-1.039205670E0
1.960568837E2,-9.588392824E-2,1.382192820E-1,-1.050331950E0
1.960668917E2,-1.394982338E-1,1.812543720E-1,-1.048633337E0
1.960768997E2,-1.571920514E-1,1.658152938E-1,-1.036883235E0
1.960869077E2,-1.563278586E-1,9.443457425E-2,-1.016518354E0
1.960969157E2,-1.404209286E-1,-2.832026221E-3,-9.789748192E-1
1.961069237E2,-1.013592854E-1,-9.251664579E-2,-9.308804870E-1
1.961169317E2,-5.992209166E-2,-1.621967107E-1,-8.772051334E-1
1.961269397E2,-3.417598456E-2,-2.100358754E-1,-8.285374641E-1
1.961369477E2,-3.257106245E-2,-2.100949585E-1,-7.875683308E-1
1.961469557E2,-5.027442798E-2,-1.691110432E-1,-7.546077371E-1
1.961569637E2,-8.387745172E-2,-1.075261161E-1,-7.245765328E-1
1.961669717E2,-1.221707836E-1,-5.546823889E-2,-6.991183162E-1
1.961769797E2,-1.509477496E-1,-1.156588923E-2,-6.736605763E-1
1.961869877E2,-1.680122167E-1,1.235275902E-2,-6.460854411E-1
1.961969957E2,-1.800881177E-1,8.674229495E-3,-6.221302748E-1
1.962070037E2,-1.880099475E-1,-1.965807565E-2,-6.114369035E-1
1.962170117E2,-1.974426210E-1,-6.549885869E-2,-6.152281165E-1
1.962270197E2,-2.219679505E-1,-1.267582178E-1,-6.273860335E-1
1.962370287E2,-2.479799390E-1,-1.801044941E-1,-6.336646676E-1
1.962470367E2,-2.639138997E-1,-2.238043100E-1,-6.367979050E-1
1.962570447E2,-2.497411817E-1,-2.554945052E-1,-6.304203868E-1
1.962670527E2,-2.083285004E-1,-2.855395079E-1,-6.213344932E-1
1.962770607E2,-1.688531637E-1,-2.897157669E-1,-6.084332466E-1
1.962870687E2,-1.322794408E-1,-2.659744918E-1,-5.925040245E-1
1.962970767E2,-1.130479649E-1,-2.330185771E-1,-5.766543746E-1
1.963070847E2,-1.190842837E-1,-2.071070820E-1,-5.690582395E-1
1.963170927E2,-1.462052464E-1,-1.837972105E-1,-5.641165376E-1
1.963271007E2,-1.859449297E-1,-1.724686623E-1,-5.557603240E-1
1.963371087E2,-2.228489518E-1,-1.627344489E-1,-5.494936109E-1
1.963471167E2,-2.310419083E-1,-1.664737910E-1,-5.487362146E-1
1.963571247E2,-2.004864365E-1,-1.678221971E-1,-5.460855961E-1
1.963671327E2,-1.537450403E-1,-1.734206825E-1,-5.467487574E-1
1.963771407E2,-9.839887172E-2,-1.856675595E-1,-5.388376117E-1
1.963871487E2,-4.760386795E-2,-1.915741861E-1,-5.195501447E-1
1.963971567E2,-1.150341053E-2,-1.937401742E-1,-4.929632545E-1
1.964071647E2,1.876900718E-2,-1.882114559E-1,-4.603435397E-1
1.964171727E2,4.392602295E-2,-1.885443479E-1,-4.292487204E-1
1.964271807E2,7.130545378E-2,-2.145599723E-1,-4.086505175E-1
1.964371887E2,9.994138032E-2,-2.508601248E-1,-3.980506659E-1
1.964471967E2,1.205025762E-1,-2.933268845E-1,-3.941943944E-1
1.964572047E2,1.356438398E-1,-3.216958940E-1,-3.953009844E-1
1.964672127E2,1.562769413E-1,-3.190801144E-1,-4.101265371E-1
1.964772207E2,1.662613153E-1,-2.980654836E-1,-4.296772480E-1
1.964872287E2,1.814794093E-1,-2.588419020E-1,-4.577386975E-1
1.964972367E2,1.924601048E-1,-2.114435434E-1,-4.820051491E-1
1.965072447E2,2.040283382E-1,-1.475250125E-1,-4.929384887E-1
1.965172527E2,2.105642706E-1,-8.829925209E-2,-4.948727489E-1
1.965272607E2,2.059817612E-1,-4.929779097E-2,-4.939462245E-1
1.965372687E2,1.787996888E-1,-4.060027748E-2,-4.946936667E-1
1.965472767E2,1.242965087E-1,-5.493553728E-2,-4.897242188E-1
1.965572847E2,5.911526829E-2,-7.758356631E-2,-4.834253192E-1
1.965672927E2,-1.080416236E-2,-1.003091186E-1,-4.745599031E-1
1.965773007E2,-6.757734716E-2,-1.218650118E-1,-4.520443082E-1
1.965873087E2,-6.986127794E-2,-1.416988969E-1,-3.981243372E-1
1.965973167E2,-2.621373720E-2,-1.812415719E-1,-3.348029554E-1
1.966073247E2,5.008316413E-2,-2.613973916E-1,-2.714527547E-1
1.966173327E2,1.397325993E-1,-3.836752176E-1,-2.104679197E-1
1.966273407E2,2.184966505E-1,-5.407654643E-1,-1.610012949E-1
1.966373487E2,2.801325321E-1,-6.865047812E-1,-1.339973509E-1
1.966473567E2,3.003951907E-1,-7.913858891E-1,-1.339699179E-1
1.966573647E2,2.864193320E-1,-8.504740000E-1,-1.686117500E-1
1.966673727E2,2.275858372E-1,-8.605564833E-1,-2.208283395E-1
1.966773807E2,1.386644393E-1,-7.900425196E-1,-2.789187133E-1
1.966873887E2,6.134835258E-2,-6.382101178E-1,-3.246382475E-1
1.966973977E2,7.073553279E-3,-4.375800490E-1,-3.623179793E-1
1.967074057E2,-1.419525035E-2,-2.053878307E-1,-4.044081867E-1
1.967174137E2,-1.652584760E-3,3.982694820E-3,-4.532868564E-1
1.967274217E2,2.664776333E-2,1.615558118E-1,-5.033289194E-1
1.967374297E2,5.174852908E-2,2.596352994E-1,-5.349231958E-1
1.967474377E2,6.538711488E-2,3.238973618E-1,-5.440032482E-1
1.967574457E2,6.209360063E-2,3.513144255E-1,-5.407865047E-1
1.967674537E2,5.378826335E-2,3.656411767E-1,-5.159114599E-1
1.967774617E2,5.538818985E-2,3.573456109E-1,-4.614028633E-1
1.967874697E2,7.158579677E-2,3.092902005E-1,-3.930115700E-1
1.967974777E2,1.076520681E-1,2.227821499E-1,-3.274601996E-1
1.968074857E2,1.516807824E-1,7.979729772E-2,-2.791171670E-1
1.968174937E2,1.956253797E-1,-9.694923460E-2,-2.540697455E-1
1.968275017E2,2.165312022E-1,-2.653060257E-1,-2.454637438E-1
1.968375097E2,1.942616105E-1,-3.883838356E-1,-2.475014180E-1
1.968475177E2,1.421422213E-1,-4.385415316E-1,-2.562991679E-1
1.968575257E2,6.480876356E-2,-4.232965708E-1,-2.680600882E-1
1.968675337E2,-3.232550621E-2,-3.692471683E-1,-2.806906700E-1
1.968775417E2,-1.299897432E-1,-2.845072448E-1,-2.905496955E-1
1.968875497E2,-2.069809288E-1,-1.858422011E-1,-2.988494337E-1
1.968975577E2,-2.520788908E-1,-1.033168510E-1,-3.083162010E-1
1.969075657E2,-2.670605183E-1,-6.536120921E-2,-3.160854578E-1
1.969175737E2,-2.620593607E-1,-4.009686410E-2,-3.085708022E-1
1.969275817E2,-2.368730307E-1,-5.339828879E-2,-2.880705893E-1
1.969375897E2,-2.148263752E-1,-9.100202471E-2,-2.741141915E-1
1.969475977E2,-2.041351050E-1,-1.282074451E-1,-2.746258080E-1
1.969576057E2,-1.990199387E-1,-1.881314963E-1,-2.762720883E-1
1.969676137E2,-1.982305795E-1,-2.503496110E-1,-2.845329642E-1
1.969776217E2,-2.003479004E-1,-3.092425466E-1,-3.044466078E-1
1.969876297E2,-1.957760602E-1,-3.296668530E-1,-3.148734272E-1
1.969976377E2,-1.871644258E-1,-2.968910635E-1,-3.153396845E-1
1.970076457E2,-1.727569848E-1,-2.297378629E-1,-3.210556507E-1
1.970176537E2,-1.581958532E-1,-1.385634094E-1,-3.252914250E-1
1.970276617E2,-1.499986500E-1,-5.144128948E-2,-3.301849961E-1
1.970376697E2,-1.518034786E-1,-1.727910712E-4,-3.401998281E-1
1.970476779E2,-1.611817926E-1,1.627675630E-2,-3.477842212E-1
1.970576859E2,-1.747415662E-1,1.637912542E-2,-3.507686853E-1
1.970676939E2,-1.861598641E-1,1.807928830E-2,-3.531889617E-1
1.970777019E2,-1.945682764E-1,5.195372924E-2,-3.433971703E-1
1.970877099E2,-1.914105713E-1,9.604609013E-2,-3.338750303E-1
1.970977179E2,-1.827457845E-1,1.400689185E-1,-3.200872242E-1
1.971077259E2,-1.682896167E-1,1.943292171E-1,-2.945379317E-1
1.971177339E2,-1.534165889E-1,2.357632965E-1,-2.563321292E-1
1.971277419E2,-1.377705187E-1,2.522727549E-1,-2.111449540E-1
1.971377499E2,-1.190475672E-1,2.542355955E-1,-1.648805737E-1
1.971477589E2,-9.049794823E-2,2.471625060E-1,-1.182078719E-1
1.971577669E2,-5.281560123E-2,2.249738276E-1,-7.022609562E-2
1.971677749E2,-1.171769947E-2,1.956276596E-1,-2.516594343E-2
1.971777829E2,2.863219194E-2,1.582497358E-1,1.412029378E-2
1.971877909E2,6.400430202E-2,1.270505339E-1,4.813019186E-2
1.971977989E2,9.228081256E-2,1.130872890E-1,7.460686564E-2
1.972078069E2,1.044285595E-1,1.370451003E-1,9.401997924E-2
1.972178149E2,1.099366620E-1,1.897440106E-1,1.162882671E-1
1.972278229E2,1.036864892E-1,2.461689413E-1,1.334693879E-1
1.972378309E2,9.072023630E-2,2.939744294E-1,1.501830071E-1
1.972478389E2,7.412315160E-2,3.068872988E-1,1.744095236E-1
1.972578469E2,5.611548200E-2,2.981964350E-1,1.951385438E-1
1.972678549E2,6.269828230E-2,2.915044427E-1,2.129652202E-1
1.972778629E2,7.984004915E-2,2.705900371E-1,2.226497680E-1
1.972878709E2,9.385333955E-2,2.428396195E-1,2.274602354E-1
1.972978789E2,1.058314219E-1,2.132365704E-1,2.309203744E-1
1.973078869E2,1.137018651E-1,1.899916977E-1,2.423583865E-1
1.973178949E2,1.234073713E-1,1.814814359E-1,2.566293776E-1
1.973279029E2,1.517295539E-1,1.847707033E-1,2.740664184E-1
1.973379109E2,1.970908940E-1,1.991735101E-1,2.855119109E-1
1.973479189E2,2.417417169E-1,2.215579003E-1,2.958817482E-1
1.973579269E2,2.740299106E-1,2.378019542E-1,3.066286147E-1
1.973679349E2,2.895609140E-1,2.375329882E-1,3.125429749E-1
1.973779429E2,2.914197147E-1,2.146438509E-1,3.086032271E-1
1.973879509E2,2.785867453E-1,1.743113399E-1,2.885887623E-1
1.973979589E2,2.593074739E-1,1.139624342E-1,2.498295009E-1
1.974079669E2,2.441602200E-1,6.243745610E-2,2.143580467E-1
1.974179749E2,2.343511134E-1,1.694040373E-2,1.711291820E-1
1.974279829E2,2.119296938E-1,-7.449091878E-3,1.234841645E-1
1.974379909E2,1.695393473E-1,-5.790363997E-3,6.834570318E-2
1.974479989E2,1.009640172E-1,4.505682737E-3,3.507669643E-2
1.974580069E2,3.564846888E-2,4.332931340E-2,3.080879897E-2
1.974680149E2,2.999449149E-3,9.455814213E-2,4.961284623E-2
1.974780229E2,2.108694986E-2,1.661931425E-1,8.262298256E-2
1.974880309E2,8.881939203E-2,2.438732982E-1,1.316853464E-1
1.974980389E2,1.851441711E-1,2.975358665E-1,1.851696372E-1
1.975080469E2,2.795329690E-1,2.936489880E-1,2.369510829E-1
1.975180549E2,3.471389115E-1,2.382287979E-1,2.769526243E-1
1.975280629E2,4.041055143E-1,1.712614894E-1,2.995679080E-1
1.975380709E2,4.413419366E-1,1.163364127E-1,3.056472838E-1
1.975480789E2,4.310831726E-1,8.292678744E-2,3.007627726E-1
1.975580869E2,3.887422085E-1,8.418813348E-2,2.897489667E-1
1.975680949E2,3.175162375E-1,9.545223415E-2,2.818220854E-1
1.975781029E2,2.193839252E-1,1.048621684E-1,2.717078924E-1
1.975881109E2,1.198093966E-1,8.772126585E-2,2.626909614E-1
1.975981189E2,3.485890850E-2,4.929177091E-2,2.500196993E-1
1.976081279E2,-3.832422569E-2,4.468638450E-3,2.346319407E-1
1.976181359E2,-1.025969088E-1,-4.516036808E-2,2.159456313E-1
1.976281439E2,-1.583456695E-1,-8.722819388E-2,1.986790299E-1
1.976381519E2,-2.119384706E-1,-1.294880658E-1,1.720085144E-1
1.976481599E2,-2.765635252E-1,-1.696051210E-1,1.471250057E-1
1.976581679E2,-3.570668101E-1,-1.988020986E-1,1.146534905E-1
1.976681759E2,-4.137095809E-1,-1.742003411E-1,9.554397315E-2
1.976781839E2,-4.370985627E-1,-1.300013512E-1,1.006110013E-1
1.976881919E2,-4.200910628E-1,-6.290833652E-2,1.223269477E-1
1.976981999E2,-3.600407839E-1,2.478865534E-2,1.613231897E-1
1.977082079E2,-2.719024122E-1,9.385959804E-2,2.103717029E-1
1.977182159E2,-1.634273082E-1,1.506813467E-1,2.556840479E-1
1.977282239E2,-5.920317769E-2,1.614724696E-1,2.961603701E-1
1.977382319E2,1.509777829E-2,1.282520592E-1,3.141777515E-1
1.977482399E2,4.461652040E-2,6.328797340E-2,3.156832457E-1
1.977582479E2,2.878409065E-2,-5.490120500E-3,2.920721769E-1
1.977682559E2,-1.768380776E-2,-7.375599444E-2,2.608607411E-1
1.977782639E2,-8.645338565E-2,-1.490705311E-1,2.275015414E-1
1.977882719E2,-1.604466438E-1,-2.102505267E-1,1.955774426E-1
1.977982799E2,-2.138812989E-1,-2.192751765E-1,1.795770973E-1
1.978082879E2,-2.520838082E-1,-1.941141635E-1,1.654229164E-1
1.978182959E2,-2.797609270E-1,-1.608182788E-1,1.386859864E-1
1.978283039E2,-2.925675213E-1,-1.147037968E-1,1.198297366E-1
1.978383119E2,-2.913954854E-1,-6.744237244E-2,1.094424501E-1
1.978483199E2,-2.833135724E-1,-2.209566720E-2,9.682919085E-2
1.978583279E2,-2.707870901E-1,1.177433413E-2,8.140900731E-2
1.978683359E2,-2.675364316E-1,2.592370845E-2,5.944725499E-2
1.978783439E2,-2.864097953E-1,3.440349922E-2,3.921114653E-2
1.978883519E2,-3.221789896E-1,4.491259903E-2,2.032240853E-2
1.978983599E2,-3.445838690E-1,5.387413502E-2,1.728034392E-2
1.979083679E2,-3.387747109E-1,4.472963884E-2,1.441105455E-2
1.979183759E2,-2.952595949E-1,2.491921559E-2,7.460949011E-3
1.979283839E2,-2.178532332E-1,-1.030375157E-2,3.080581781E-3
1.979383919E2,-1.152316183E-1,-5.623604357E-2,3.307219595E-3
1.979483999E2,-1.149589848E-2,-9.273200482E-2,4.527480341E-3
1.979584079E2,7.796318829E-2,-1.160442606E-1,-3.088228637E-3
1.979684159E2,1.424817294E-1,-1.182581484E-1,-1.225988846E-2
1.979784239E2,1.739283949E-1,-1.073844954E-1,-2.461149916E-2
1.979884319E2,1.782509685E-1,-1.071964726E-1,-4.854772240E-2
1.979984399E2,1.624501497E-1,-1.048558876E-1,-7.119467109E-2
1.980084479E2,1.481138319E-1,-9.572763741E-2,-8.734568208E-2
1.980184559E2,1.449516863E-1,-9.821214527E-2,-9.131699055E-2
1.980284649E2,1.581228822E-1,-1.116818786E-1,-8.933000267E-2
1.980384729E2,1.879984289E-1,-1.359218657E-1,-8.657786995E-2
1.980484804E2,2.151783854E-1,-1.903842986E-1,-7.830236107E-2
1.980584884E2,2.094049156E-1,-2.571457624E-1,-6.840658933E-2
1.980684964E2,1.627588570E-1,-3.512701392E-1,-4.736095667E-2
1.980785044E2,8.283114433E-2,-4.540749490E-1,-1.870091818E-2
1.980885124E2,-6.279555149E-3,-5.361985564E-1,3.675227053E-3
1.980985204E2,-7.511720061E-2,-6.134782434E-1,2.032888494E-2
1.981085284E2,-1.421380490E-1,-7.119979262E-1,2.433294617E-2
1.981185364E2,-2.269398272E-1,-8.048461676E-1,1.923370920E-2
1.981285444E2,-2.991884351E-1,-8.701937795E-1,-7.758493070E-3
1.981385524E2,-3.478589654E-1,-9.470587373E-1,-4.270929471E-2
1.981485604E2,-3.431281149E-1,-9.776584506E-1,-8.464290202E-2
1.981585684E2,-2.819044888E-1,-9.335008264E-1,-1.202076748E-1
1.981685764E2,-1.824069172E-1,-7.925314903E-1,-1.552410275E-1
1.981785844E2,-7.887681574E-2,-5.632647872E-1,-2.006867528E-1
1.981885924E2,6.026351359E-3,-2.755747139E-1,-2.425764203E-1
1.981986004E2,7.794924080E-2,4.832783714E-2,-2.534795702E-1
1.982086084E2,1.319352388E-1,3.426718712E-1,-2.078601569E-1
1.982186164E2,1.898462027E-1,5.944338441E-1,-1.206473410E-1
1.982286244E2,2.575195134E-1,7.600630522E-1,-1.237093285E-2
1.982386324E2,3.368923366E-1,8.032402992E-1,9.059643745E-2
1.982486404E2,4.305599630E-1,7.143146992E-1,1.595270336E-1
1.982586484E2,5.262687802E-1,4.973512590E-1,1.802916527E-1
1.982686564E2,6.139954329E-1,2.029196173E-1,1.527018249E-1
1.982786644E2,6.708230972E-1,-9.816186130E-2,8.973120898E-2
1.982886724E2,6.678890586E-1,-3.652801216E-1,4.320438951E-3
1.982986804E2,6.005881429E-1,-5.558313727E-1,-9.113289416E-2
1.983086884E2,4.903534651E-1,-6.375592351E-1,-1.853499413E-1
1.983186964E2,3.491996229E-1,-6.099929810E-1,-2.835832834E-1
1.983287044E2,1.810756177E-1,-4.950767756E-1,-3.792400360E-1
1.983387124E2,2.044916619E-5,-2.966121137E-1,-4.642700851E-1
1.983487204E2,-1.816350967E-1,-5.793936178E-2,-5.380811691E-1
1.983587284E2,-3.486537039E-1,1.867323816E-1,-5.885518193E-1
1.983687364E2,-4.726648629E-1,3.718129992E-1,-6.049540043E-1
1.983787444E2,-5.467313528E-1,4.791709185E-1,-5.956653357E-1
1.983887524E2,-5.771204233E-1,5.108356476E-1,-5.695998669E-1
1.983987604E2,-5.757030249E-1,4.627157748E-1,-5.378019810E-1
1.984087684E2,-5.470886827E-1,3.521186709E-1,-5.191223025E-1
1.984187764E2,-4.921679199E-1,2.202642411E-1,-5.002133250E-1
1.984287844E2,-4.274187684E-1,9.032914788E-2,-4.711550176E-1
1.984387934E2,-3.740661740E-1,-2.416234836E-2,-4.322941303E-1
1.984488014E2,-3.346737623E-1,-9.967628121E-2,-3.861521780E-1
1.984588094E2,-3.099048138E-1,-1.101217419E-1,-3.309830129E-1
1.984688174E2,-2.992761135E-1,-6.241814047E-2,-2.720760107E-1
1.984788254E2,-2.843341231E-1,1.531156432E-2,-2.063376307E-1
1.984888334E2,-2.587403655E-1,1.020110399E-1,-1.467142552E-1
1.984988414E2,-2.043858320E-1,1.613850892E-1,-9.619542956E-2
1.985088494E2,-1.319379956E-1,1.910090297E-1,-4.585130140E-2
1.985188574E2,-5.390431359E-2,1.794035286E-1,6.079218350E-3
1.985288654E2,2.256169915E-2,1.407623887E-1,5.091646314E-2
1.985388734E2,1.024038121E-1,9.438493103E-2,9.167891741E-2
1.985488814E2,1.751480550E-1,3.569738567E-2,1.258480847E-1
1.985588894E2,2.405521125E-1,-1.200424600E-2,1.416847855E-1
1.985688974E2,2.896376252E-1,-2.710436657E-2,1.506135613E-1
1.985789054E2,3.074720502E-1,-2.119028941E-2,1.571871042E-1
1.985889134E2,2.971371114E-1,5.980610847E-3,1.545612365E-1
1.985989214E2,2.637632787E-1,5.080004409E-2,1.394191682E-1
1.986089294E2,2.091349363E-1,1.044574082E-1,1.102524996E-1
1.986189374E2,1.334685385E-1,1.585760266E-1,7.042977214E-2
1.986289454E2,4.122622311E-2,2.114845067E-1,2.572914958E-2
1.986389534E2,-4.566575959E-2,2.773430347E-1,-7.665383630E-3
1.986489614E2,-1.217389628E-1,3.383161128E-1,-1.980673522E-2
1.986589694E2,-1.829323173E-1,3.787702620E-1,-1.587246731E-2
1.986689774E2,-2.310124934E-1,4.021253884E-1,-5.315696821E-3
1.986789854E2,-2.660134733E-1,3.943142593E-1,9.443066083E-3
1.986889934E2,-2.795172930E-1,3.519127369E-1,2.865537629E-2
1.986990014E2,-2.742908299E-1,2.971678972E-1,4.201849177E-2
1.987090094E2,-2.298858017E-1,2.461920828E-1,7.101712376E-2
1.987190174E2,-1.381467879E-1,2.045617104E-1,1.157453582E-1
1.987290254E2,-1.901987009E-2,1.930776238E-1,1.695822179E-1
1.987390334E2,1.081682593E-1,2.156334966E-1,2.213641107E-1
1.987490414E2,2.277953178E-1,2.397430837E-1,2.795975804E-1
1.987590494E2,3.273631632E-1,2.281926423E-1,3.288477361E-1
1.987690574E2,4.126690030E-1,1.898487210E-1,3.588591814E-1
1.987790654E2,4.915760756E-1,1.553201824E-1,3.706037402E-1
1.987890734E2,5.562312603E-1,1.487267315E-1,3.884527981E-1
1.987990814E2,6.036798358E-1,1.409240067E-1,4.011293352E-1
1.988090904E2,6.291908026E-1,1.080563515E-1,3.911440670E-1
1.988190984E2,6.326701045E-1,9.862852097E-2,3.713672459E-1
1.988291064E2,6.193401814E-1,1.102553532E-1,3.450474739E-1
1.988391144E2,5.855420828E-1,1.536286175E-1,3.172903657E-1
1.988491224E2,4.998974502E-1,2.164054513E-1,2.704432309E-1
1.988591304E2,3.483363688E-1,2.960389853E-1,2.006927580E-1
1.988691384E2,1.527847052E-1,3.576682508E-1,1.309496164E-1
1.988791464E2,-3.326138854E-2,4.135367572E-1,8.378023654E-2
1.988891544E2,-1.782651842E-1,4.326989949E-1,5.330168083E-2
1.988991624E2,-2.576719224E-1,4.363027215E-1,5.646037683E-2
1.989091704E2,-2.417614013E-1,4.509418607E-1,8.965215087E-2
1.989191784E2,-1.235927865E-1,4.744782150E-1,1.437560916E-1
1.989291864E2,6.207774952E-2,4.887642264E-1,2.218085527E-1
1.989391944E2,2.739259601E-1,4.806467593E-1,3.086940348E-1
1.989492024E2,4.538869262E-1,4.241946936E-1,3.949077427E-1
1.989592104E2,5.712538362E-1,3.175193071E-1,4.538121819E-1
1.989692184E2,6.209912896E-1,2.081992179E-1,4.696561098E-1
1.989792264E2,6.227804422E-1,1.420318335E-1,4.566652775E-1
1.989892344E2,5.695204139E-1,1.186221093E-1,4.285409749E-1
1.989992424E2,4.794667959E-1,1.356340051E-1,3.973489404E-1
1.990092504E2,3.569265008E-1,1.687975526E-1,3.588393629E-1
1.990192584E2,2.159321457E-1,2.087546289E-1,3.142814636E-1
1.990292664E2,7.174752653E-2,2.514866292E-1,2.770992219E-1
1.990392744E2,-6.361375749E-2,2.624886930E-1,2.387041748E-1
1.990492822E2,-1.825137734E-1,2.263623923E-1,1.930687726E-1
1.990592902E2,-2.937245965E-1,1.486162245E-1,1.495033950E-1
1.990692982E2,-3.864598572E-1,7.486929744E-2,1.231849715E-1
1.990793062E2,-4.706236124E-1,-1.442814711E-3,1.059503853E-1
1.990893142E2,-5.362484455E-1,-7.679056376E-2,9.617258608E-2
1.990993222E2,-5.908960700E-1,-1.186964512E-1,1.018596515E-1
1.991093302E2,-6.238420606E-1,-1.266752779E-1,1.113658026E-1
1.991193382E2,-6.242797375E-1,-1.210151240E-1,1.250746548E-1
1.991293462E2,-5.848252773E-1,-1.009985358E-1,1.363528818E-1
1.991393542E2,-5.214551687E-1,-8.037514985E-2,1.425633281E-1
1.991493622E2,-4.649644494E-1,-6.831528991E-2,1.442682743E-1
1.991593702E2,-4.226810932E-1,-3.823262081E-2,1.577130258E-1
1.991693782E2,-3.915940225E-1,-1.278664824E-2,1.756539345E-1
1.991793872E2,-3.678268194E-1,-7.322743535E-3,1.815032810E-1
1.991893952E2,-3.354742229E-1,-1.106925309E-3,1.740176678E-1
1.991994032E2,-2.869647145E-1,6.938742008E-3,1.541982144E-1
1.992094112E2,-2.388802767E-1,8.764338680E-3,1.379939467E-1
1.992194192E2,-2.122938037E-1,-3.226600122E-3,1.261463910E-1
1.992294272E2,-1.974477470E-1,-7.963564247E-3,1.208357960E-1
1.992394352E2,-1.967960894E-1,-6.647862960E-3,1.227382496E-1
1.992494432E2,-2.107345313E-1,-1.081091724E-2,1.147322506E-1
1.992594512E2,-2.227790356E-1,-2.223122865E-2,9.962090105E-2
1.992694592E2,-2.295775563E-1,-3.732948750E-2,7.254693657E-2
1.992794672E2,-2.265177965E-1,-4.562427104E-2,5.168204382E-2
1.992894752E2,-2.067049444E-1,-4.794281721E-2,5.040532723E-2
1.992994832E2,-1.727925092E-1,-4.807269946E-2,5.825734511E-2
1.993094912E2,-1.208361089E-1,-5.778418109E-2,6.745457649E-2
1.993194992E2,-6.863772124E-2,-8.832246065E-2,6.420323998E-2
1.993295072E2,-2.347982861E-2,-1.330939233E-1,5.049009249E-2
1.993395152E2,6.713253912E-3,-1.786078662E-1,3.820339590E-2
1.993495232E2,3.577899188E-2,-2.180873603E-1,1.934928074E-2
1.993595312E2,6.654337049E-2,-2.323410660E-1,2.988765948E-3
1.993695392E2,8.691814542E-2,-2.286597788E-1,-8.839663118E-3
1.993795472E2,1.004099920E-1,-2.287639081E-1,-2.964454331E-2
1.993895552E2,1.174686030E-1,-2.383683324E-1,-6.411490589E-2
1.993995632E2,1.543257236E-1,-2.442388535E-1,-1.071002781E-1
1.994095712E2,1.829190105E-1,-2.687665522E-1,-1.439184844E-1
1.994195792E2,1.822529882E-1,-2.963995337E-1,-1.851609200E-1
1.994295872E2,1.519922912E-1,-2.822195292E-1,-2.272641659E-1
1.994395952E2,1.028382555E-1,-2.045946568E-1,-2.651278973E-1
1.994496032E2,6.915406138E-2,-8.357024193E-2,-2.829231322E-1
1.994596112E2,6.744358689E-2,2.503629029E-2,-2.694827318E-1
1.994696192E2,9.109511971E-2,7.943215221E-2,-2.390145659E-1
1.994796272E2,1.063585505E-1,7.842119038E-2,-2.161810249E-1
1.994896352E2,1.188743412E-1,2.627894282E-3,-2.154369354E-1
1.994996432E2,1.518550664E-1,-1.325282902E-1,-2.253181338E-1
1.995096512E2,1.837528050E-1,-2.703292966E-1,-2.445168644E-1
1.995196592E2,2.039990425E-1,-3.818173409E-1,-2.656823099E-1
1.995296672E2,2.129067928E-1,-4.695557058E-1,-2.828162909E-1
1.995396752E2,2.034825236E-1,-5.567049384E-1,-3.051378727E-1
1.995496842E2,1.854638457E-1,-5.920690894E-1,-3.433811367E-1
1.995596922E2,1.427604705E-1,-5.978217721E-1,-3.967314065E-1
1.995697002E2,9.118542075E-2,-5.383554697E-1,-4.855779409E-1
1.995797082E2,1.674780808E-2,-4.528021514E-1,-5.773001909E-1
1.995897162E2,-7.588306069E-2,-2.966037691E-1,-6.510889530E-1
1.995997242E2,-1.507077962E-1,-4.263120890E-2,-6.880198121E-1
1.996097322E2,-1.580653191E-1,2.506147921E-1,-6.653049588E-1
1.996197402E2,-1.026188433E-1,4.847231507E-1,-5.848726630E-1
1.996297482E2,-1.138640102E-2,5.913332701E-1,-4.731011093E-1
1.996397562E2,8.961779624E-2,5.878688693E-1,-3.652877808E-1
1.996497642E2,2.111383677E-1,4.942784309E-1,-2.824829221E-1
1.996597722E2,3.414441347E-1,3.177105188E-1,-2.317332923E-1
1.996697802E2,4.426647723E-1,5.904168636E-2,-2.108013779E-1
1.996797882E2,4.761865735E-1,-2.054587901E-1,-2.244340479E-1
1.996897962E2,4.473027289E-1,-4.175859392E-1,-2.534816861E-1
1.996998042E2,3.556274474E-1,-5.399044156E-1,-2.894667387E-1
1.997098122E2,2.297808379E-1,-5.501434803E-1,-3.313686550E-1
1.997198202E2,8.891546726E-2,-4.843365252E-1,-3.715647161E-1
1.997298282E2,-6.459605694E-2,-3.591416180E-1,-4.185087979E-1
1.997398362E2,-2.183583677E-1,-1.860617250E-1,-4.535289109E-1
1.997498442E2,-3.616140485E-1,-9.978052229E-3,-4.707225263E-1
1.997598522E2,-4.655469656E-1,1.368606091E-1,-4.756344259E-1
1.997698602E2,-5.069428682E-1,2.380996048E-1,-4.639697671E-1
1.997798682E2,-5.070296526E-1,2.810716629E-1,-4.456943572E-1
1.997898762E2,-4.913873374E-1,2.738606334E-1,-4.078492224E-1
1.997998842E2,-4.672601521E-1,2.298547775E-1,-3.634524643E-1
1.998098922E2,-4.460962713E-1,1.727928221E-1,-3.144194186E-1
1.998199002E2,-4.375113249E-1,1.123403534E-1,-2.760952115E-1
1.998299082E2,-4.384170771E-1,6.216187030E-2,-2.464531660E-1
1.998399162E2,-4.554613829E-1,1.505536679E-2,-2.107703984E-1
1.998499242E2,-4.969432950E-1,-2.867453918E-2,-1.793759912E-1
1.998599322E2,-5.368465185E-1,-4.986521602E-2,-1.561392099E-1
1.998699402E2,-5.579611659E-1,-5.116856471E-2,-1.240358800E-1
1.998799482E2,-5.605894923E-1,-3.139902651E-2,-8.471813798E-2
1.998899562E2,-5.414565802E-1,-7.585304789E-3,-3.656951338E-2
1.998999652E2,-5.070357323E-1,1.524004247E-2,1.938686334E-2
1.999099732E2,-4.515191913E-1,2.974441648E-2,8.369874209E-2
1.999199812E2,-3.656627238E-1,3.237254918E-2,1.571382433E-1
1.999299892E2,-2.507947087E-1,2.375429310E-2,2.247119546E-1
1.999399972E2,-1.228029728E-1,7.001867518E-3,2.917735875E-1
1.999500052E2,-1.906778850E-2,-9.019975550E-3,3.495476842E-1
1.999600132E2,4.716178402E-2,-3.197560832E-2,3.983917832E-1
1.999700212E2,8.137381077E-2,-5.238128081E-2,4.370976388E-1
1.999800292E2,8.278766274E-2,-7.036381960E-2,4.627433717E-1
1.999900372E2,7.053551823E-2,-6.881199777E-2,4.681282938E-1
2.000000452E2,5.005036294E-2,-5.749672279E-2,4.525684714E-1
2.000100532E2,2.589868568E-2,-2.942061424E-2,4.250010252E-1
2.000200612E2,-1.095797308E-2,1.514920406E-2,4.032486975E-1
2.000300692E2,-5.892550200E-2,7.819341123E-2,3.857155144E-1
2.000400772E2,-9.660900384E-2,1.667822450E-1,3.783240020E-1
2.000500850E2,-1.180317327E-1,2.469535172E-1,3.816963434E-1
2.000600930E2,-1.276936829E-1,2.899664938E-1,3.764536679E-1
2.000701010E2,-1.235519350E-1,2.897965908E-1,3.640728891E-1
2.000801090E2,-1.082481593E-1,2.545662522E-1,3.526969254E-1
2.000901170E2,-9.555180371E-2,2.035366446E-1,3.457719088E-1
2.001001250E2,-9.147765487E-2,1.605696231E-1,3.378436267E-1
2.001101330E2,-7.804972678E-2,1.354661435E-1,3.342374563E-1
2.001201410E2,-4.824478179E-2,1.238388941E-1,3.262457848E-1
2.001301490E2,-5.113456282E-4,1.296206117E-1,3.185615242E-1
2.001401570E2,6.968998164E-2,1.388750523E-1,3.211581707E-1
2.001501650E2,1.573620290E-1,1.605662405E-1,3.353461623E-1
2.001601730E2,2.436580658E-1,1.912948489E-1,3.538367748E-1
2.001701810E2,3.209030628E-1,2.357430011E-1,3.760203719E-1
2.001801890E2,3.713032901E-1,2.811313868E-1,3.963127732E-1
2.001901970E2,3.798267245E-1,3.336167037E-1,4.081422687E-1
2.002002050E2,3.634223938E-1,3.904456496E-1,4.138498306E-1
2.002102130E2,3.443405926E-1,4.421405196E-1,4.124008119E-1
2.002202210E2,3.378260434E-1,4.867664576E-1,4.077946544E-1
2.002302300E2,3.342310488E-1,5.008695126E-1,4.064438939E-1
2.002402380E2,3.183542788E-1,4.873671830E-1,3.941736221E-1
2.002502460E2,2.891748250E-1,4.578694999E-1,3.581487834E-1
2.002602540E2,2.319717705E-1,4.045326710E-1,3.000693917E-1
2.002702620E2,1.582786441E-1,3.762592375E-1,2.450841665E-1
2.002802700E2,3.662883490E-2,3.210722208E-1,1.903184354E-1
2.002902780E2,-1.012414172E-1,2.630083859E-1,1.473736316E-1
2.003002860E2,-2.212802470E-1,1.929848641E-1,1.127025932E-1
2.003102940E2,-2.944471240E-1,1.445432901E-1,9.721843898E-2
2.003203020E2,-3.000187874E-1,1.175609380E-1,1.054797024E-1
2.003303100E2,-2.379969507E-1,1.096992865E-1,1.449080557E-1
2.003403180E2,-1.233798936E-1,1.221463233E-1,2.135845870E-1
2.003503260E2,1.411325485E-2,1.349721104E-1,2.924889922E-1
2.003603340E2,1.342088431E-1,1.387845725E-1,3.624304831E-1
2.003703420E2,2.131859511E-1,1.430450976E-1,4.093074501E-1
2.003803500E2,2.521001101E-1,1.529769152E-1,4.300141037E-1
2.003903580E2,2.532857358E-1,1.620862633E-1,4.447373748E-1
2.004003660E2,2.261231542E-1,1.746651232E-1,4.467598796E-1
2.004103740E2,1.682638526E-1,1.923652887E-1,4.364928603E-1
2.004203820E2,9.146285802E-2,1.975528598E-1,4.225231111E-1
2.004303900E2,1.498166844E-2,1.939322799E-1,4.127040505E-1
2.004403980E2,-5.246288329E-2,1.734778732E-1,4.021086693E-1
2.004504060E2,-1.016807705E-1,1.491083503E-1,3.913393617E-1
2.004604140E2,-1.282391101E-1,1.239281595E-1,3.828993440E-1
2.004704220E2,-1.562204063E-1,8.660075814E-2,3.741719127E-1
2.004804300E2,-2.010510564E-1,2.993644401E-2,3.569265008E-1
2.004904380E2,-2.640936673E-1,-5.089129508E-2,3.303968906E-1
2.005004460E2,-3.447824121E-1,-1.316288412E-1,3.032270968E-1
2.005104540E2,-4.292251170E-1,-2.070823163E-1,2.686187923E-1
2.005204620E2,-5.235483050E-1,-2.650686204E-1,2.276812047E-1
2.005304710E2,-6.100040674E-1,-2.729569077E-1,1.907173246E-1
2.005404790E2,-6.740385294E-1,-2.200650573E-1,1.762860864E-1
2.005504870E2,-7.181199789E-1,-1.170284301E-1,1.758152395E-1
2.005604950E2,-7.257634997E-1,1.958880201E-2,1.924589425E-1
2.005705030E2,-6.959257126E-1,1.493111253E-1,2.224871367E-1
2.005805110E2,-6.401912570E-1,2.356479317E-1,2.500247061E-1
2.005905190E2,-5.744191408E-1,2.515648305E-1,2.627293169E-1
2.006005270E2,-4.995354712E-1,2.046788335E-1,2.389972806E-1
2.006105350E2,-4.291729033E-1,1.245975867E-1,1.933203489E-1
2.006205430E2,-3.761799335E-1,3.969122097E-2,1.260005683E-1
2.006305510E2,-3.335792124E-1,-7.010237779E-3,6.978416443E-2
2.006405590E2,-3.161254227E-1,-1.630786806E-2,1.564249769E-2
2.006505670E2,-3.194453418E-1,1.023878716E-2,-3.274074569E-2
2.006605750E2,-3.289948106E-1,7.103181630E-2,-7.836368680E-2
2.006705830E2,-3.260163367E-1,1.423068047E-1,-1.127621382E-1
2.006805910E2,-2.981236279E-1,2.012102306E-1,-1.435056329E-1
2.006905990E2,-2.561822832E-1,2.108889520E-1,-1.625847816E-1
2.007006070E2,-2.109075338E-1,1.936808527E-1,-1.836626679E-1
2.007106150E2,-1.607117504E-1,1.603958607E-1,-1.937579066E-1
2.007206230E2,-9.784931690E-2,1.340714544E-1,-2.060152739E-1
2.007306310E2,-2.646541037E-2,1.325039119E-1,-2.163265049E-1
2.007406390E2,6.835959852E-2,1.205320507E-1,-2.227701843E-1
2.007506470E2,1.856260300E-1,1.142176911E-1,-2.277505696E-1
2.007606550E2,3.111730814E-1,1.108990237E-1,-2.327313125E-1
2.007706630E2,4.258831441E-1,1.073708683E-1,-2.422233522E-1
2.007806710E2,5.133322477E-1,1.141382530E-1,-2.546519637E-1
2.007906790E2,5.737460256E-1,1.128964201E-1,-2.706493139E-1
2.008006870E2,5.979059339E-1,8.900290728E-2,-2.826856375E-1
2.008106950E2,5.837759972E-1,3.389944136E-2,-3.031057119E-1
2.008207040E2,5.541133285E-1,-3.133893013E-2,-3.344971240E-1
2.008307120E2,5.184219480E-1,-1.028631777E-1,-3.509903550E-1
2.008407200E2,4.952527285E-1,-1.558686197E-1,-3.575513065E-1
2.008507280E2,4.941408634E-1,-1.892824918E-1,-3.738256097E-1
2.008607360E2,5.440012217E-1,-1.687385589E-1,-4.024002552E-1
2.008707440E2,6.244955063E-1,-1.013762951E-1,-4.200817645E-1
2.008807520E2,7.004631162E-1,-8.061734959E-3,-4.135311246E-1
2.008907600E2,7.371779680E-1,8.734867722E-2,-3.736380339E-1
2.009007680E2,7.308672071E-1,1.517840624E-1,-3.146368265E-1
2.009107760E2,6.921815872E-1,1.843710393E-1,-2.649515569E-1
2.009207840E2,6.210640073E-1,1.920361668E-1,-2.284564823E-1
2.009307920E2,5.367720127E-1,1.819723397E-1,-2.125238478E-1
2.009408000E2,4.717270136E-1,1.599458754E-1,-2.090191394E-1
2.009508080E2,4.319889247E-1,1.357579827E-1,-2.033769637E-1
2.009608160E2,4.073043764E-1,1.117042005E-1,-1.855700910E-1
2.009708240E2,4.009346068E-1,8.074149489E-2,-1.628722250E-1
2.009808320E2,4.189638197E-1,3.506299853E-2,-1.318910122E-1
2.009908400E2,4.243367314E-1,-1.080063172E-2,-1.150007099E-1
2.010008480E2,3.860957623E-1,-4.788172990E-2,-1.092737243E-1
2.010108560E2,3.134199381E-1,-8.161492646E-2,-1.201404855E-1
2.010208640E2,2.182651162E-1,-1.135231480E-1,-1.402813345E-1
2.010308720E2,1.246917620E-1,-1.345900744E-1,-1.670176089E-1
2.010408800E2,4.310594127E-2,-1.592570096E-1,-1.840898544E-1
2.010508889E2,-2.777728811E-2,-1.836718023E-1,-1.903408170E-1
2.010608969E2,-8.761300147E-2,-2.104220986E-1,-1.917249113E-1
2.010709049E2,-1.216865480E-1,-2.292447984E-1,-1.891597509E-1
2.010809129E2,-1.436527967E-1,-2.418100983E-1,-1.947301477E-1
2.010909209E2,-1.419212073E-1,-2.190496624E-1,-1.906794906E-1
2.011009289E2,-1.261629313E-1,-1.712066382E-1,-1.732680351E-1
2.011109379E2,-1.077272147E-1,-1.197564974E-1,-1.466801018E-1
2.011209459E2,-8.928077668E-2,-5.792650208E-2,-1.160433739E-1
2.011309539E2,-7.717644423E-2,-1.627146825E-2,-7.668558508E-2
2.011409619E2,-7.679747045E-2,-8.343065158E-3,-5.271222815E-2
2.011509699E2,-7.515244186E-2,-1.343849115E-2,-4.057886824E-2
2.011609779E2,-7.847017795E-2,-2.517762594E-2,-3.879513592E-2
2.011709859E2,-7.996661216E-2,-3.452585265E-2,-4.298348725E-2
2.011809939E2,-8.079956472E-2,-4.260111600E-2,-4.098459333E-2
2.011910019E2,-8.565077931E-2,-4.344480485E-2,-3.786522895E-2
2.012010099E2,-9.785292298E-2,-4.721452296E-2,-3.675496206E-2
2.012110179E2,-1.133445352E-1,-4.296518117E-2,-4.819802940E-2
2.012210259E2,-1.101361886E-1,-3.019086272E-2,-6.037988141E-2
2.012310339E2,-1.110840142E-1,-2.546135336E-2,-7.029642910E-2
2.012410419E2,-1.140433550E-1,-3.591575474E-2,-7.236933708E-2
2.012510499E2,-1.147831753E-1,-6.276148558E-2,-7.027769089E-2
2.012610579E2,-1.050667092E-1,-1.053446904E-1,-6.623349339E-2
2.012710659E2,-8.386288583E-2,-1.380432546E-1,-6.302306056E-2
2.012810739E2,-5.365575850E-2,-1.619935930E-1,-6.746773422E-2
2.012910819E2,-2.580894530E-2,-1.879399717E-1,-8.206611872E-2
2.013010899E2,3.523567226E-3,-2.105936855E-1,-1.102128848E-1
2.013110979E2,4.224939272E-2,-2.223102599E-1,-1.501656324E-1
2.013211059E2,9.187798202E-2,-2.116085291E-1,-1.933739930E-1
2.013311139E2,1.567589790E-1,-1.858075559E-1,-2.358149290E-1
2.013411219E2,2.144818753E-1,-1.462005079E-1,-2.665781081E-1
2.013511299E2,2.466888130E-1,-1.041606367E-1,-2.870871127E-1
2.013611379E2,2.533784807E-1,-7.986168563E-2,-3.028054237E-1
2.013711459E2,2.379715443E-1,-8.063852787E-2,-3.195532262E-1
2.013811539E2,2.071199864E-1,-9.377780557E-2,-3.339921832E-1
2.013911629E2,1.635815650E-1,-1.164101437E-1,-3.539603055E-1
2.014011709E2,1.186220050E-1,-1.415518671E-1,-3.707072735E-1
2.014111789E2,7.652222365E-2,-1.684074551E-1,-3.808858693E-1
2.014211869E2,4.321330413E-2,-1.968713254E-1,-3.888239264E-1
2.014311949E2,3.904145956E-2,-2.132233977E-1,-3.931574225E-1
2.014412029E2,7.373480499E-2,-1.945687830E-1,-3.840513229E-1
2.014512109E2,1.231180653E-1,-1.621519923E-1,-3.642648458E-1
2.014612189E2,1.634549946E-1,-1.309868395E-1,-3.395232558E-1
2.014712269E2,1.845403016E-1,-1.116600111E-1,-3.187471330E-1
2.014812349E2,1.742955595E-1,-1.050208062E-1,-3.207598627E-1
2.014912429E2,1.368366033E-1,-1.017507091E-1,-3.428073525E-1
2.015012509E2,9.195310622E-2,-8.481907845E-2,-3.701285720E-1
2.015112589E2,4.433392733E-2,-6.187620759E-2,-3.946099281E-1
2.015212669E2,-4.966387060E-3,-3.803847730E-2,-4.084944129E-1
2.015312749E2,-5.287026241E-2,-7.045674138E-3,-4.053225815E-1
2.015412829E2,-1.074075103E-1,4.973963834E-3,-3.962145150E-1
2.015512909E2,-1.445516795E-1,1.485349238E-2,-3.853059411E-1
2.015612989E2,-1.571806222E-1,3.243635222E-2,-3.694379032E-1
2.015713069E2,-1.424932927E-1,5.716912821E-2,-3.404187560E-1
2.015813149E2,-1.064697355E-1,7.899330556E-2,-2.946344018E-1
2.015913229E2,-6.932502985E-2,9.576615691E-2,-2.497252673E-1
2.016013309E2,-4.426905885E-2,1.075879037E-1,-2.041049302E-1
2.016113389E2,-3.647824749E-2,1.183907464E-1,-1.614836901E-1
2.016213469E2,-4.747638106E-2,1.264555156E-1,-1.310175508E-1
2.016313549E2,-7.819115371E-2,1.365281194E-1,-1.075119600E-1
2.016413629E2,-1.195839047E-1,1.281948984E-1,-9.112738073E-2
2.016513709E2,-1.395078152E-1,1.105154976E-1,-8.956969529E-2
2.016613789E2,-1.376419663E-1,7.772845775E-2,-8.260421455E-2
2.016713869E2,-1.149076223E-1,3.278308362E-2,-6.635840237E-2
2.016813959E2,-8.654902130E-2,-1.294736564E-2,-3.353753313E-2
2.016914039E2,-6.104819477E-2,-3.953130543E-2,4.663383123E-3
2.017014119E2,-4.810884595E-2,-5.471091345E-2,3.958950937E-2
2.017114199E2,-4.970727488E-2,-6.119251624E-2,6.460618228E-2
2.017214279E2,-5.003454164E-2,-6.590412557E-2,8.470740169E-2
2.017314359E2,-4.697776586E-2,-8.042607456E-2,1.006514877E-1
2.017414439E2,-3.512874991E-2,-1.017099768E-1,1.081774682E-1
2.017514519E2,-2.818189189E-2,-1.342575252E-1,1.105985418E-1
2.017614599E2,-2.436975576E-2,-1.622101814E-1,1.049880981E-1
2.017714679E2,-2.040643990E-2,-1.765310764E-1,9.910038114E-2
2.017814759E2,-1.436366513E-2,-1.742255986E-1,8.384032547E-2
2.017914839E2,-5.991220009E-3,-1.371605247E-1,7.030002028E-2
2.018014919E2,-9.285399690E-3,-8.471582085E-2,6.828443706E-2
2.018114999E2,-3.224078193E-2,-3.795924038E-2,6.936541945E-2
2.018215079E2,-5.443963781E-2,1.419178396E-2,7.763178647E-2
2.018315159E2,-6.101471558E-2,6.081894040E-2,9.119872749E-2
2.018415239E2,-5.548903346E-2,9.406818449E-2,1.061927080E-1
2.018515319E2,-4.924631491E-2,9.907439351E-2,1.159031242E-1
2.018615399E2,-5.984490365E-2,7.635115087E-2,1.120391861E-1
2.018715479E2,-8.733031899E-2,4.580416158E-2,9.810579568E-2
2.018815559E2,-1.201267093E-1,2.109245583E-2,8.022221923E-2
2.018915639E2,-1.376481801E-1,2.038165741E-2,8.000224084E-2
2.019015719E2,-1.354759634E-1,2.782106400E-2,9.258451313E-2
2.019115799E2,-1.211425662E-1,4.416728020E-2,1.081501544E-1
2.019215879E2,-9.396425635E-2,6.934570521E-2,1.258969456E-1
2.019315959E2,-6.679362059E-2,9.033834189E-2,1.465297937E-1
2.019416039E2,-4.395617917E-2,1.066373885E-1,1.664340496E-1
2.019516119E2,-3.334694728E-2,1.027779356E-1,1.840998530E-1
2.019616199E2,-2.546585351E-2,9.151889384E-2,1.899138093E-1
2.019716289E2,-1.692547835E-2,7.584463060E-2,1.941346675E-1
2.019816369E2,-7.841320708E-3,6.056835502E-2,1.987289786E-1
2.019916449E2,-6.085764151E-3,4.430522770E-2,2.017620504E-1
2.020016529E2,9.870587382E-5,2.837391570E-2,2.024304420E-1
2.020116609E2,2.261192538E-3,1.613189653E-2,2.004245520E-1
2.020216689E2,1.048134360E-2,6.522042677E-3,1.982515901E-1
2.020316769E2,1.712912694E-2,3.641567891E-3,1.973035038E-1
2.020416849E2,1.803909428E-2,-6.751334295E-4,1.922471523E-1
2.020516923E2,1.818290539E-2,-2.767248079E-4,1.843777746E-1
2.020617003E2,2.166327275E-2,4.768092185E-4,1.732544601E-1
2.020717083E2,2.128563635E-2,1.196994632E-2,1.594789922E-1
2.020817163E2,1.404016279E-2,3.181930631E-2,1.462383568E-1
2.020917243E2,3.989126533E-3,4.558039457E-2,1.421972662E-1
2.021017323E2,-1.045699976E-2,4.914124310E-2,1.512095928E-1
2.021117403E2,-1.808722131E-2,4.103271663E-2,1.586179733E-1
2.021217483E2,-4.176313058E-3,3.257003054E-2,1.677361280E-1
2.021317563E2,2.641408704E-2,2.835930511E-2,1.764888614E-1
2.021417643E2,4.997689649E-2,7.789769210E-3,1.821869463E-1
2.021517723E2,4.990046471E-2,-1.436134055E-2,1.790121943E-1
2.021617803E2,3.067864850E-2,-1.989176869E-2,1.653808504E-1
2.021717883E2,-1.049914770E-2,-2.920242492E-3,1.471246034E-1
2.021817963E2,-8.183344454E-2,2.131475508E-2,1.334944069E-1
2.021918043E2,-1.660143733E-1,4.459850490E-2,1.193245202E-1
2.022018123E2,-2.390696406E-1,4.477808625E-2,1.103158668E-1
2.022118203E2,-2.736901939E-1,3.454062715E-2,1.112405136E-1
2.022218283E2,-2.498950064E-1,3.262763843E-2,1.283273548E-1
2.022318363E2,-1.802525371E-1,4.125574604E-2,1.620315164E-1
2.022418443E2,-8.851224929E-2,3.708736598E-2,2.015198171E-1
2.022518523E2,-1.222786400E-2,4.363507964E-3,2.368303984E-1
2.022618613E2,2.469303645E-2,-5.079796910E-2,2.653371394E-1
2.022718693E2,2.377957106E-2,-1.089632735E-1,2.875266075E-1
2.022818773E2,1.186433248E-2,-1.450958848E-1,3.017329276E-1
2.022918853E2,5.949984305E-3,-1.537476927E-1,3.093905747E-1
2.023018933E2,5.610534921E-3,-1.442778856E-1,3.198544383E-1
2.023119013E2,7.986873388E-3,-1.356404573E-1,3.220059872E-1
2.023219093E2,1.182508096E-2,-1.376175284E-1,3.162851036E-1
2.023319173E2,1.410687808E-2,-1.478909403E-1,2.971550822E-1
2.023419253E2,1.558012329E-2,-1.607186645E-1,2.680187821E-1
2.023519333E2,1.046658680E-2,-1.596288979E-1,2.365554273E-1
2.023619413E2,3.517820965E-3,-1.387482136E-1,2.076843381E-1
2.023719493E2,-9.748715907E-3,-1.022482663E-1,1.921352148E-1
2.023819573E2,-2.346418425E-2,-5.992212892E-2,1.813330203E-1
2.023919653E2,-1.646939293E-2,-1.921065524E-2,1.722082198E-1
2.024019733E2,6.190097774E-4,1.026550494E-2,1.649923176E-1
2.024119813E2,1.784433611E-2,1.899880916E-2,1.514027417E-1
2.024219893E2,2.456388995E-2,4.687382840E-3,1.244328171E-1
2.024319973E2,2.986384556E-2,-1.822831854E-2,1.024699956E-1
2.024420053E2,2.774585411E-2,-4.402911663E-2,7.779432088E-2
2.024520133E2,3.080609441E-2,-6.021900848E-2,5.909892544E-2
2.024620213E2,3.801019117E-2,-5.885564163E-2,3.621934354E-2
2.024720293E2,4.574906826E-2,-4.125827178E-2,1.377768256E-2
2.024820373E2,3.561572358E-2,-3.093025647E-2,-1.490117051E-2
2.024920453E2,8.023778908E-3,-1.510389149E-2,-4.429181665E-2
2.025020533E2,-2.395507321E-2,1.253205165E-2,-7.609453797E-2
2.025120613E2,-5.550527573E-2,4.150431603E-2,-1.006922945E-1
2.025220693E2,-8.167383820E-2,5.132412165E-2,-1.216716990E-1
2.025320773E2,-8.420783281E-2,3.245962039E-2,-1.340825558E-1
2.025420853E2,-6.294991076E-2,-5.414186977E-3,-1.366333067E-1
2.025520933E2,-7.600630634E-3,-3.636224940E-2,-1.305834055E-1
2.025621023E2,6.808376312E-2,-6.170320883E-2,-1.264209300E-1
2.025721103E2,1.552200019E-1,-7.359102368E-2,-1.235428602E-1
2.025821183E2,2.379037738E-1,-8.839885145E-2,-1.156747788E-1
2.025921263E2,2.912839353E-1,-1.193676889E-1,-1.049190685E-1
2.026021343E2,3.238096535E-1,-1.627072841E-1,-9.607461095E-2
2.026121423E2,3.360649943E-1,-1.915865988E-1,-8.788326383E-2
2.026221503E2,3.450081050E-1,-2.136697769E-1,-1.140789688E-1
2.026321583E2,3.726711571E-1,-1.733268797E-1,-1.866234839E-1
2.026421663E2,3.916471899E-1,-4.840631410E-2,-2.762677073E-1
2.026521743E2,3.423366547E-1,1.107199639E-1,-3.403540254E-1
2.026621823E2,2.337539643E-1,2.693246007E-1,-3.663244843E-1
2.026721903E2,1.043421775E-1,3.880677819E-1,-3.482346833E-1
2.026821983E2,-1.399168465E-2,4.371139407E-1,-3.179261386E-1
2.026922063E2,-8.799933642E-2,4.245310426E-1,-2.887006104E-1
2.027022143E2,-1.141958311E-1,3.601225317E-1,-2.668588161E-1
2.027122223E2,-1.098037511E-1,2.629624307E-1,-2.551619411E-1
2.027222303E2,-9.693261236E-2,1.532313824E-1,-2.342761904E-1
2.027322383E2,-9.935183078E-2,5.000725389E-2,-2.063723803E-1
2.027422463E2,-1.110082716E-1,-1.806846634E-2,-1.775184870E-1
2.027522543E2,-1.163939834E-1,-4.814753681E-2,-1.364994198E-1
2.027622623E2,-1.192930788E-1,-6.377113611E-2,-9.908391535E-2
2.027722703E2,-1.169604212E-1,-5.807171389E-2,-7.090447843E-2
2.027822783E2,-1.104483902E-1,-4.678641260E-2,-5.895330757E-2
2.027922863E2,-9.677571803E-2,-2.229545079E-2,-4.714458436E-2
2.028022943E2,-6.788837165E-2,1.416170411E-2,-3.635343537E-2
2.028123023E2,-3.194022179E-2,6.107728183E-2,-2.005435713E-2
2.028223103E2,-4.720872268E-3,9.854466468E-2,-6.542493589E-3
2.028323183E2,-2.175156493E-3,1.212358624E-1,-5.652731750E-3
2.028423263E2,-2.613904141E-2,1.268236190E-1,-7.448326796E-3
2.028523343E2,-7.017201185E-2,1.148228720E-1,-9.957024828E-3
2.028623423E2,-1.139936894E-1,9.892031550E-2,-1.564821042E-2
2.028723503E2,-1.489090621E-1,8.248301595E-2,-2.804149501E-2
2.028823583E2,-1.765314788E-1,6.681425869E-2,-3.398668393E-2
2.028923663E2,-2.009840906E-1,5.748014897E-2,-3.007449955E-2
2.029023753E2,-2.219237685E-1,4.911889508E-2,-1.914042234E-2
2.029123833E2,-2.340163738E-1,3.327681497E-2,-5.348177627E-3
2.029223913E2,-2.238357812E-1,-1.544859260E-3,7.778862491E-3
2.029323993E2,-1.994289756E-1,-4.423186928E-2,2.281533554E-2
2.029424073E2,-1.554183662E-1,-7.968378812E-2,3.565119579E-2
2.029524153E2,-9.875135124E-2,-9.389095008E-2,5.452422053E-2
2.029624233E2,-3.468352929E-2,-8.559358120E-2,9.012749791E-2
2.029724313E2,2.973674051E-2,-7.040956616E-2,1.322472543E-1
2.029824393E2,8.214694262E-2,-3.985821456E-2,1.813441217E-1
2.029924473E2,1.253740340E-1,-1.448867563E-2,2.251043916E-1
2.030024553E2,1.658574343E-1,-4.792242311E-3,2.524506748E-1
2.030124633E2,1.909779608E-1,-1.956692711E-2,2.633709908E-1
2.030224713E2,1.977553517E-1,-5.690221488E-2,2.675073445E-1
2.030324793E2,1.880009919E-1,-1.103116423E-1,2.738086581E-1
2.030424873E2,1.764222682E-1,-1.506273299E-1,2.836418450E-1
2.030524948E2,1.697569042E-1,-1.733012199E-1,3.013558686E-1
2.030625028E2,1.708743721E-1,-1.958361715E-1,3.030518889E-1
2.030725108E2,1.742334217E-1,-1.968018264E-1,2.848683596E-1
2.030825188E2,1.735694259E-1,-1.730128825E-1,2.607908547E-1
2.030925268E2,1.563446373E-1,-1.390261501E-1,2.223667800E-1
2.031025348E2,1.218402088E-1,-8.943381906E-2,1.850998253E-1
2.031125428E2,7.901178300E-2,-2.623008564E-2,1.535722613E-1
2.031225508E2,5.132873356E-2,4.573049024E-2,1.270617247E-1
2.031325588E2,4.403060675E-2,1.162696332E-1,1.004258394E-1
2.031425668E2,4.937625304E-2,1.620985121E-1,6.587228924E-2
2.031525748E2,5.315181613E-2,1.829284281E-1,2.354294248E-2
2.031625828E2,3.753518313E-2,1.692695469E-1,-1.930380613E-2
2.031725908E2,7.211630233E-3,1.218304038E-1,-6.743671000E-2
2.031825988E2,-2.877212316E-2,6.482328475E-2,-1.055447534E-1
2.031926068E2,-5.215094984E-2,2.258421853E-2,-1.300032139E-1
2.032026148E2,-4.968317598E-2,2.720638178E-3,-1.331332028E-1
2.032126228E2,-2.231360413E-2,6.464776583E-3,-1.209979802E-1
2.032226308E2,2.381020784E-2,2.098735794E-2,-1.036100462E-1
2.032326388E2,7.575622946E-2,4.157518968E-2,-9.634920210E-2
2.032426468E2,1.141065434E-1,5.654517561E-2,-9.929689765E-2
2.032526558E2,1.314210892E-1,6.160624698E-2,-1.073385775E-1
2.032626638E2,1.335590184E-1,6.370216608E-2,-1.239597574E-1
2.032726718E2,1.348783374E-1,6.263104081E-2,-1.506704688E-1
2.032826798E2,1.332136542E-1,6.424774975E-2,-1.796827018E-1
2.032926878E2,1.248888820E-1,6.436306238E-2,-2.013624310E-1
2.033026958E2,1.092618033E-1,6.478807330E-2,-2.072920352E-1
2.033127038E2,9.057253599E-2,6.600166857E-2,-2.057889402E-1
2.033227118E2,7.154108584E-2,7.262654603E-2,-1.986595988E-1
2.033327198E2,5.248936638E-2,8.603076637E-2,-1.913031489E-1
2.033427278E2,2.491501346E-2,9.220564365E-2,-1.893423200E-1
2.033527358E2,-8.931365795E-3,9.350766242E-2,-1.862578392E-1
2.033627438E2,-4.578173533E-2,8.426009864E-2,-1.772242635E-1
2.033727518E2,-7.545494288E-2,6.052547321E-2,-1.736705452E-1
2.033827598E2,-9.005676210E-2,3.243735060E-2,-1.738078892E-1
2.033927678E2,-9.857035428E-2,1.238587685E-2,-1.765389740E-1
2.034027758E2,-1.093251333E-1,-2.881690860E-3,-1.753211766E-1
2.034127838E2,-1.302690357E-1,-8.830926381E-3,-1.665327400E-1
2.034227918E2,-1.518523842E-1,-8.668469265E-3,-1.490954757E-1
2.034327998E2,-1.654387712E-1,-7.333426271E-3,-1.287979335E-1
2.034428078E2,-1.636858732E-1,-7.959439419E-3,-1.124616861E-1
2.034528158E2,-1.341447681E-1,1.415153500E-3,-9.719564766E-2
2.034628238E2,-7.942068577E-2,1.500511076E-3,-6.759610772E-2
2.034728318E2,-5.272421520E-3,-1.884633210E-3,-3.839640692E-2
2.034828398E2,8.168815076E-2,-8.161472157E-3,-1.298613288E-2
2.034928478E2,1.578340530E-1,-2.334868163E-2,2.854082733E-3
2.035028558E2,2.058591396E-1,-3.090719506E-2,1.030189823E-2
2.035128638E2,2.231209576E-1,-1.891018823E-2,1.086089574E-2
2.035228718E2,2.122347802E-1,-8.752048016E-4,9.347376414E-3
2.035328798E2,1.844998151E-1,2.838547900E-2,3.890559077E-3
2.035428878E2,1.449562162E-1,5.949200317E-2,-4.048400093E-3
2.035528958E2,9.834477305E-2,8.222421259E-2,-1.078113727E-2
2.035629038E2,5.250793323E-2,1.024248600E-1,-2.249690518E-2
2.035729118E2,6.874936633E-3,1.043370143E-1,-3.656665236E-2
2.035829198E2,-3.229526803E-2,8.750265837E-2,-4.721062258E-2
2.035929278E2,-6.382282823E-2,5.225812271E-2,-5.022265762E-2
2.036029358E2,-1.019296944E-1,3.329828847E-3,-4.230506718E-2
2.036129438E2,-1.305876970E-1,-3.830070421E-2,-2.864385024E-2
2.036229518E2,-1.486772597E-1,-6.949075311E-2,-3.553851275E-3
2.036329608E2,-1.420071125E-1,-7.859263569E-2,2.805867046E-2
2.036429688E2,-1.077601537E-1,-7.125412673E-2,6.014993414E-2
2.036529768E2,-6.130689755E-2,-6.691264361E-2,8.402597159E-2
2.036629848E2,-1.546662487E-2,-7.122166455E-2,9.871243685E-2
2.036729928E2,2.762012556E-2,-7.761538029E-2,1.094937101E-1
2.036830008E2,6.695822626E-2,-8.499866724E-2,1.185060665E-1
2.036930088E2,1.020512357E-1,-7.950136811E-2,1.233570129E-1
2.037030168E2,1.350212395E-1,-4.960721359E-2,1.228208914E-1
2.037130248E2,1.653937846E-1,-7.472277619E-3,1.192304194E-1
2.037230328E2,1.823494434E-1,2.695889771E-2,1.084275618E-1
2.037330408E2,1.815928370E-1,4.900854081E-2,9.576396644E-2
2.037430488E2,1.683378816E-1,6.012434140E-2,7.987736166E-2
2.037530568E2,1.361296177E-1,6.147083268E-2,5.510676652E-2
2.037630648E2,9.397861362E-2,6.376997381E-2,1.989345811E-2
2.037730728E2,4.702921212E-2,6.970243156E-2,-1.240136568E-2
2.037830808E2,-4.906787071E-4,8.328475803E-2,-3.396899253E-2
2.037930888E2,-4.599983990E-2,9.683945030E-2,-4.350683838E-2
2.038030968E2,-8.000858873E-2,1.118958592E-1,-4.608937725E-2
2.038131048E2,-9.771940857E-2,1.246121898E-1,-3.974892572E-2
2.038231128E2,-1.052675247E-1,1.174304113E-1,-2.735091932E-2
2.038331208E2,-1.060478315E-1,9.350776672E-2,-1.122707687E-2
2.038431288E2,-1.047394052E-1,6.462115049E-2,2.194566652E-3
2.038531368E2,-1.027510911E-1,2.682370320E-2,1.367971487E-2
2.038631448E2,-1.045785099E-1,-4.397764336E-3,2.160609514E-2
2.038731528E2,-1.172189340E-1,-2.240685746E-2,3.128828481E-2
2.038831608E2,-1.347698420E-1,-3.091401979E-2,3.818608820E-2
2.038931688E2,-1.443196684E-1,-3.885929286E-2,3.804786876E-2
2.039031768E2,-1.423202753E-1,-4.518704116E-2,4.902952909E-2
2.039131848E2,-1.276457161E-1,-6.222274899E-2,6.584659219E-2
2.039231928E2,-1.032859385E-1,-7.480808347E-2,9.041477740E-2
2.039332008E2,-6.334944814E-2,-9.318149835E-2,1.213801503E-1
2.039432088E2,-1.121943351E-2,-1.117465571E-1,1.483218521E-1
2.039532168E2,5.381362513E-2,-1.305639148E-1,1.555459499E-1
2.039632248E2,1.171290427E-1,-1.554951966E-1,1.490156353E-1
2.039732328E2,1.622344702E-1,-1.564685851E-1,1.221443415E-1
2.039832408E2,1.761166602E-1,-1.456103176E-1,8.276931196E-2
2.039932488E2,1.643164605E-1,-1.156287193E-1,4.778655618E-2
2.040032568E2,1.381891221E-1,-7.988393307E-2,1.236881502E-2
2.040132648E2,1.063979045E-1,-4.445483536E-2,-2.430637553E-2
2.040232728E2,8.933140337E-2,-7.586065214E-3,-5.149832368E-2
2.040332808E2,8.447805792E-2,1.875392906E-2,-7.613682747E-2
2.040432888E2,8.124762028E-2,2.753915451E-2,-1.052090153E-1
2.040532975E2,7.247357070E-2,2.514550462E-2,-1.339610368E-1
2.040633055E2,5.585750565E-2,2.428576536E-2,-1.557772160E-1
2.040733135E2,2.792787179E-2,2.186761424E-2,-1.700136662E-1
2.040833225E2,-3.303856589E-3,1.571080089E-2,-1.882082969E-1
2.040933305E2,-2.449729107E-2,1.639789715E-2,-2.055662423E-1
2.041033385E2,-3.266404197E-2,1.599126495E-2,-2.155313790E-1
2.041133465E2,-1.660784520E-2,2.646281384E-2,-2.142709047E-1
2.041233545E2,1.098584570E-2,3.477893770E-2,-2.042641640E-1
2.041333625E2,3.780414537E-2,3.203002363E-2,-1.887770891E-1
2.041433705E2,4.131313413E-2,1.484746672E-2,-1.735876352E-1
2.041533785E2,2.668226324E-2,-9.169984609E-3,-1.584366560E-1
2.041633865E2,-2.441013232E-3,-3.758687526E-2,-1.391453594E-1
2.041733945E2,-2.720281854E-2,-6.758444756E-2,-1.297462583E-1
2.041834025E2,-2.754141577E-2,-7.441543043E-2,-1.134184152E-1
2.041934105E2,-1.314942632E-2,-7.387374341E-2,-9.264363348E-2
2.042034185E2,1.127140224E-2,-6.359939277E-2,-7.154903561E-2
2.042134265E2,4.423574358E-2,-4.421371594E-2,-4.707831144E-2
2.042234345E2,7.176435739E-2,-2.855782583E-2,-2.433398739E-2
2.042334425E2,8.740963042E-2,-2.041574381E-2,-7.059927098E-3
2.042434505E2,9.126892686E-2,-2.283046395E-2,8.528475882E-4
2.042534585E2,9.127505869E-2,-3.248335794E-2,5.180484150E-3
2.042634665E2,9.372746199E-2,-4.115255922E-2,3.166061360E-4
2.042734745E2,9.939227253E-2,-4.415846989E-2,-1.477032783E-3
2.042834825E2,1.015648693E-1,-4.622257501E-2,-6.194932386E-3
2.042934905E2,1.028823331E-1,-3.840300068E-2,-2.528558718E-3
2.043034985E2,1.059873104E-1,-3.217120469E-2,-1.045494573E-4
2.043135065E2,1.062576249E-1,-2.881029621E-2,-2.284346847E-3
2.043235145E2,1.053735092E-1,-2.907900326E-2,-1.289718319E-2
2.043335225E2,1.139494181E-1,-2.506935038E-2,-1.985442638E-2
2.043435305E2,1.268845499E-1,-2.384515852E-2,-1.299240347E-2
2.043535385E2,1.375206858E-1,-3.221121430E-2,1.430743956E-3
2.043635465E2,1.517608017E-1,-4.459524900E-2,1.199994981E-2
2.043735545E2,1.584943384E-1,-5.148404837E-2,5.392380059E-3
2.043835625E2,1.577870697E-1,-3.383213282E-2,-1.327119116E-2
2.043935705E2,1.460944563E-1,5.318466108E-3,-3.380629048E-2
2.044035785E2,1.129695326E-1,3.919702023E-2,-5.301157013E-2
2.044135865E2,6.859434396E-2,5.931480601E-2,-6.298696995E-2
2.044235945E2,2.913302556E-2,6.403724104E-2,-7.181750238E-2
2.044336025E2,6.710007321E-3,5.972611904E-2,-7.989620417E-2
2.044436105E2,1.253416413E-4,5.452097207E-2,-8.010419458E-2
2.044536185E2,4.393514246E-7,2.732397057E-2,-7.295387983E-2
2.044636265E2,6.078414153E-3,-1.598252915E-3,-5.759304017E-2
2.044736345E2,2.626650594E-2,-1.499555074E-2,-3.647923470E-2
2.044836425E2,5.368130282E-2,7.439657114E-3,-1.414039079E-2
2.044936505E2,8.199816197E-2,1.251058187E-2,3.282274818E-3
2.045036585E2,1.141420603E-1,1.545264386E-2,2.031540312E-2
2.045136665E2,1.507008672E-1,2.094221860E-2,3.727681190E-2
2.045236745E2,1.923029721E-1,1.818618178E-2,5.706737563E-2
2.045336825E2,2.319774181E-1,8.924114518E-4,7.481254637E-2
2.045436905E2,2.550150454E-1,-1.319948211E-2,7.903160155E-2
2.045536985E2,2.484151870E-1,-2.454614826E-2,7.461635023E-2
2.045637065E2,2.150476724E-1,-2.064820006E-2,6.418157369E-2
2.045737145E2,1.639240384E-1,-7.175801788E-3,5.132116377E-2
2.045837235E2,9.816373885E-2,-7.426026277E-4,4.519650713E-2
2.045937315E2,3.564576060E-2,1.531918813E-2,4.258501157E-2
2.046037395E2,-1.640913635E-2,2.458279021E-2,5.035427213E-2
2.046137475E2,-5.235115811E-2,2.993787453E-2,6.125245988E-2
2.046237555E2,-6.535685062E-2,2.816380560E-2,7.864219695E-2
2.046337635E2,-6.755875051E-2,1.107589807E-2,9.068474919E-2
2.046437715E2,-5.728335679E-2,-2.072105370E-2,1.025159508E-1
2.046537795E2,-4.530312866E-2,-5.045923963E-2,1.124761701E-1
2.046637875E2,-3.176182136E-2,-7.093849033E-2,1.229353845E-1
2.046737955E2,-1.752349921E-2,-7.502964139E-2,1.342713833E-1
2.046838035E2,-6.667909212E-3,-6.941397488E-2,1.396514624E-1
2.046938115E2,-1.751447446E-3,-5.738714337E-2,1.388261467E-1
2.047038195E2,-9.758448228E-3,-4.695265740E-2,1.303720772E-1
2.047138275E2,-2.974467352E-2,-4.032245278E-2,1.116529852E-1
2.047238355E2,-5.018537492E-2,-3.083299473E-2,8.639390767E-2
2.047338435E2,-6.151366234E-2,-1.977182180E-2,7.341526449E-2
2.047438515E2,-6.741721928E-2,-1.127961464E-2,6.439785659E-2
2.047538595E2,-6.079473346E-2,2.136325464E-3,6.732706726E-2
2.047638675E2,-5.577571690E-2,5.846386775E-3,6.400643289E-2
2.047738755E2,-5.600315332E-2,6.490605418E-3,5.392956361E-2
2.047838835E2,-5.705839023E-2,1.730388962E-3,4.188101366E-2
2.047938915E2,-6.235675141E-2,-4.665458575E-3,3.039399721E-2
2.048038995E2,-6.311043352E-2,-9.589796886E-3,3.054648824E-2
2.048139075E2,-5.749835819E-2,-2.297591045E-2,3.790853173E-2
2.048239155E2,-4.000805691E-2,-3.051281720E-2,4.746064544E-2
2.048339235E2,-1.546276826E-2,-3.225958347E-2,5.629914254E-2
2.048439315E2,1.005401649E-2,-2.966354229E-2,5.745595694E-2
2.048539395E2,3.390342370E-2,-1.200891472E-2,5.598775670E-2
2.048639475E2,4.562800378E-2,1.287789363E-2,5.732965097E-2
2.048739555E2,4.242768884E-2,3.663808480E-2,6.023329496E-2
2.048839635E2,3.348354250E-2,4.964523762E-2,5.753428861E-2
2.048939715E2,2.465569787E-2,4.340491816E-2,4.636579007E-2
2.049039795E2,1.348918118E-2,1.761523075E-2,2.801043354E-2
2.049139875E2,1.186708221E-3,-1.188487094E-2,8.783474565E-3
2.049239955E2,-8.355228230E-3,-3.988702595E-2,-6.928257179E-3
2.049340035E2,-3.923462238E-3,-5.005124584E-2,-8.960781619E-3
2.049440115E2,6.747860461E-3,-5.690179393E-2,-2.838532673E-3
2.049540195E2,2.096221596E-2,-7.229646295E-2,1.002107374E-2
2.049640275E2,4.348845407E-2,-9.912298620E-2,2.420134842E-2
2.049740355E2,6.935228407E-2,-1.290987283E-1,3.297779709E-2
2.049840435E2,1.012212262E-1,-1.523634791E-1,3.895961493E-2
2.049940515E2,1.338324249E-1,-1.700442135E-1,4.028506950E-2
2.050040595E2,1.631295383E-1,-1.684069633E-1,2.927388065E-2
2.050140675E2,1.830246747E-1,-1.299929917E-1,1.215907652E-2
2.050240755E2,1.917886734E-1,-5.724601448E-2,-1.290038694E-2
2.050340835E2,1.740536094E-1,2.024850994E-2,-4.899314418E-2
2.050440915E2,1.284873039E-1,7.958357036E-2,-7.926259935E-2
2.050540994E2,6.100440025E-2,9.799054265E-2,-8.537055552E-2
2.050641074E2,-1.399598364E-2,7.578200847E-2,-7.426050305E-2
2.050741154E2,-6.495130807E-2,3.851026669E-2,-5.649721622E-2
2.050841234E2,-7.726587355E-2,-1.330329571E-3,-4.191240668E-2
2.050941314E2,-5.111895874E-2,-3.072816692E-2,-4.123649746E-2
2.051041394E2,-2.079029568E-2,-2.881436981E-2,-5.385906249E-2
2.051141474E2,-4.819584545E-3,-1.195949130E-2,-6.857170165E-2
2.051241554E2,-2.253663354E-2,1.669335924E-2,-7.485945523E-2
2.051341634E2,-5.638141558E-2,6.130237132E-2,-7.442482561E-2
2.051441714E2,-8.874807507E-2,9.654964507E-2,-7.397066802E-2
2.051541794E2,-1.132052168E-1,1.212478057E-1,-7.278902829E-2
2.051641874E2,-1.301752031E-1,1.260626167E-1,-7.623992860E-2
2.051741954E2,-1.354192197E-1,1.188845858E-1,-7.844609022E-2
2.051842034E2,-1.363880932E-1,1.053185612E-1,-7.013287395E-2
2.051942114E2,-1.303797364E-1,9.058329463E-2,-5.048353970E-2
2.052042194E2,-1.171607524E-1,8.502380550E-2,-3.178991377E-2
2.052142274E2,-1.055419147E-1,7.649689913E-2,-1.049687620E-2
2.052242354E2,-9.920196980E-2,5.463875085E-2,1.720832102E-2
2.052342434E2,-8.993630111E-2,2.077293023E-2,5.145284161E-2
2.052442524E2,-6.967236847E-2,-1.811100543E-2,7.702108473E-2
2.052542604E2,-3.274524212E-2,-5.817560107E-2,9.842038155E-2
2.052642684E2,1.920185424E-2,-8.975017816E-2,1.148554981E-1
2.052742764E2,7.177371532E-2,-1.097811460E-1,1.353573203E-1
2.052842844E2,1.178336963E-1,-1.229349300E-1,1.558162123E-1
2.052942924E2,1.506755352E-1,-1.123768315E-1,1.629532278E-1
2.053043004E2,1.605295092E-1,-9.023318440E-2,1.598863304E-1
2.053143084E2,1.492787153E-1,-6.500292569E-2,1.363197416E-1
2.053243164E2,1.223595962E-1,-4.044100642E-2,1.021863818E-1
2.053343244E2,9.491066635E-2,-7.350431755E-3,7.054190338E-2
2.053443324E2,7.294443250E-2,2.560558356E-2,4.909916595E-2
2.053543404E2,5.409032106E-2,5.250643566E-2,3.655461222E-2
2.053643484E2,4.018915445E-2,7.491693646E-2,3.698711097E-2
2.053743564E2,2.997166850E-2,8.004565537E-2,4.343382642E-2
2.053843644E2,2.979510091E-2,7.784386724E-2,4.562671110E-2
2.053943724E2,3.231684864E-2,7.593172044E-2,4.276434705E-2
2.054043804E2,2.378022484E-2,5.873184279E-2,2.725799195E-2
2.054143884E2,4.518914036E-3,5.124995857E-2,1.319969911E-2
2.054243964E2,-1.445550565E-2,6.400097907E-2,9.030071087E-3
2.054344044E2,-4.170230404E-2,7.906994969E-2,5.729082972E-3
2.054444124E2,-8.141189069E-2,9.634543210E-2,-1.187905902E-3
2.054544204E2,-1.202562302E-1,1.011002436E-1,-1.139074285E-2
2.054644284E2,-1.398984045E-1,9.753361344E-2,-1.951630414E-2
2.054744364E2,-1.436468065E-1,7.937511802E-2,-2.111047134E-2
2.054844444E2,-1.275142878E-1,6.084258854E-2,-5.591648631E-3
2.054944524E2,-9.771911055E-2,4.384576157E-2,1.776720397E-2
2.055044604E2,-6.230812147E-2,2.404382825E-2,4.972327128E-2
2.055144684E2,-2.693708241E-2,-1.769926399E-3,7.502090931E-2
2.055244764E2,1.294828020E-2,-1.520264428E-2,9.149575233E-2
2.055344844E2,4.796725139E-2,-3.015789390E-2,9.665003419E-2
2.055444924E2,6.647165865E-2,-3.309484571E-2,9.690521657E-2
2.055545004E2,6.714809686E-2,-2.300759032E-2,1.002994105E-1
2.055645084E2,4.026262835E-2,-1.705590077E-2,9.519560635E-2
2.055745164E2,3.658126807E-4,-7.928449661E-3,8.514004201E-2
2.055845244E2,-3.172532097E-2,3.832571208E-3,6.664053351E-2
2.055945324E2,-5.148730800E-2,9.163420647E-3,4.875713214E-2
2.056045404E2,-5.061246082E-2,3.419091925E-3,2.842980064E-2
2.056145484E2,-2.869837359E-2,-7.765918504E-3,1.493582875E-2
2.056245564E2,4.222651012E-3,-2.288150787E-2,1.022027805E-2
2.056345644E2,3.480719030E-2,-3.679598868E-2,6.045506336E-3
2.056445724E2,6.092022732E-2,-4.018360749E-2,6.522545591E-3
2.056545804E2,8.185000718E-2,-3.396219760E-2,1.091329940E-2
2.056645884E2,9.321261942E-2,-2.949289419E-2,1.199672464E-2
2.056745964E2,9.842149913E-2,-2.758234181E-2,8.315702900E-3
2.056846044E2,9.731046110E-2,-1.850494370E-2,2.973351162E-3
2.056946124E2,9.287443012E-2,6.700824015E-4,-3.302387660E-3
2.057046204E2,9.019598365E-2,2.043970488E-2,-9.207980707E-3
2.057146284E2,9.248283505E-2,4.155910760E-2,-1.295052096E-2
2.057246364E2,9.115613997E-2,5.064430460E-2,-1.231281087E-2
2.057346444E2,7.710743695E-2,5.148905888E-2,-9.048942011E-4
2.057446524E2,5.316034332E-2,5.929601192E-2,1.242748182E-2
2.057546604E2,1.948493905E-2,7.730671018E-2,3.292742744E-2
2.057646684E2,-2.043643221E-2,1.056770533E-1,5.245131254E-2
2.057746764E2,-6.591790169E-2,1.286369562E-1,7.001007348E-2
2.057846844E2,-1.130698770E-1,1.276090741E-1,8.895248175E-2
2.057946924E2,-1.606821269E-1,9.541971982E-2,1.079477444E-1
2.058047004E2,-2.054965645E-1,4.010670632E-2,1.316211820E-1
2.058147084E2,-2.304250896E-1,-3.302316368E-2,1.565864533E-1
2.058247164E2,-2.210605443E-1,-1.103608906E-1,1.724582314E-1
2.058347244E2,-1.811240464E-1,-1.789056063E-1,1.770271510E-1
2.058447324E2,-1.144078746E-1,-2.258773893E-1,1.953090727E-1
2.058547404E2,-2.358262613E-2,-2.530182004E-1,2.333712280E-1
2.058647484E2,6.892561913E-2,-2.561924160E-1,2.822126448E-1
2.058747564E2,1.421039551E-1,-2.319981307E-1,3.195653260E-1
2.058847644E2,1.920489073E-1,-2.082352340E-1,3.266904354E-1
2.058947724E2,2.105847746E-1,-1.824821979E-1,3.005911708E-1
2.059047804E2,2.103112787E-1,-1.500352919E-1,2.574192882E-1
2.059147884E2,1.865934283E-1,-1.197452992E-1,2.090991288E-1
2.059247964E2,1.552880406E-1,-8.923672885E-2,1.492140889E-1
2.059348044E2,1.229910925E-1,-5.606573075E-2,9.427015483E-2
2.059448124E2,9.637522697E-2,-1.616592892E-2,5.477267504E-2
2.059548204E2,6.693531573E-2,2.347815409E-2,2.089939639E-2
2.059648284E2,3.537127376E-2,5.570766330E-2,-9.033921175E-3
2.059748364E2,1.032424066E-2,8.012352884E-2,-3.086624853E-2
2.059848444E2,-1.183802634E-2,8.607257903E-2,-4.864590988E-2
2.059948524E2,-3.258112073E-2,7.665643841E-2,-6.482300907E-2
2.060048604E2,-4.559130222E-2,5.947389826E-2,-7.335075736E-2
2.060148684E2,-6.210742891E-2,3.776354343E-2,-8.065181226E-2
2.060248764E2,-8.778077364E-2,1.924913004E-2,-8.853205293E-2
2.060348844E2,-1.157410368E-1,8.882774971E-3,-1.006451696E-1
2.060448924E2,-1.414231807E-1,-6.608091295E-3,-1.225909665E-1
2.060549005E2,-1.487697810E-1,-1.536403317E-2,-1.426951736E-1
2.060649085E2,-1.456184387E-1,-1.846727915E-2,-1.573874652E-1
2.060749165E2,-1.270982921E-1,-9.565398097E-3,-1.577163637E-1
2.060849245E2,-1.006591693E-1,1.063046046E-3,-1.565898210E-1
2.060949325E2,-6.848151982E-2,2.144421823E-2,-1.475579739E-1
2.061049405E2,-3.877238184E-2,3.502168134E-2,-1.324425191E-1
2.061149485E2,-1.562365424E-2,4.504635558E-2,-1.152454242E-1
2.061249565E2,8.412064053E-3,5.372710899E-2,-9.982789308E-2
2.061349645E2,2.385067567E-2,5.153239891E-2,-8.302201331E-2
2.061449725E2,3.814036399E-2,4.761685058E-2,-6.268948317E-2
2.061549805E2,4.437588900E-2,3.210074082E-2,-4.675472155E-2
2.061649885E2,4.924411327E-2,2.770646010E-3,-4.063948244E-2
2.061749965E2,4.957967252E-2,-2.602371946E-2,-2.982065640E-2
2.061850045E2,3.614585102E-2,-4.593314976E-2,-2.015062608E-2
2.061950125E2,1.482671406E-2,-5.254311487E-2,-7.017780095E-3
2.062050205E2,-1.250548381E-2,-4.972672462E-2,7.159708068E-3
2.062150285E2,-4.102740809E-2,-3.683356196E-2,1.751913689E-2
2.062250365E2,-6.290493906E-2,-1.769696176E-2,3.282764554E-2
2.062350445E2,-6.713670492E-2,-2.225860022E-3,4.607713595E-2
2.062450525E2,-6.601355970E-2,-8.060744032E-3,4.596304148E-2
2.062550605E2,-6.442285329E-2,-2.036454715E-2,3.917304426E-2
2.062650685E2,-6.415348500E-2,-2.972224168E-2,3.662529588E-2
2.062750765E2,-6.601423025E-2,-3.322376683E-2,3.041107580E-2
2.062850845E2,-6.947065890E-2,-3.355431557E-2,1.708321273E-2
2.062950925E2,-8.244211972E-2,-3.263685852E-2,1.209724136E-2
2.063051005E2,-9.837460518E-2,-3.552384302E-2,6.840062328E-3
2.063151085E2,-1.019613519E-1,-2.905156463E-2,6.316484418E-3
2.063251165E2,-9.027391672E-2,-1.738503762E-2,9.987774305E-3
2.063351245E2,-6.992629915E-2,-9.458777495E-4,1.247516740E-2
2.063451325E2,-4.055474699E-2,3.238216415E-2,2.257015556E-2
2.063551405E2,-9.163266048E-3,5.708751082E-2,4.206422716E-2
2.063651485E2,7.318518590E-3,6.508635730E-2,5.519234389E-2
2.063751565E2,1.128902566E-2,5.580364168E-2,5.606559664E-2
2.063851645E2,8.435111493E-3,4.024351388E-2,5.197383463E-2
2.063951725E2,-8.847205900E-3,1.368993334E-2,3.308510035E-2
2.064051805E2,-2.911390923E-2,1.818679739E-3,1.887502521E-2
2.064151885E2,-5.264933035E-2,5.342307966E-3,1.231113169E-2
2.064251965E2,-7.193115354E-2,2.544641867E-2,2.077301964E-2
2.064352045E2,-7.505610585E-2,4.520440847E-2,3.446992487E-2
2.064452125E2,-6.208929420E-2,5.894017965E-2,4.239037260E-2
2.064552205E2,-3.298520669E-2,6.755097210E-2,5.413784459E-2
2.064652285E2,-8.446122520E-3,5.842899159E-2,6.498527527E-2
2.064752365E2,3.052874003E-3,3.644859046E-2,7.139683515E-2
2.064852445E2,2.135615563E-3,1.709287986E-2,7.806161046E-2
2.064952525E2,-4.249047022E-3,9.059188887E-3,9.496974945E-2
2.065052605E2,-6.622169632E-3,1.378767658E-3,1.066126674E-1
2.065152685E2,-9.512498975E-3,-4.375790711E-3,1.090119109E-1
2.065252765E2,-3.959519323E-3,-7.163458969E-3,1.045211256E-1
2.065352845E2,-5.825463450E-5,-1.508556493E-2,9.393692762E-2
2.065452925E2,2.659318270E-3,-2.480012365E-2,7.665129751E-2
2.065553005E2,6.210111082E-3,-1.375173405E-2,6.246117502E-2
2.065653085E2,6.861575879E-3,8.982110769E-3,4.273888841E-2
2.065753165E2,1.106803957E-2,4.544770718E-2,2.150150947E-2
2.065853245E2,1.973827556E-2,7.898271084E-2,1.157866325E-3
2.065953325E2,2.657913789E-2,1.003766805E-1,-1.873701066E-2
2.066053405E2,3.280077875E-2,1.111284867E-1,-3.568527848E-2
2.066153485E2,2.308050916E-2,9.814797342E-2,-5.498467386E-2
2.066253565E2,-4.265655298E-3,7.566415519E-2,-7.328578830E-2
2.066353645E2,-4.081354663E-2,5.932886153E-2,-9.502597153E-2
2.066453725E2,-7.119870931E-2,4.352758452E-2,-1.160576716E-1
2.066553805E2,-8.403541148E-2,4.432200640E-2,-1.243145391E-1
2.066653885E2,-8.056225628E-2,6.567294896E-2,-1.117094308E-1
2.066753965E2,-6.357289106E-2,9.174849093E-2,-8.035017550E-2
2.066854045E2,-4.038550705E-2,1.071814150E-1,-5.006213859E-2
2.066954125E2,-1.827913895E-2,1.041073278E-1,-2.704896405E-2
2.067054205E2,-5.917658098E-3,8.143203706E-2,-1.745442487E-2
2.067154285E2,-1.021170290E-3,5.186562240E-2,-9.543239139E-3
2.067254365E2,-1.021794789E-2,2.493429463E-3,-4.967814311E-3
2.067354445E2,-1.913873851E-2,-3.052098118E-2,1.513786963E-3
2.067454525E2,-2.073362097E-2,-5.181203410E-2,1.888121106E-2
2.067554605E2,-2.522211336E-2,-6.287480891E-2,3.477815539E-2
2.067654685E2,-1.568137482E-2,-5.913802609E-2,5.053377151E-2
2.067754765E2,3.287508735E-4,-5.352514982E-2,6.253104657E-2
2.067854845E2,1.820067875E-2,-5.371640995E-2,7.156149298E-2
2.067954925E2,2.916997299E-2,-7.273004949E-2,7.908518612E-2
2.068055005E2,3.399908170E-2,-9.185047448E-2,9.922960401E-2
2.068155085E2,3.459403291E-2,-1.018594354E-1,1.219700724E-1
2.068255165E2,2.585726790E-2,-1.028176397E-1,1.354994476E-1
2.068355245E2,1.502778847E-2,-8.305006474E-2,1.455733925E-1
2.068455325E2,1.475045690E-3,-5.703751743E-2,1.557494849E-1
2.068555405E2,-2.655285969E-2,-4.643654078E-2,1.601311862E-1
2.068655485E2,-5.926988274E-2,-5.952565372E-2,1.606425941E-1
2.068755565E2,-8.319545537E-2,-8.500571549E-2,1.534568518E-1
2.068855645E2,-9.520204365E-2,-1.013712808E-1,1.470796764E-1
2.068955725E2,-8.560534567E-2,-9.646280855E-2,1.410596073E-1
2.069055805E2,-6.766811013E-2,-7.286299020E-2,1.505430937E-1
2.069155885E2,-5.762905627E-2,-4.449047148E-2,1.736108661E-1
2.069255965E2,-5.424923822E-2,-2.736314945E-2,1.966176480E-1
2.069356045E2,-6.432451308E-2,-2.528188936E-2,2.074418068E-1
2.069456125E2,-8.632208407E-2,-4.366656393E-2,2.013816535E-1
2.069556205E2,-1.155992821E-1,-7.701013982E-2,1.782891154E-1
2.069656285E2,-1.397882551E-1,-1.041195989E-1,1.552609801E-1
2.069756365E2,-1.509253234E-1,-1.074634641E-1,1.389962584E-1
2.069856445E2,-1.523844600E-1,-1.017549038E-1,1.242985874E-1
2.069956525E2,-1.348358244E-1,-8.246216178E-2,1.036867797E-1
2.070056605E2,-1.062411666E-1,-4.724973068E-2,8.241035789E-2
2.070156685E2,-8.067882061E-2,-1.379377022E-2,6.810172647E-2
2.070256765E2,-6.373958290E-2,2.379931137E-2,6.193486601E-2
2.070356845E2,-6.159627810E-2,5.000881106E-2,4.992667213E-2
2.070456925E2,-6.643535197E-2,6.702020764E-2,3.006345034E-2
2.070557007E2,-7.751064003E-2,6.732966751E-2,8.762689307E-3
2.070657087E2,-8.646477014E-2,6.112642214E-2,-1.144908089E-2
2.070757167E2,-8.925282955E-2,4.490644112E-2,-2.792019956E-2
2.070857247E2,-8.649180830E-2,2.632940933E-2,-3.831202164E-2
2.070957327E2,-7.708339393E-2,8.377573453E-3,-4.758088663E-2
2.071057407E2,-5.728630722E-2,2.678105608E-3,-6.316918135E-2
2.071157487E2,-3.727025539E-2,4.372408614E-3,-8.046188951E-2
2.071257567E2,-1.500254869E-2,1.400644705E-2,-9.294809401E-2
2.071357647E2,3.681124421E-3,3.230262920E-2,-9.631939232E-2
2.071457727E2,2.677326836E-2,4.952731356E-2,-9.120621532E-2
2.071557807E2,4.289497808E-2,6.228039041E-2,-8.470970392E-2
2.071657887E2,5.415437371E-2,7.306661457E-2,-7.412885129E-2
2.071757967E2,5.589581281E-2,7.180960476E-2,-6.423919648E-2
2.071858047E2,4.738501087E-2,6.501971930E-2,-5.588529259E-2
2.071958127E2,3.801441193E-2,6.366150081E-2,-5.671859533E-2
2.072058207E2,2.506271936E-2,5.645579100E-2,-6.600206345E-2
2.072158287E2,4.095119424E-3,5.598174781E-2,-7.499928772E-2
2.072258367E2,-2.130259201E-2,6.127960980E-2,-8.263002336E-2
2.072358447E2,-4.541831464E-2,7.339726388E-2,-8.066088706E-2
2.072458527E2,-5.624003708E-2,9.154367447E-2,-7.168932259E-2
2.072558607E2,-5.469486862E-2,1.079905555E-1,-4.932808876E-2
2.072658687E2,-4.316394776E-2,1.094516665E-1,-2.033549361E-2
2.072758767E2,-3.224498779E-2,9.026678652E-2,5.861222744E-3
2.072858847E2,-1.434693485E-2,6.574470550E-2,2.958180010E-2
2.072958927E2,-3.465258516E-3,3.903426975E-2,4.693096504E-2
2.073059007E2,4.091069102E-3,2.333108895E-2,5.910124257E-2
2.073159087E2,1.057107188E-2,1.854166016E-2,7.229747623E-2
2.073259167E2,1.528217830E-2,2.169475891E-2,8.169350028E-2
2.073359247E2,1.042830106E-2,2.747621574E-2,8.255183697E-2
2.073459327E2,-1.235463191E-3,3.232697397E-2,8.242805302E-2
2.073559407E2,-1.741150394E-2,3.554913029E-2,7.524044067E-2
2.073659487E2,-3.030052222E-2,4.122008383E-2,6.113771722E-2
2.073759567E2,-3.153223172E-2,5.214596912E-2,4.285431653E-2
2.073859647E2,-2.991870418E-2,6.218352914E-2,3.692466766E-2
2.073959727E2,-2.820682339E-2,6.483603269E-2,3.844027594E-2
2.074059807E2,-2.749088593E-2,5.393481255E-2,4.515848681E-2
2.074159887E2,-2.827305719E-2,3.289930522E-2,4.288414493E-2
2.074259967E2,-2.943959832E-2,1.450764295E-2,3.869617358E-2
2.074360047E2,-2.757112496E-2,1.248017885E-2,3.688202798E-2
2.074460127E2,-2.725657821E-2,2.548363432E-2,3.436670080E-2
2.074560207E2,-2.638812177E-2,4.160960764E-2,2.741185762E-2
2.074660287E2,-2.785864286E-2,5.691607296E-2,1.680897363E-2
2.074760367E2,-2.582105808E-2,6.741452217E-2,8.789131418E-3
2.074860447E2,-3.323456645E-2,6.988372654E-2,-1.745353569E-3
2.074960527E2,-5.139679462E-2,6.837663800E-2,-6.006411277E-3
2.075060607E2,-6.924097240E-2,6.155370176E-2,-6.010321900E-3
2.075160687E2,-8.017990738E-2,5.607638136E-2,1.791142160E-3
2.075260767E2,-7.821933925E-2,5.001686513E-2,3.506736364E-3
2.075360847E2,-7.174945623E-2,3.923665360E-2,8.095096797E-3
2.075460927E2,-6.344061345E-2,2.564590611E-2,1.764719374E-2
2.075561007E2,-5.393819138E-2,1.821462065E-2,2.710221522E-2
2.075661087E2,-3.930084780E-2,2.113658562E-2,3.532548621E-2
2.075761167E2,-2.883488871E-2,2.327057719E-2,4.251735285E-2
2.075861247E2,-2.442300133E-2,2.463724092E-2,5.062926561E-2
2.075961327E2,-2.531010099E-2,1.270814426E-2,5.555877462E-2
2.076061407E2,-2.940947004E-2,-1.281799283E-3,5.897951499E-2
2.076161487E2,-3.076848201E-2,-1.602177974E-3,6.632504612E-2
2.076261567E2,-3.550814092E-2,-2.925675828E-3,7.997889072E-2
2.076361647E2,-3.812709451E-2,-1.388232689E-3,8.916679770E-2
2.076461727E2,-3.633149341E-2,3.316731658E-3,9.176899493E-2
2.076561807E2,-2.634463646E-2,1.318720542E-2,9.223052114E-2
2.076661887E2,-1.700326987E-2,9.539525956E-3,8.919903636E-2
2.076761967E2,-8.610317484E-3,-1.640691422E-3,7.862069458E-2
2.076862047E2,-7.911067805E-4,-1.206982322E-2,7.597624511E-2
2.076962127E2,2.788980491E-3,-2.229609713E-2,7.214129716E-2
2.077062207E2,4.886681214E-3,-1.268378831E-2,7.260064036E-2
2.077162287E2,1.031713188E-2,8.623365313E-3,7.933071256E-2
2.077262367E2,9.778292850E-3,1.917735115E-2,7.697446644E-2
2.077362447E2,1.317962771E-3,2.059148997E-2,7.116797566E-2
2.077462527E2,-1.609758288E-2,2.072587609E-3,5.902414024E-2
2.077562607E2,-3.789715469E-2,-1.918609440E-2,4.669823498E-2
2.077662687E2,-5.158460885E-2,-2.604842186E-2,3.437269107E-2
2.077762767E2,-5.621158332E-2,-2.657466382E-2,2.570969425E-2
2.077862847E2,-5.212213844E-2,-2.231013030E-2,2.367344685E-2
2.077962927E2,-4.494252056E-2,-1.783255860E-2,3.308585659E-2
2.078063007E2,-3.796737641E-2,-2.542500943E-2,3.917990997E-2
2.078163087E2,-3.195103258E-2,-3.334658220E-2,4.265933111E-2
2.078263167E2,-2.488436364E-2,-3.799230605E-2,3.987941891E-2
2.078363247E2,-1.675879210E-2,-3.769749403E-2,3.735713661E-2
2.078463327E2,-1.502151042E-2,-3.160712123E-2,3.876568004E-2
2.078563407E2,-2.124611661E-2,-2.921879850E-2,4.451997206E-2
2.078663487E2,-2.970257960E-2,-2.282278985E-2,5.207179859E-2
2.078763567E2,-2.971429750E-2,-1.695531234E-2,5.681648850E-2
2.078863647E2,-2.955117635E-2,-1.768698916E-2,5.509678647E-2
2.078963727E2,-2.040135488E-2,-8.710538968E-3,5.854344741E-2
2.079063807E2,-2.162412554E-2,1.681535505E-3,6.200062856E-2
2.079163887E2,-3.218009695E-2,2.266099676E-3,6.410904974E-2
2.079263967E2,-4.608609527E-2,-5.280142650E-3,6.467080861E-2
2.079364047E2,-6.142856553E-2,-2.193954587E-2,5.951386318E-2
2.079464127E2,-6.979680806E-2,-3.933154047E-2,5.372420698E-2
2.079564207E2,-6.029650941E-2,-4.313080385E-2,5.110445619E-2
2.079664287E2,-3.963477165E-2,-3.654251620E-2,4.804039001E-2
2.079764357E2,-7.450470235E-3,-1.890466735E-2,4.841429740E-2
2.079864437E2,2.149355412E-2,-3.525501583E-3,4.425330088E-2
2.079964517E2,4.509688541E-2,4.683692008E-3,3.035852872E-2
2.080064597E2,5.533444136E-2,5.971257109E-3,1.354857720E-2
2.080164677E2,5.308992788E-2,7.827746682E-3,-6.971345283E-3
2.080264757E2,3.559985757E-2,9.763487615E-3,-3.012230806E-2
2.080364837E2,1.129211951E-2,2.020148188E-2,-5.388409644E-2
2.080464917E2,-7.991535589E-3,3.926742822E-2,-7.210133970E-2
2.080564994E2,-1.545664202E-2,6.339540333E-2,-8.399235457E-2
2.080665074E2,-1.368907094E-2,8.195374161E-2,-9.769102186E-2
2.080765154E2,-3.142687492E-3,8.425551653E-2,-1.096566021E-1
2.080865234E2,6.324451882E-3,8.431134373E-2,-1.121701971E-1
2.080965314E2,1.142739551E-3,7.793600112E-2,-1.166107506E-1
2.081065394E2,-5.275009200E-3,8.753987402E-2,-1.203027070E-1
2.081165474E2,-2.319621854E-2,1.038243026E-1,-1.278170794E-1
2.081265554E2,-4.952183738E-2,1.170100868E-1,-1.401835382E-1
2.081365634E2,-8.062462509E-2,1.136169434E-1,-1.594432592E-1
2.081465714E2,-1.130273715E-1,8.083529025E-2,-1.955512017E-1
2.081565794E2,-1.412662119E-1,4.260294512E-2,-2.401495576E-1
2.081665874E2,-1.564087421E-1,7.514046039E-3,-2.876373231E-1
2.081765954E2,-1.576236784E-1,-1.629916951E-3,-3.276667893E-1
2.081866034E2,-1.424685419E-1,2.268157899E-2,-3.371257782E-1
2.081966114E2,-1.121649668E-1,5.720733106E-2,-3.350354433E-1
2.082066194E2,-7.699400187E-2,8.674117178E-2,-3.221521974E-1
2.082166274E2,-4.273136705E-2,9.904950857E-2,-3.184858263E-1
2.082266354E2,-2.112045512E-2,8.628891408E-2,-3.241163492E-1
2.082366434E2,-4.501796328E-3,7.257736474E-2,-3.325311542E-1
2.082466514E2,8.591267280E-3,5.700480193E-2,-3.328241110E-1
2.082566594E2,2.034859173E-2,4.551086575E-2,-3.247888088E-1
2.082666674E2,3.746083379E-2,4.157633334E-2,-3.078364134E-1
2.082766754E2,6.475077569E-2,4.083304852E-2,-2.853526771E-1
2.082866834E2,1.037354618E-1,3.604704887E-2,-2.619547248E-1
2.082966914E2,1.493255943E-1,3.307309747E-2,-2.365966290E-1
2.083066994E2,1.896047294E-1,2.527209930E-2,-2.064180225E-1
2.083167074E2,2.129912823E-1,1.254272088E-2,-1.698499024E-1
2.083267154E2,2.110981941E-1,2.460341435E-3,-1.347751915E-1
2.083367234E2,1.872173697E-1,4.231876228E-3,-1.065680534E-1
2.083467314E2,1.443740577E-1,1.981021091E-2,-7.755672932E-2
2.083567394E2,8.992733806E-2,2.383584529E-2,-5.505514890E-2
2.083667474E2,3.758317232E-2,2.011772990E-2,-3.578858078E-2
2.083767554E2,-1.141340099E-2,5.930539221E-3,-2.635673061E-2
2.083867634E2,-4.089689255E-2,-2.059740387E-2,-2.879451960E-2
2.083967714E2,-4.863949865E-2,-3.902009130E-2,-2.979240939E-2
2.084067794E2,-4.313373566E-2,-3.906079009E-2,-2.932150289E-2
2.084167874E2,-3.554266319E-2,-3.087582812E-2,-1.302855089E-2
2.084267954E2,-2.906006947E-2,-3.533650190E-2,2.382624708E-2
2.084368034E2,-2.586853690E-2,-6.470930576E-2,8.500572294E-2
2.084468114E2,-2.558268234E-2,-1.003178656E-1,1.538255662E-1
2.084568194E2,-1.613458619E-2,-1.243007034E-1,2.029126883E-1
2.084668274E2,1.608237438E-2,-1.259457618E-1,2.146803439E-1
2.084768354E2,5.999923497E-2,-1.162326783E-1,1.983229518E-1
2.084868434E2,8.385000378E-2,-1.034268439E-1,1.722471863E-1
2.084968514E2,8.451712132E-2,-7.650255412E-2,1.544186473E-1
2.085068594E2,7.344669849E-2,-3.441350535E-2,1.442833990E-1
2.085168674E2,6.449528039E-2,1.389383711E-2,1.345865577E-1
2.085268754E2,5.200465769E-2,5.404753238E-2,1.294196248E-1
2.085368834E2,3.343283758E-2,7.467398047E-2,1.272624433E-1
2.085468914E2,1.562191173E-2,7.734443992E-2,1.256108582E-1
2.085568994E2,-3.951256629E-3,5.953960493E-2,1.167252213E-1
2.085669074E2,-1.374879386E-2,3.635493666E-2,1.056920290E-1
2.085769154E2,-2.238675579E-2,7.267092355E-3,8.595827222E-2
2.085869234E2,-2.902395278E-2,-1.493675448E-2,6.214241311E-2
2.085969314E2,-3.596708179E-2,-2.440535650E-2,3.767967969E-2
2.086069384E2,-4.543681070E-2,-1.660197228E-2,9.756495245E-3
2.086169464E2,-4.358857498E-2,9.224299341E-3,-1.930520637E-3
2.086269544E2,-4.371973127E-2,2.631956153E-2,2.288897708E-2
2.086369624E2,-3.849354386E-2,2.888658084E-2,5.903473124E-2
2.086469704E2,-1.146180462E-2,2.193808742E-2,8.534298837E-2
2.086569784E2,1.832112484E-2,3.808884881E-3,9.209676087E-2
2.086669864E2,4.661488533E-2,-1.286873594E-2,8.165786415E-2
2.086769944E2,6.003801525E-2,-2.919045091E-2,6.773699075E-2
2.086870024E2,4.960750788E-2,-4.170800373E-2,5.966744572E-2
2.086970104E2,3.011210449E-2,-4.348672926E-2,5.563222244E-2
2.087070184E2,1.779158972E-2,-3.823622316E-2,7.162965089E-2
2.087170264E2,1.828560606E-2,-4.092708230E-2,8.612310886E-2
2.087270344E2,3.956019878E-2,-4.703086242E-2,8.853318542E-2
2.087370424E2,7.588864863E-2,-4.037961736E-2,9.741242975E-2
2.087470504E2,1.095332950E-1,-3.234868869E-2,1.013077348E-1
2.087570584E2,1.277429312E-1,-1.840384305E-2,9.630951285E-2
2.087670664E2,1.252789348E-1,-9.913791902E-3,7.868248224E-2
2.087770744E2,1.162414998E-1,-2.675320022E-3,6.133944541E-2
2.087870824E2,9.832544625E-2,7.768190466E-3,4.608185217E-2
2.087970904E2,7.020859420E-2,1.412142720E-2,3.089623898E-2
2.088070984E2,4.701801762E-2,2.721921168E-2,1.319696195E-2
2.088171064E2,2.282266878E-2,3.583879769E-2,-6.779942196E-3
2.088271144E2,3.316421062E-4,4.503290355E-2,-1.936569810E-2
2.088371224E2,-2.128843218E-2,4.891446233E-2,-3.080131114E-2
2.088471304E2,-3.999694064E-2,4.396474361E-2,-3.717501834E-2
2.088571384E2,-5.556631461E-2,3.850792348E-2,-3.452437371E-2
2.088671464E2,-5.957540125E-2,3.174438328E-2,-2.796250768E-2
2.088771544E2,-5.504163727E-2,2.861703560E-2,-1.558892988E-2
2.088871624E2,-5.582493544E-2,1.855390146E-2,-1.616787165E-3
2.088971704E2,-6.533109397E-2,7.186730858E-3,7.492555771E-3
2.089071784E2,-8.105316758E-2,-1.130625233E-2,9.838540107E-3
2.089171864E2,-1.042226702E-1,-3.575354069E-2,-6.570260040E-3
2.089271944E2,-1.225382537E-1,-5.615823343E-2,-4.120955244E-2
2.089372024E2,-1.246703789E-1,-6.152210757E-2,-6.676657498E-2
2.089472104E2,-1.195533574E-1,-6.691171229E-2,-8.038481325E-2
2.089572184E2,-1.129931882E-1,-6.562034786E-2,-7.613094896E-2
2.089672264E2,-1.003921628E-1,-6.470274925E-2,-7.325991988E-2
2.089772344E2,-8.361291885E-2,-5.916896090E-2,-7.599631697E-2
2.089872424E2,-6.006871536E-2,-5.078000575E-2,-7.832311839E-2
2.089972504E2,-3.086768650E-2,-5.460324138E-2,-9.018989652E-2
2.090072584E2,-5.399650894E-3,-5.727443844E-2,-9.783216566E-2
2.090172664E2,1.723828353E-2,-5.842998624E-2,-9.873018414E-2
2.090272744E2,3.254963458E-2,-4.662791640E-2,-8.483031392E-2
2.090372824E2,5.296489596E-2,1.667701825E-2,4.868147895E-3
2.090472904E2,4.568673670E-2,-9.079821408E-2,1.138980314E-1
2.090572988E2,-3.783292323E-2,-1.710557640E-1,3.087013364E-1
2.090673068E2,-8.096215129E-2,-3.405275643E-1,6.379341483E-1
2.090773148E2,-4.160488769E-2,-5.783694386E-1,9.238691926E-1
2.090873218E2,1.133487076E-1,-6.447539926E-1,1.032726049E0
2.090973298E2,2.858640254E-1,-6.740130782E-1,1.047486067E0
2.091073378E2,4.268565178E-1,-6.765587926E-1,9.520092607E-1
2.091173458E2,5.183209181E-1,-6.282343864E-1,8.062618971E-1
2.091273538E2,5.236192942E-1,-5.214829445E-1,7.165094018E-1
2.091373618E2,4.581921101E-1,-4.098522961E-1,6.295920610E-1
2.091473698E2,3.939219415E-1,-2.095389813E-1,6.045545340E-1
2.091573778E2,4.035639167E-1,-4.094251245E-2,6.080366373E-1
2.091673858E2,4.043278098E-1,-2.403508313E-2,5.448511243E-1
2.091773938E2,2.997699678E-1,-6.968165934E-2,5.272191167E-1
2.091874018E2,1.437794715E-1,-1.155749336E-1,5.391433239E-1
2.091974098E2,5.434440821E-2,-1.032098755E-1,4.294400215E-1
2.092074178E2,2.559255809E-2,-1.137246117E-1,2.254596800E-1
2.092174258E2,2.722827159E-2,-1.530688256E-1,6.492964923E-2
2.092274338E2,1.415813807E-2,-1.691330522E-1,5.790916737E-3
2.092374418E2,6.549221464E-3,-1.394561231E-1,-1.994454116E-2
2.092474498E2,1.053508557E-2,-8.077275753E-2,-6.171077117E-2
2.092574578E2,2.918573655E-2,2.138769627E-2,-1.382438987E-1
2.092674658E2,5.081122741E-2,1.023417711E-1,-2.256511748E-1
2.092774738E2,6.208411977E-2,1.192770749E-1,-2.939378023E-1
2.092874818E2,7.262797654E-2,9.390540421E-2,-3.406358361E-1
2.092974898E2,9.744357318E-2,4.706812277E-2,-3.961190879E-1
2.093074978E2,1.394471675E-1,1.378446631E-2,-4.704225659E-1
2.093175058E2,1.728274822E-1,1.060678344E-2,-5.595492721E-1
2.093275138E2,1.891845465E-1,3.245553002E-2,-6.425244212E-1
2.093375218E2,1.770533025E-1,6.356790662E-2,-6.923036575E-1
2.093475298E2,1.558379978E-1,1.108510122E-1,-7.067534924E-1
2.093575378E2,1.445874870E-1,1.680202931E-1,-6.939106584E-1
2.093675458E2,1.462275982E-1,2.255671024E-1,-6.661307216E-1
2.093775538E2,1.398852766E-1,2.517526448E-1,-6.443189383E-1
2.093875618E2,1.221294552E-1,2.505198121E-1,-6.398975849E-1
2.093975698E2,1.008646488E-1,2.636382878E-1,-6.534453630E-1
2.094075778E2,7.729323208E-2,2.810557485E-1,-6.645320058E-1
2.094175858E2,5.592402816E-2,3.088072538E-1,-6.650720835E-1
2.094275938E2,3.915693238E-2,3.257041872E-1,-6.375155449E-1
2.094376018E2,2.446800098E-2,3.298422098E-1,-5.823374987E-1
2.094476098E2,5.108753219E-3,3.229904473E-1,-5.149432421E-1
2.094576178E2,-2.437723428E-2,2.938458622E-1,-4.553459883E-1
2.094676248E2,-5.450244993E-2,2.845000327E-1,-4.037096798E-1
2.094776338E2,-9.058161825E-2,2.903470099E-1,-3.423675001E-1
2.094876408E2,-1.274174005E-1,3.057252169E-1,-2.771609724E-1
2.094976488E2,-1.599793285E-1,3.321571052E-1,-2.138110101E-1
2.095076568E2,-1.779409200E-1,3.539476097E-1,-1.493180841E-1
2.095176648E2,-1.873602569E-1,3.490511179E-1,-8.641927689E-2
2.095276728E2,-2.020723969E-1,2.949319184E-1,-3.128737584E-2
2.095376808E2,-2.120525986E-1,2.011484206E-1,1.814542338E-2
2.095476888E2,-2.069661319E-1,6.966651976E-2,4.824068397E-2
2.095576968E2,-1.882643402E-1,-4.522411153E-2,6.674139947E-2
2.095677048E2,-1.684602350E-1,-1.287900805E-1,8.497907221E-2
2.095777128E2,-1.460966021E-1,-1.723716557E-1,1.017932072E-1
2.095877208E2,-1.288817078E-1,-1.899991184E-1,1.207298487E-1
2.095977288E2,-1.107748747E-1,-1.818160117E-1,1.210965663E-1
2.096077368E2,-1.063378453E-1,-1.696270704E-1,1.069332585E-1
2.096177448E2,-1.280561984E-1,-1.608953625E-1,7.585044205E-2
2.096277528E2,-1.695382297E-1,-1.366298050E-1,3.865369037E-2
2.096377608E2,-2.219076902E-1,-9.035579115E-2,6.532770116E-3
2.096477688E2,-2.640131116E-1,-7.166351657E-3,-3.556671366E-2
2.096577768E2,-2.903315425E-1,1.070864573E-1,-7.385018468E-2
2.096677848E2,-3.158258200E-1,2.064565420E-1,-1.129538268E-1
2.096777928E2,-3.463176787E-1,2.770984769E-1,-1.496476531E-1
2.096878008E2,-3.814627528E-1,2.990196645E-1,-1.718947440E-1
2.096978088E2,-4.023643136E-1,2.931087911E-1,-1.848451644E-1
2.097078168E2,-3.904963732E-1,2.679046988E-1,-1.827145517E-1
2.097178248E2,-3.301272988E-1,2.436129600E-1,-1.727585942E-1
2.097278328E2,-2.332310379E-1,2.417977303E-1,-1.647666693E-1
2.097378408E2,-1.433757246E-1,2.510500848E-1,-1.612470299E-1
2.097478488E2,-7.145399600E-2,2.462403476E-1,-1.469371617E-1
2.097578568E2,-2.716802061E-2,2.331884652E-1,-1.347934157E-1
2.097678648E2,-7.013950963E-4,2.218648791E-1,-1.095901579E-1
2.097778728E2,1.674523950E-2,1.963030547E-1,-9.911967814E-2
2.097878808E2,4.418639466E-2,1.727788895E-1,-9.992304444E-2
2.097978888E2,6.013393775E-2,1.466910988E-1,-1.085831150E-1
2.098078968E2,7.052937150E-2,1.200166345E-1,-1.199601665E-1
2.098179048E2,6.881403178E-2,1.014956757E-1,-1.365380734E-1
2.098279118E2,6.910385191E-2,1.070409194E-1,-1.533194333E-1
2.098379198E2,7.038456947E-2,1.325641125E-1,-1.766018569E-1
2.098479278E2,6.340996921E-2,1.537081897E-1,-1.915436387E-1
2.098579358E2,5.332378671E-2,1.594465077E-1,-2.011129111E-1
2.098679438E2,3.554649651E-2,1.456431597E-1,-2.122535855E-1
2.098779518E2,1.341083180E-2,1.206318140E-1,-2.223064899E-1
2.098879598E2,1.292659808E-2,1.100646704E-1,-2.337591499E-1
2.098979678E2,3.713073581E-2,1.278114319E-1,-2.501160204E-1
2.099079758E2,7.133511454E-2,1.396723539E-1,-2.579553127E-1
2.099179838E2,8.723019063E-2,1.601765752E-1,-2.576016486E-1
2.099279918E2,7.326737046E-2,1.477943808E-1,-2.461506724E-1
2.099379998E2,3.231354803E-2,8.866367489E-2,-2.385686487E-1
2.099480078E2,-1.688531018E-3,1.320061646E-2,-2.416467220E-1
2.099580158E2,-2.392672375E-2,-6.944207102E-2,-2.538123131E-1
2.099680238E2,-2.043155953E-2,-1.157491952E-1,-2.794525027E-1
2.099780318E2,2.307308605E-3,-1.270324886E-1,-3.144086301E-1
2.099880398E2,3.203776851E-2,-1.122856662E-1,-3.385258913E-1
2.099980478E2,5.106552318E-2,-9.457617998E-2,-3.457595706E-1
2.100080558E2,4.735082015E-2,-7.459048927E-2,-3.514427245E-1
2.100180638E2,2.901122719E-2,-5.100233853E-2,-3.518025279E-1
2.100280718E2,4.910910968E-3,-3.949607164E-2,-3.504573107E-1
2.100380798E2,-2.179340273E-2,-3.432634473E-2,-3.537300527E-1
2.100480878E2,-4.849781841E-2,-3.134607896E-2,-3.443030715E-1
2.100580955E2,-7.050032169E-2,-4.942228273E-2,-3.245187402E-1
2.100681035E2,-7.107228786E-2,-7.499894500E-2,-2.907883525E-1
2.100781115E2,-5.511062965E-2,-1.309791207E-1,-2.426836640E-1
2.100881195E2,-3.463487327E-2,-2.174979597E-1,-1.993078589E-1
2.100981275E2,-3.336275113E-4,-3.160255849E-1,-1.647094041E-1
2.101081355E2,2.729048766E-2,-4.317576587E-1,-1.361618638E-1
2.101181435E2,4.645113274E-2,-5.425097942E-1,-1.116333455E-1
2.101281515E2,6.346307695E-2,-6.362619996E-1,-9.934568405E-2
2.101381585E2,8.352413774E-2,-7.118752599E-1,-1.067593917E-1
2.101481665E2,9.869095683E-2,-7.454550266E-1,-1.320451945E-1
2.101581745E2,9.153583646E-2,-7.182497382E-1,-1.709590405E-1
2.101681825E2,6.077013165E-2,-6.391634345E-1,-2.190269828E-1
2.101781905E2,1.843465865E-2,-5.314809084E-1,-2.389165312E-1
2.101881985E2,-3.500582278E-2,-4.187352955E-1,-2.449534684E-1
2.101982065E2,-1.084584668E-1,-3.383517563E-1,-2.572599053E-1
2.102082145E2,-1.841864288E-1,-2.879838347E-1,-2.950538397E-1
2.102182225E2,-2.450630963E-1,-2.163597047E-1,-3.415795267E-1
2.102282305E2,-2.867023349E-1,-1.199098751E-1,-3.647695482E-1
2.102382385E2,-3.127847910E-1,-3.046468087E-2,-3.518870175E-1
2.102482465E2,-3.212718070E-1,4.226036742E-2,-3.150799870E-1
2.102582545E2,-3.100668192E-1,7.797228545E-2,-2.593986094E-1
2.102682625E2,-2.748926580E-1,5.998142809E-2,-2.048596740E-1
2.102782705E2,-2.146615386E-1,-1.184615586E-2,-1.662121564E-1
2.102882785E2,-1.457544863E-1,-1.182145700E-1,-1.432886422E-1
2.102982865E2,-8.171106130E-2,-2.232611030E-1,-1.221090555E-1
2.103082945E2,-4.669075832E-2,-2.935579121E-1,-9.578689933E-2
2.103183025E2,-3.076665103E-2,-3.076319098E-1,-6.193732470E-2
2.103283105E2,-1.212256309E-2,-2.796141207E-1,-5.045564845E-2
2.103383185E2,7.302001584E-3,-2.053414881E-1,-4.983459786E-2
2.103483265E2,2.968006302E-3,-1.204360053E-1,-5.924310535E-2
2.103583345E2,-4.425330088E-2,-2.611855976E-2,-7.032744586E-2
2.103683425E2,-1.267978102E-1,6.229892001E-2,-7.749534398E-2
2.103783505E2,-2.157239467E-1,1.271090806E-1,-8.151591569E-2
2.103883585E2,-2.861935794E-1,1.586161256E-1,-7.597974688E-2
2.103983665E2,-3.072448075E-1,1.576102525E-1,-7.042758912E-2
2.104083745E2,-2.748987377E-1,1.290735006E-1,-5.486077070E-2
2.104183825E2,-2.205026001E-1,6.702025235E-2,-4.638686031E-2
2.104283895E2,-1.516736299E-1,8.167327382E-3,-3.258796036E-2
2.104383975E2,-8.601552993E-2,-2.254104987E-2,-2.744459920E-2
2.104484055E2,-3.949286044E-2,-9.807414375E-3,-3.690520674E-2
2.104584135E2,-1.409030054E-2,4.971689731E-2,-5.433106795E-2
2.104684215E2,-1.566775516E-2,1.535076499E-1,-7.458076626E-2
2.104784295E2,-4.285117611E-2,2.738468349E-1,-8.111323416E-2
2.104884375E2,-9.066686034E-2,3.783555031E-1,-6.492883712E-2
2.104984455E2,-1.338811666E-1,4.439851046E-1,-4.482729733E-2
2.105084535E2,-1.513860226E-1,4.756997824E-1,-4.377010092E-2
2.105184615E2,-1.485329866E-1,4.833752811E-1,-6.198079884E-2
2.105284695E2,-1.357806325E-1,4.751913548E-1,-6.930954009E-2
2.105384775E2,-1.195491925E-1,4.578512609E-1,-4.290509969E-2
2.105484855E2,-9.005441517E-2,4.425801337E-1,1.087263459E-3
2.105584935E2,-4.319502786E-2,4.296102524E-1,5.653987080E-2
2.105685015E2,1.387612615E-2,4.170324206E-1,1.158578098E-1
2.105785095E2,7.279697061E-2,3.953340352E-1,1.708281040E-1
2.105885175E2,1.389848292E-1,3.700439632E-1,2.157008648E-1
2.105985255E2,1.965714395E-1,3.335924745E-1,2.378413230E-1
2.106085335E2,2.353000343E-1,2.900599241E-1,2.505248785E-1
2.106185415E2,2.527080774E-1,2.290506214E-1,2.534492910E-1
2.106285495E2,2.436238825E-1,1.715920866E-1,2.485595047E-1
2.106385575E2,2.064229846E-1,1.307205558E-1,2.428941578E-1
2.106485655E2,1.560419798E-1,1.326337159E-1,2.404876053E-1
2.106585735E2,1.104507968E-1,1.913521439E-1,2.500244081E-1
2.106685815E2,8.651307225E-2,3.224887848E-1,2.795276046E-1
2.106785895E2,5.528644845E-2,4.299896657E-1,3.092050850E-1
2.106885965E2,-7.319278549E-3,4.809536636E-1,3.257845044E-1
2.106986045E2,-9.076969326E-2,4.411825538E-1,3.259216547E-1
2.107086125E2,-1.611314565E-1,3.221861720E-1,3.068656623E-1
2.107186205E2,-1.949948817E-1,1.694277823E-1,2.686548829E-1
2.107286285E2,-1.700076759E-1,3.001719527E-2,2.482152432E-1
2.107386365E2,-8.267570287E-2,-6.513702124E-2,2.678041160E-1
2.107486445E2,5.150609463E-2,-1.169778183E-1,3.275183141E-1
2.107586525E2,1.833011359E-1,-1.235116199E-1,4.271684587E-1
2.107686605E2,3.088811040E-1,-1.224476770E-1,5.417549610E-1
2.107786685E2,4.298288226E-1,-1.384210438E-1,6.364630461E-1
2.107886765E2,5.711390376E-1,-1.152240783E-1,6.794921756E-1
2.107986845E2,6.912379861E-1,-5.745238811E-2,6.596369743E-1
2.108086925E2,7.632212043E-1,6.387446076E-3,5.903517008E-1
2.108187005E2,7.676010728E-1,6.287468970E-2,4.984864593E-1
2.108287085E2,7.011093497E-1,1.351746768E-1,4.144640565E-1
2.108387165E2,5.780209303E-1,2.172418535E-1,3.533471525E-1
2.108487245E2,4.252326787E-1,3.236339688E-1,3.141463995E-1
2.108587325E2,2.729089260E-1,4.361125827E-1,2.977746129E-1
2.108687405E2,1.383780837E-1,5.240942240E-1,3.023682535E-1
2.108787485E2,3.351239115E-2,5.575032830E-1,3.099310994E-1
2.108887565E2,-3.496233001E-2,5.290205479E-1,3.176304102E-1
2.108987645E2,-6.434045732E-2,4.560161233E-1,3.177345395E-1
2.109087725E2,-7.044321299E-2,3.603998423E-1,3.238901794E-1
2.109187805E2,-7.079368830E-2,2.730758786E-1,3.249730170E-1
2.109287885E2,-7.480021566E-2,1.811920255E-1,3.338938057E-1
2.109387955E2,-9.294353426E-2,9.883695096E-2,3.509896994E-1
2.109488035E2,-1.242445335E-1,2.991664968E-2,3.732216954E-1
2.109588115E2,-1.650345773E-1,-4.446304217E-2,3.908201456E-1
2.109688195E2,-2.118399292E-1,-1.227393895E-1,3.948889971E-1
2.109788275E2,-2.698478401E-1,-2.101089060E-1,3.776381016E-1
2.109888355E2,-3.190386891E-1,-2.813816965E-1,3.501338959E-1
2.109988435E2,-3.497465551E-1,-3.207320273E-1,3.224681616E-1
2.110088515E2,-3.674150407E-1,-3.062689602E-1,3.004427850E-1
2.110188595E2,-3.693037629E-1,-2.469579726E-1,2.936652899E-1
2.110288675E2,-3.513424098E-1,-1.600618064E-1,3.045832515E-1
2.110388755E2,-3.219677210E-1,-7.210318744E-2,3.325216770E-1
2.110488835E2,-2.812071741E-1,-6.839887705E-3,3.632765710E-1
2.110588917E2,-2.292121500E-1,2.753060125E-2,3.939791024E-1
2.110688997E2,-1.595150381E-1,2.291860431E-2,4.188877642E-1
2.110789077E2,-7.408456504E-2,-2.136843279E-2,4.302954078E-1
2.110889157E2,6.046853960E-3,-8.695092797E-2,4.366540909E-1
2.110989237E2,6.384917349E-2,-1.575728953E-1,4.298941791E-1
2.111089317E2,8.825119585E-2,-2.181110084E-1,4.107560217E-1
2.111189397E2,8.337894082E-2,-2.587614954E-1,3.800095618E-1
2.111289477E2,5.448697507E-2,-2.830456197E-1,3.320098519E-1
2.111389557E2,2.362386696E-2,-2.786085308E-1,2.837722600E-1
2.111489637E2,-3.226105589E-3,-2.374280393E-1,2.471000105E-1
2.111589717E2,-2.313270234E-2,-1.751308441E-1,2.182835340E-1
2.111689787E2,-2.821920067E-2,-1.204589829E-1,1.867800355E-1
2.111789867E2,-2.098179422E-2,-8.253131062E-2,1.500931233E-1
2.111889947E2,-1.695430838E-2,-5.833743885E-2,1.116989478E-1
2.111990027E2,-2.496642806E-2,-5.174238980E-2,6.742762029E-2
2.112090107E2,-4.899064451E-2,-4.567134380E-2,2.376437560E-2
2.112190187E2,-6.263721734E-2,-1.772999205E-2,-1.611619629E-2
2.112290267E2,-6.150880083E-2,3.067926690E-2,-4.860844836E-2
2.112390347E2,-4.899301007E-2,8.282981813E-2,-8.429027349E-2
2.112490427E2,-3.481190279E-2,1.273169219E-1,-1.223406270E-1
2.112590507E2,-2.192805894E-2,1.433891058E-1,-1.610627174E-1
2.112690587E2,-1.193608157E-2,1.343903840E-1,-1.897779107E-1
2.112790667E2,-1.056561898E-2,9.710825235E-2,-2.121205032E-1
2.112890747E2,-1.297476795E-2,6.141767278E-2,-2.327589542E-1
2.112990827E2,-1.210151706E-2,3.062194213E-2,-2.488958538E-1
2.113090907E2,-7.450364996E-3,4.109289963E-3,-2.671912014E-1
2.113190987E2,-1.160542946E-2,-1.543591544E-2,-2.930803001E-1
2.113291067E2,-2.048934251E-2,-9.990088642E-3,-3.231621385E-1
2.113391147E2,-3.711732104E-2,9.133271873E-3,-3.520417213E-1
2.113491227E2,-4.588432238E-2,5.350945145E-2,-3.717827797E-1
2.113591307E2,-5.987550691E-2,9.961968660E-2,-3.785416186E-1
2.113691387E2,-6.869754195E-2,1.455592662E-1,-3.824124038E-1
2.113791467E2,-7.217296213E-2,1.760250330E-1,-3.784235418E-1
2.113891547E2,-5.663749203E-2,1.973838657E-1,-3.661905527E-1
2.113991617E2,-2.642552927E-2,2.104016691E-1,-3.493961394E-1
2.114091697E2,1.832056046E-2,2.151535749E-1,-3.239147663E-1
2.114191777E2,6.684202701E-2,2.012886256E-1,-2.983265817E-1
2.114291857E2,1.084795594E-1,1.675410122E-1,-2.759453654E-1
2.114391937E2,1.337409765E-1,1.219588891E-1,-2.605916858E-1
2.114492017E2,1.445301175E-1,6.283347309E-2,-2.525013685E-1
2.114592097E2,1.522865742E-1,2.222059295E-3,-2.449934185E-1
2.114692177E2,1.585267335E-1,-5.877524614E-2,-2.397418022E-1
2.114792257E2,1.641798317E-1,-1.117377952E-1,-2.299410999E-1
2.114892337E2,1.825283170E-1,-1.351346672E-1,-2.214930356E-1
2.114992417E2,2.104371786E-1,-1.271332204E-1,-2.167917639E-1
2.115092497E2,2.257184684E-1,-1.467275470E-1,-2.275929451E-1
2.115192577E2,2.250505537E-1,-1.879990995E-1,-2.654178143E-1
2.115292657E2,2.131899893E-1,-2.291847616E-1,-3.067969978E-1
2.115392737E2,1.944027245E-1,-2.502479553E-1,-3.437685966E-1
2.115492817E2,1.898514628E-1,-2.320151925E-1,-3.705741167E-1
2.115592897E2,1.926283389E-1,-1.864953786E-1,-3.938203454E-1
2.115692977E2,2.047410011E-1,-1.293129027E-1,-4.058604240E-1
2.115793057E2,2.331976742E-1,-5.769385397E-2,-4.117454588E-1
2.115893137E2,2.894172966E-1,3.451596946E-2,-4.122663736E-1
2.115993207E2,3.707243800E-1,1.151311845E-1,-4.013285041E-1
2.116093287E2,4.475000501E-1,1.404998302E-1,-3.931872845E-1
2.116193367E2,4.798704982E-1,8.836632222E-2,-3.964855969E-1
2.116293447E2,4.623141289E-1,-1.884577051E-2,-4.187085629E-1
2.116393527E2,4.020510614E-1,-1.552291662E-1,-4.623337984E-1
2.116493607E2,3.103246987E-1,-2.742201984E-1,-5.154295564E-1
2.116593687E2,2.010288388E-1,-3.160957396E-1,-5.621222258E-1
2.116693767E2,8.147238940E-2,-2.826223671E-1,-5.943583846E-1
2.116793847E2,-2.049444802E-2,-1.871238202E-1,-6.090387702E-1
2.116893927E2,-1.173149720E-1,-1.118649393E-1,-6.200648546E-1
2.116994007E2,-2.157046497E-1,-6.258767098E-2,-6.265845299E-1
2.117094087E2,-3.025861084E-1,-1.041422226E-2,-6.300490499E-1
2.117194167E2,-3.615362346E-1,5.748440325E-2,-6.171146035E-1
2.117294247E2,-3.712283671E-1,1.182353869E-1,-5.796244740E-1
2.117394327E2,-3.286380470E-1,1.751700491E-1,-5.123711228E-1
2.117494407E2,-2.406280488E-1,2.365300059E-1,-4.180970788E-1
2.117594487E2,-1.098149121E-1,3.019098043E-1,-3.005542159E-1
2.117694567E2,2.887405455E-2,3.324361145E-1,-1.806716472E-1
2.117794647E2,1.520231515E-1,3.350279033E-1,-7.150388509E-2
2.117894727E2,2.563455999E-1,2.991231084E-1,3.600410745E-2
2.117994807E2,3.409701884E-1,2.334503382E-1,1.303212792E-1
2.118094877E2,4.070585966E-1,1.519261301E-1,2.219128907E-1
2.118194957E2,4.633064270E-1,6.156879291E-2,2.971687913E-1
2.118295037E2,5.229400396E-1,-3.326234594E-2,3.661383688E-1
2.118395117E2,5.692273974E-1,-1.379783750E-1,4.233851433E-1
2.118495197E2,6.182118058E-1,-2.383110821E-1,4.674740136E-1
2.118595277E2,6.747885346E-1,-3.343137801E-1,5.032775998E-1
2.118695357E2,7.256663442E-1,-4.414096177E-1,5.065555573E-1
2.118795437E2,7.485399246E-1,-5.471158028E-1,4.653362036E-1
2.118895517E2,7.225509882E-1,-6.442023516E-1,3.857662082E-1
2.118995597E2,6.376206279E-1,-6.935251355E-1,2.725121081E-1
2.119095677E2,5.000014305E-1,-7.107247114E-1,1.360806376E-1
2.119195757E2,3.222056627E-1,-6.908476949E-1,-3.726785071E-3
2.119295837E2,1.082200408E-1,-6.396340132E-1,-1.268359423E-1
2.119395917E2,-1.273093969E-1,-5.667808652E-1,-2.231307924E-1
2.119495997E2,-3.579790890E-1,-4.577280283E-1,-3.065833747E-1
2.119596077E2,-5.664736629E-1,-3.232770264E-1,-3.705136478E-1
2.119696157E2,-7.068390846E-1,-1.660848558E-1,-4.084841311E-1
2.119796237E2,-7.776525021E-1,-1.722134463E-2,-4.277915061E-1
2.119896317E2,-7.852556705E-1,1.162567213E-1,-4.265859723E-1
2.119996397E2,-7.477732301E-1,2.204259932E-1,-3.956080973E-1
2.120096467E2,-6.756764650E-1,2.910305858E-1,-3.356250226E-1
2.120196547E2,-5.778465867E-1,3.203522563E-1,-2.523687482E-1
2.120296627E2,-4.628993869E-1,2.805596590E-1,-1.635573953E-1
2.120396707E2,-3.458308280E-1,1.913224459E-1,-8.339197934E-2
2.120496787E2,-2.357598543E-1,7.675009221E-2,-2.589582652E-2
2.120596862E2,-1.565712988E-1,-3.809952736E-2,2.309062332E-2
2.120696942E2,-1.217405275E-1,-1.476110965E-1,6.005970016E-2
2.120797022E2,-1.207998991E-1,-2.273962051E-1,9.374123067E-2
2.120897102E2,-1.385405511E-1,-2.654565573E-1,1.220696718E-1
2.120997182E2,-1.627582759E-1,-2.666988969E-1,1.388702244E-1
2.121097262E2,-1.766927689E-1,-2.252261937E-1,1.525631100E-1
2.121197342E2,-1.825213730E-1,-1.619862467E-1,1.676925272E-1
2.121297422E2,-1.902783662E-1,-1.041324288E-1,1.831169575E-1
2.121397502E2,-1.994713247E-1,-6.438048929E-2,1.972471476E-1
2.121497582E2,-2.177481055E-1,-5.583233014E-2,2.113306522E-1
2.121597662E2,-2.377330065E-1,-6.909620017E-2,2.128012478E-1
2.121697742E2,-2.498659939E-1,-1.033903658E-1,2.062271535E-1
2.121797822E2,-2.587439120E-1,-1.371677667E-1,1.883490980E-1
2.121897902E2,-2.583899796E-1,-1.366870701E-1,1.823378056E-1
2.121997972E2,-2.410402745E-1,-8.339562267E-2,1.898702830E-1
2.122098052E2,-2.183604687E-1,1.290067565E-3,2.099111825E-1
2.122198132E2,-1.959454417E-1,9.028465301E-2,2.389532179E-1
2.122298212E2,-1.769613624E-1,1.595215350E-1,2.791652977E-1
2.122398292E2,-1.590524018E-1,1.892770380E-1,3.245253265E-1
2.122498372E2,-1.512186974E-1,1.438713223E-1,3.556573987E-1
2.122598452E2,-1.497331858E-1,7.155478001E-2,3.732622266E-1
2.122698532E2,-1.353591233E-1,-5.806344561E-4,3.808181286E-1
2.122798612E2,-9.671293199E-2,-5.570967123E-2,3.820386529E-1
2.122898692E2,-5.204105377E-2,-7.242517918E-2,3.776529133E-1
2.122998772E2,-1.411435194E-3,-4.095301405E-2,3.748643100E-1
2.123098852E2,5.948207900E-2,2.516917139E-2,3.827244341E-1
2.123198932E2,1.350823045E-1,1.488080174E-1,3.947667181E-1
2.123299012E2,2.270211726E-1,3.268684149E-1,4.128142297E-1
2.123399092E2,3.158524930E-1,5.263727307E-1,4.472124279E-1
2.123499172E2,3.604733944E-1,6.894683838E-1,4.875842333E-1
2.123599252E2,3.421929181E-1,7.666159272E-1,5.236431956E-1
2.123699332E2,2.600487769E-1,7.605783939E-1,5.270469189E-1
2.123799402E2,1.368040740E-1,6.712064743E-1,5.055482984E-1
2.123899482E2,-7.072865497E-3,4.996570051E-1,4.563980401E-1
2.123999562E2,-1.499155015E-1,2.944988012E-1,3.699105382E-1
2.124099642E2,-2.680416405E-1,1.096014604E-1,2.760357857E-1
2.124199722E2,-3.552859724E-1,-4.673381522E-2,1.985620558E-1
2.124299802E2,-4.104475081E-1,-1.486109048E-1,1.371722072E-1
2.124399882E2,-4.223912656E-1,-1.659973562E-1,1.272149086E-1
2.124499962E2,-3.622227907E-1,-8.051846176E-2,1.864842623E-1
2.124600042E2,-2.102516294E-1,7.675291598E-2,2.949106097E-1
2.124700122E2,1.219107863E-2,2.484102100E-1,4.368912578E-1
2.124800202E2,2.572293282E-1,3.577047288E-1,5.809807777E-1
2.124900282E2,4.803238511E-1,3.827837706E-1,6.983122230E-1
2.125000362E2,6.601106524E-1,3.429029286E-1,7.769817114E-1
2.125100442E2,7.896416187E-1,2.527362108E-1,8.101399541E-1
2.125200522E2,8.727458715E-1,1.377672851E-1,8.048543334E-1
2.125300602E2,9.070364833E-1,3.278969601E-2,7.777575850E-1
2.125400682E2,8.938285112E-1,-4.806174338E-2,7.381893992E-1
2.125500762E2,8.261991739E-1,-1.132279560E-1,6.843488812E-1
2.125600842E2,7.274864316E-1,-1.638213545E-1,6.164569259E-1
2.125700912E2,6.140380502E-1,-1.926953048E-1,5.238247514E-1
2.125800992E2,4.766197801E-1,-2.138354778E-1,4.158535302E-1
2.125901072E2,3.158113658E-1,-2.290527672E-1,2.867045999E-1
2.126001152E2,1.279392093E-1,-2.282889634E-1,1.466348320E-1
2.126101232E2,-6.649319828E-2,-2.072627097E-1,1.701445878E-2
2.126201312E2,-2.448714674E-1,-1.741364449E-1,-9.423616529E-2
2.126301392E2,-3.901837766E-1,-1.407298148E-1,-1.839933097E-1
2.126401472E2,-4.951402843E-1,-8.273842186E-2,-2.427117378E-1
2.126501552E2,-5.516871214E-1,-8.067179471E-3,-2.689173520E-1
2.126601632E2,-5.383228064E-1,8.018731326E-2,-2.607891262E-1
2.126701712E2,-4.678477347E-1,1.622222215E-1,-2.314786166E-1
2.126801792E2,-3.601678908E-1,2.450894117E-1,-1.846842170E-1
2.126901872E2,-2.295378447E-1,3.037296236E-1,-1.244956180E-1
2.127001952E2,-9.673904628E-2,3.248876333E-1,-6.527543813E-2
2.127102032E2,2.532954887E-2,3.017079830E-1,-2.321809717E-2
2.127202112E2,1.268409938E-1,2.365020663E-1,-5.953436485E-4
2.127302192E2,1.910378039E-1,1.676040888E-1,6.195530295E-3
2.127402262E2,2.061211467E-1,1.020748913E-1,1.147524733E-2
2.127502342E2,1.820911616E-1,4.975970089E-2,3.242627485E-3
2.127602422E2,1.386840343E-1,1.057501417E-2,-8.949323557E-3
2.127702502E2,8.437149972E-2,-1.952954382E-2,-2.336359397E-2
2.127802582E2,3.930655494E-2,-4.548684135E-2,-2.932987362E-2
2.127902662E2,5.902282428E-3,-8.504371345E-2,-3.079282865E-2
2.128002742E2,-3.078489192E-2,-1.400017738E-1,-2.812940069E-2
2.128102822E2,-7.005532831E-2,-2.270761579E-1,-2.404731698E-2
2.128202902E2,-1.021450832E-1,-3.154052496E-1,-2.657811902E-2
2.128302982E2,-1.207455620E-1,-3.846145868E-1,-2.758587152E-2
2.128403062E2,-1.113994643E-1,-4.266302288E-1,-2.695390582E-2
2.128503142E2,-8.358661830E-2,-4.411301315E-1,-2.598087862E-2
2.128603222E2,-2.844080515E-2,-4.241735041E-1,-2.398936823E-2
2.128703302E2,4.637787119E-2,-3.947606385E-1,-2.680120431E-2
2.128803382E2,1.377080530E-1,-3.585738838E-1,-3.110087849E-2
2.128903462E2,2.188587040E-1,-3.219633698E-1,-4.352576286E-2
2.129003542E2,2.768258750E-1,-2.959490716E-1,-5.561944470E-2
2.129103612E2,3.000507653E-1,-2.896433771E-1,-7.378628105E-2
2.129203692E2,2.963843942E-1,-2.838187814E-1,-1.005079076E-1
2.129303772E2,2.816801965E-1,-2.849580348E-1,-1.406537294E-1
2.129403852E2,2.563317120E-1,-2.857175767E-1,-1.883056760E-1
2.129503932E2,2.194753736E-1,-2.543756664E-1,-2.252313048E-1
2.129604012E2,1.671021879E-1,-2.012370974E-1,-2.528735697E-1
2.129704092E2,1.141088009E-1,-1.284659058E-1,-2.599391043E-1
2.129804172E2,8.082567900E-2,-4.328415915E-2,-2.481066883E-1
2.129904252E2,7.015571743E-2,3.358046338E-2,-2.242673934E-1
2.130004332E2,7.933589816E-2,7.264450938E-2,-1.971497536E-1
2.130104412E2,9.947095811E-2,7.432603091E-2,-1.730792075E-1
2.130204492E2,1.264346540E-1,6.057666615E-2,-1.444973648E-1
2.130304572E2,1.530880332E-1,3.552129120E-2,-1.163285971E-1
2.130404652E2,1.822525859E-1,3.183594206E-3,-8.492087573E-2
2.130504732E2,2.027580887E-1,-4.056726396E-2,-6.579050422E-2
2.130604802E2,2.127044648E-1,-9.712667763E-2,-5.442572758E-2
2.130704882E2,2.181657702E-1,-1.330786049E-1,-4.886887223E-2
2.130804962E2,2.281880379E-1,-1.578649133E-1,-4.230258241E-2
2.130905042E2,2.496147752E-1,-1.827737242E-1,-2.814954333E-2
2.131005122E2,2.848779559E-1,-1.982339025E-1,-1.229361445E-2
2.131105202E2,3.249661624E-1,-1.996221542E-1,-7.038403768E-3
2.131205282E2,3.552787900E-1,-1.975432932E-1,-1.380363200E-2
2.131305362E2,3.800203502E-1,-1.887524724E-1,-2.552873082E-2
2.131405442E2,4.048127830E-1,-1.685643792E-1,-4.366032779E-2
2.131505522E2,4.152464867E-1,-1.344802976E-1,-6.713841110E-2
2.131605602E2,4.165189564E-1,-9.553449601E-2,-9.166825563E-2
2.131705682E2,4.011351168E-1,-6.677664071E-2,-1.155701205E-1
2.131805762E2,3.776601553E-1,-4.411234334E-2,-1.348191798E-1
2.131905842E2,3.452588916E-1,-2.553071454E-2,-1.531824768E-1
2.132005922E2,3.236523867E-1,-6.372997537E-3,-1.641320586E-1
2.132106002E2,2.992479503E-1,-2.273005247E-2,-1.696572304E-1
2.132206082E2,2.561614811E-1,-1.007313728E-1,-1.929673404E-1
2.132306152E2,1.923012882E-1,-2.187982500E-1,-2.336413562E-1
2.132406232E2,1.189365387E-1,-3.545907140E-1,-3.027703464E-1
2.132506312E2,1.597603969E-2,-4.896434546E-1,-3.947928846E-1
2.132606392E2,-1.250303388E-1,-5.896912217E-1,-5.029318333E-1
2.132706472E2,-3.067965508E-1,-6.356990933E-1,-6.222525835E-1
2.132806552E2,-5.089187026E-1,-6.126894355E-1,-7.399182320E-1
2.132906632E2,-7.049089074E-1,-4.683732688E-1,-8.182864785E-1
2.133006712E2,-8.523476124E-1,-1.938189268E-1,-8.185149431E-1
2.133106792E2,-8.956822753E-1,1.837763637E-1,-7.358192801E-1
2.133206872E2,-8.228285909E-1,5.761697292E-1,-6.004273295E-1
2.133306952E2,-6.414136291E-1,8.901307583E-1,-4.245361388E-1
2.133407032E2,-3.764381707E-1,1.086100459E0,-2.229454964E-1
2.133507112E2,-7.795577496E-2,1.150069475E0,-1.153950859E-2
2.133607192E2,2.291527689E-1,1.090633869E0,1.978001446E-1
2.133707272E2,5.265483260E-1,9.188210368E-1,3.909931183E-1
2.133807342E2,7.907642722E-1,6.579401493E-1,5.609848499E-1
2.133907422E2,1.008308768E0,3.657628000E-1,6.928531528E-1
2.134007502E2,1.168105006E0,6.112353131E-2,7.805444002E-1
2.134107582E2,1.262326479E0,-2.515517473E-1,8.265954256E-1
2.134207662E2,1.280529499E0,-5.453242064E-1,8.265706301E-1
2.134307742E2,1.218348861E0,-8.010345697E-1,7.767882943E-1
2.134407822E2,1.090809584E0,-9.999191165E-1,6.842895150E-1
2.134507902E2,9.069094062E-1,-1.142776608E0,5.472198725E-1
2.134607982E2,6.823974848E-1,-1.185551882E0,3.659145832E-1
2.134708062E2,4.300474823E-1,-1.101047516E0,1.735308319E-1
2.134808142E2,1.515146792E-1,-8.880372643E-1,-1.193862595E-2
2.134908222E2,-1.452635527E-1,-5.767390132E-1,-1.772924364E-1
2.135008302E2,-4.433857799E-1,-2.027749866E-1,-2.984143496E-1
2.135108382E2,-7.075994611E-1,1.863937080E-1,-3.738812804E-1
2.135208462E2,-9.031772017E-1,4.899543822E-1,-4.136761129E-1
2.135308532E2,-1.028464913E0,6.982235909E-1,-3.971837759E-1
2.135408612E2,-1.079397559E0,7.883308530E-1,-3.697489798E-1
2.135508692E2,-1.060490727E0,7.953594327E-1,-3.284713924E-1
2.135608772E2,-9.791185856E-1,7.080466747E-1,-2.709327340E-1
2.135708852E2,-8.409536481E-1,5.443171859E-1,-2.050527781E-1
2.135808932E2,-6.673150063E-1,3.580644727E-1,-1.435926110E-1
2.135909012E2,-4.811431766E-1,1.584647000E-1,-6.772626191E-2
2.136009092E2,-2.954170108E-1,-3.475615010E-2,1.193713583E-2
2.136109172E2,-1.284299195E-1,-1.975654960E-1,8.391074836E-2
2.136209252E2,-1.998733170E-2,-3.262832463E-1,1.379462779E-1
2.136309332E2,3.177260980E-2,-3.974166512E-1,1.717580706E-1
2.136409412E2,4.035650939E-2,-4.182068706E-1,1.927317977E-1
2.136509492E2,1.525010914E-2,-4.062366486E-1,1.863801330E-1
2.136609572E2,-2.447440103E-2,-3.648143709E-1,1.637658924E-1
2.136709642E2,-8.949512988E-2,-3.151797652E-1,1.316726804E-1
2.136809722E2,-1.722179800E-1,-2.530034781E-1,9.551361948E-2
2.136909802E2,-2.648549080E-1,-1.749064922E-1,7.391494513E-2
2.137009882E2,-3.501298726E-1,-9.091119468E-2,5.723689497E-2
2.137109962E2,-4.156220257E-1,-1.735563017E-2,5.374461040E-2
2.137210042E2,-4.522309005E-1,2.545308508E-2,5.043989420E-2
2.137310122E2,-4.525235593E-1,3.608322144E-2,5.658618733E-2
2.137410202E2,-4.247774184E-1,-9.440388530E-4,7.147352397E-2
2.137510282E2,-3.685322404E-1,-5.308260769E-2,8.618003130E-2
2.137610362E2,-2.906241417E-1,-8.999775350E-2,1.095138490E-1
2.137710442E2,-2.038866878E-1,-1.027740166E-1,1.377787739E-1
2.137810522E2,-1.300604045E-1,-9.333524108E-2,1.624931842E-1
2.137910602E2,-7.769846171E-2,-5.647006631E-2,1.858197302E-1
2.138010682E2,-5.073981360E-2,-1.354763471E-2,1.949740797E-1
2.138110762E2,-4.213504866E-2,2.623681910E-2,1.999736279E-1
2.138210832E2,-4.167778417E-2,4.650640488E-2,1.972739846E-1
2.138310912E2,-3.178278357E-2,4.396293312E-2,1.961058378E-1
2.138410992E2,-1.070066821E-2,2.629845217E-2,1.914106756E-1
2.138511072E2,2.215999179E-2,1.776280254E-2,1.968704164E-1
2.138611152E2,6.662838906E-2,2.119854651E-2,2.036569566E-1
2.138711232E2,1.172314733E-1,3.368672356E-2,2.061813623E-1
2.138811312E2,1.608995944E-1,5.763919652E-2,2.113942355E-1
2.138911392E2,1.936924160E-1,8.797512949E-2,2.102413625E-1
2.139011472E2,2.123265415E-1,1.195354536E-1,2.053286284E-1
2.139111552E2,2.198220044E-1,1.614665538E-1,1.984673440E-1
2.139211632E2,2.155665308E-1,2.018802911E-1,1.913388669E-1
2.139311712E2,2.002485842E-1,2.253007740E-1,1.753957570E-1
2.139411792E2,1.746374965E-1,2.387284189E-1,1.481281966E-1
2.139511872E2,1.633477211E-1,2.720338404E-1,1.344838291E-1
2.139611952E2,1.707070917E-1,3.258776367E-1,1.400599480E-1
2.139712022E2,1.954097301E-1,3.832412660E-1,1.573157459E-1
2.139812102E2,2.266933471E-1,4.306290150E-1,1.814895272E-1
2.139912182E2,2.582963705E-1,4.656161666E-1,2.073035538E-1
2.140012262E2,2.784367800E-1,4.719699323E-1,2.300797105E-1
2.140112342E2,2.776798606E-1,4.476468861E-1,2.493933886E-1
2.140212422E2,2.546025217E-1,3.760656416E-1,2.608236670E-1
2.140312502E2,1.955728084E-1,2.564108372E-1,2.443334758E-1
2.140412582E2,9.437775612E-2,1.387912631E-1,1.980727762E-1
2.140512662E2,-5.542980880E-2,1.044433471E-2,1.305950880E-1
2.140612751E2,-2.638562322E-1,-1.470347643E-1,2.471551858E-2
2.140712831E2,-5.044208765E-1,-2.976672649E-1,-1.102149636E-1
2.140812911E2,-7.188226581E-1,-3.499530852E-1,-2.363763452E-1
2.140912991E2,-8.664366007E-1,-2.448294312E-1,-3.002587259E-1
2.141013071E2,-9.051600099E-1,1.020814758E-3,-2.821060717E-1
2.141113141E2,-8.402948380E-1,3.053433001E-1,-1.909897625E-1
2.141213221E2,-7.327052951E-1,5.298706889E-1,-6.928277761E-2
2.141313301E2,-6.174781322E-1,6.278253198E-1,4.354648665E-2
2.141413381E2,-4.966071248E-1,5.988008380E-1,1.370785683E-1
2.141513461E2,-3.489840329E-1,5.092614889E-1,2.220275402E-1
2.141613541E2,-1.547367722E-1,4.150394201E-1,2.936726809E-1
2.141713621E2,7.788062841E-2,3.061316907E-1,3.546357453E-1
2.141813701E2,3.134971261E-1,1.790911853E-1,3.952715695E-1
2.141913781E2,5.193163157E-1,6.241927296E-2,4.210518897E-1
2.142013861E2,6.573615074E-1,-5.071900040E-2,4.399667084E-1
2.142113941E2,7.049927711E-1,-1.387139857E-1,4.344212115E-1
2.142214021E2,6.683570147E-1,-2.129245698E-1,4.035722017E-1
2.142314101E2,5.752995014E-1,-2.632887959E-1,3.560199738E-1
2.142414171E2,4.536896944E-1,-2.916887403E-1,2.881250679E-1
2.142514251E2,3.215681911E-1,-2.941420078E-1,2.039237320E-1
2.142614331E2,1.876902878E-1,-2.776242793E-1,1.167443544E-1
2.142714411E2,5.631840229E-2,-2.534735799E-1,3.692205250E-2
2.142814491E2,-6.157254800E-2,-2.169592530E-1,-2.800315432E-2
2.142914571E2,-1.489037871E-1,-1.954458207E-1,-7.880836725E-2
2.143014651E2,-2.029353380E-1,-1.886803210E-1,-1.204775125E-1
2.143114731E2,-2.245945781E-1,-1.818653941E-1,-1.491761655E-1
2.143214811E2,-2.131549716E-1,-1.664116085E-1,-1.587888449E-1
2.143314891E2,-1.876471490E-1,-1.732653081E-1,-1.624522209E-1
2.143414971E2,-1.383397877E-1,-1.785623282E-1,-1.534033269E-1
2.143515051E2,-7.247494161E-2,-1.789884120E-1,-1.443874687E-1
2.143615131E2,1.389377005E-2,-1.377043575E-1,-1.145797670E-1
2.143715211E2,1.031391993E-1,-4.600987211E-2,-5.357677117E-2
2.143815281E2,1.636400968E-1,6.168782711E-2,2.128415741E-2
2.143915361E2,2.025539130E-1,1.428052187E-1,6.581975520E-2
2.144015441E2,2.327773273E-1,1.762771606E-1,7.311521471E-2
2.144115521E2,2.614717782E-1,1.683261842E-1,6.188687310E-2
2.144215601E2,2.753164768E-1,1.197562590E-1,4.730979726E-2
2.144315681E2,2.766022682E-1,4.301221296E-2,3.976745903E-2
2.144415761E2,2.699249089E-1,-2.860684320E-2,3.247572482E-2
2.144515841E2,2.558989823E-1,-7.289835811E-2,3.304519877E-2
2.144615921E2,2.375892252E-1,-8.310971409E-2,4.409012944E-2
2.144716001E2,2.143098861E-1,-8.727853000E-2,5.764923990E-2
2.144816081E2,1.952038258E-1,-8.185660094E-2,6.535562873E-2
2.144916161E2,1.772479266E-1,-9.738841653E-2,6.193685532E-2
2.145016231E2,1.540848166E-1,-1.468180120E-1,4.211734608E-2
2.145116311E2,1.261687875E-1,-2.019833475E-1,8.449042216E-3
2.145216391E2,8.380482346E-2,-2.648355365E-1,-2.935372852E-2
2.145316471E2,2.356104739E-2,-3.238661587E-1,-7.683478296E-2
2.145416551E2,-4.796666652E-2,-3.473400772E-1,-1.330384016E-1
2.145516631E2,-1.304830313E-1,-3.317690492E-1,-1.919550002E-1
2.145616711E2,-2.202866822E-1,-2.904186845E-1,-2.452424467E-1
2.145716791E2,-3.178347945E-1,-2.447188348E-1,-2.945032716E-1
2.145816871E2,-4.119013548E-1,-1.932460517E-1,-3.295097351E-1
2.145916951E2,-4.878667891E-1,-1.408879906E-1,-3.528377116E-1
2.146017031E2,-5.370119810E-1,-8.229657263E-2,-3.586841524E-1
2.146117111E2,-5.426128507E-1,-1.020347327E-2,-3.514291644E-1
2.146217191E2,-5.080466270E-1,8.778354526E-2,-3.322767615E-1
2.146317271E2,-4.535004795E-1,1.831752509E-1,-3.031511009E-1
2.146417341E2,-3.827690482E-1,2.568763494E-1,-2.753394246E-1
2.146517421E2,-3.234859407E-1,2.989498973E-1,-2.497270256E-1
2.146617501E2,-2.864506841E-1,3.168958724E-1,-2.152108699E-1
2.146717581E2,-2.684560120E-1,3.320612907E-1,-1.816928387E-1
2.146817661E2,-2.552986741E-1,3.443019986E-1,-1.436583698E-1
2.146917741E2,-2.397615463E-1,3.458421826E-1,-1.092636511E-1
2.147017821E2,-2.060651034E-1,3.303609490E-1,-8.213296533E-2
2.147117901E2,-1.611728519E-1,2.911243141E-1,-5.675560236E-2
2.147217981E2,-9.522657841E-2,2.276350707E-1,-3.184466064E-2
2.147318061E2,-1.214661449E-2,1.519574523E-1,-3.539276542E-3
2.147418141E2,7.517550886E-2,3.972437233E-2,2.606841736E-2
2.147518221E2,1.537304521E-1,-8.460699022E-2,4.841440171E-2
2.147618301E2,2.074107230E-1,-2.080117464E-1,6.179066002E-2
2.147718371E2,2.385556251E-1,-3.149525821E-1,5.312250927E-2
2.147818451E2,2.449799627E-1,-3.908795714E-1,2.582004666E-2
2.147918531E2,2.386102378E-1,-4.169398248E-1,-3.147239797E-3
2.148018611E2,2.271770239E-1,-4.009720385E-1,-3.451315314E-2
2.148118691E2,2.013385445E-1,-3.435138762E-1,-6.693385541E-2
2.148218771E2,1.721497774E-1,-2.609867752E-1,-8.895420283E-2
2.148318851E2,1.381182820E-1,-1.846890897E-1,-1.080862656E-1
2.148418931E2,1.115678996E-1,-1.347489506E-1,-1.238622963E-1
2.148519011E2,1.042323336E-1,-1.083948910E-1,-1.346907914E-1
2.148619091E2,1.243320107E-1,-1.142634377E-1,-1.501816064E-1
2.148719171E2,1.852308512E-1,-1.100938842E-1,-1.695331186E-1
2.148819251E2,2.741138339E-1,-7.618384808E-2,-1.887936294E-1
2.148919321E2,3.530824780E-1,-3.884618357E-2,-2.176807523E-1
2.149019401E2,3.855431974E-1,-4.070613533E-2,-2.562089562E-1
2.149119481E2,3.719793260E-1,-6.988497078E-2,-3.032032847E-1
2.149219561E2,3.318958282E-1,-1.064797342E-1,-3.496754467E-1
2.149319641E2,2.916622162E-1,-1.470620632E-1,-3.967737257E-1
2.149419721E2,2.438475639E-1,-1.806863397E-1,-4.595465660E-1
2.149519801E2,1.707413644E-1,-2.074570358E-1,-5.310877562E-1
2.149619881E2,5.405815691E-2,-2.367430180E-1,-6.155169010E-1
2.149719961E2,-1.023974046E-1,-2.586994171E-1,-7.125025392E-1
2.149820041E2,-2.883438468E-1,-2.559563518E-1,-8.286328912E-1
2.149920121E2,-4.734095931E-1,-2.069605142E-1,-9.483125806E-1
2.150020201E2,-5.963118672E-1,-8.978994191E-2,-1.047423005E0
2.150120281E2,-5.961249471E-1,1.262665242E-1,-1.081129789E0
2.150220351E2,-4.919780791E-1,4.124284983E-1,-1.037989497E0
2.150320431E2,-3.119389117E-1,7.027689219E-1,-9.177919030E-1
2.150420511E2,-1.006665975E-1,9.089064002E-1,-7.410869002E-1
2.150520591E2,1.140938774E-1,9.912436008E-1,-5.491996408E-1
2.150620660E2,3.069456220E-1,9.535593390E-1,-3.804812133E-1
2.150720740E2,4.686173797E-1,8.252621889E-1,-2.400538772E-1
2.150820820E2,5.980858803E-1,6.184991598E-1,-1.238686815E-1
2.150920900E2,6.962255836E-1,3.431353569E-1,-3.840438649E-2
2.151020980E2,7.524219751E-1,3.648141399E-2,2.466006577E-2
2.151121060E2,7.736584544E-1,-2.632492781E-1,6.102207303E-2
2.151221140E2,7.659967542E-1,-5.304096341E-1,7.172025740E-2
2.151321220E2,7.064509392E-1,-7.629638314E-1,5.017510429E-2
2.151421290E2,6.043592095E-1,-9.344365001E-1,-5.078031681E-3
2.151521370E2,4.583114982E-1,-1.034749389E0,-9.156667441E-2
2.151621450E2,2.623036206E-1,-1.048770189E0,-1.995629072E-1
2.151721530E2,3.269518539E-2,-9.896712899E-1,-3.220707178E-1
2.151821610E2,-2.026608735E-1,-8.637565374E-1,-4.454536438E-1
2.151921690E2,-4.281976223E-1,-6.507805586E-1,-5.375448465E-1
2.152021770E2,-6.065329909E-1,-3.775934875E-1,-5.861659050E-1
2.152121850E2,-7.269220948E-1,-1.039635912E-1,-5.797827840E-1
2.152221930E2,-7.717050314E-1,1.429404765E-1,-5.205582976E-1
2.152322010E2,-7.612329721E-1,3.226890862E-1,-4.218763113E-1
2.152422090E2,-7.161105275E-1,3.918745518E-1,-3.072466850E-1
2.152522170E2,-6.379709244E-1,3.598439693E-1,-2.037877589E-1
2.152622240E2,-5.357092619E-1,2.356178910E-1,-1.287598610E-1
2.152722320E2,-4.092603624E-1,4.293385893E-2,-6.627622992E-2
2.152822400E2,-2.710449696E-1,-1.860591173E-1,-1.382393762E-2
2.152922480E2,-1.454233974E-1,-4.027651548E-1,3.092169948E-2
2.153022560E2,-5.037438497E-2,-5.581984520E-1,7.599622756E-2
2.153122640E2,-3.411757527E-3,-6.222277880E-1,1.270146668E-1
2.153222720E2,2.953626681E-4,-6.160612702E-1,1.713578999E-1
2.153322800E2,-2.646143362E-2,-5.647361875E-1,2.095449567E-1
2.153422880E2,-7.178577036E-2,-4.884339869E-1,2.383832633E-1
2.153522960E2,-1.220698059E-1,-3.894816339E-1,2.523073554E-1
2.153623040E2,-1.714272350E-1,-2.919191122E-1,2.571777403E-1
2.153723120E2,-2.259607911E-1,-2.141741067E-1,2.505263090E-1
2.153823190E2,-2.666203380E-1,-1.336062849E-1,2.523460686E-1
2.153923270E2,-2.968894541E-1,-6.350964308E-2,2.666396797E-1
2.154023350E2,-3.139168918E-1,-1.236070320E-2,2.984458208E-1
2.154123430E2,-3.128828108E-1,6.376154721E-3,3.438160419E-1
2.154223510E2,-2.993318737E-1,-1.346066780E-2,3.945223689E-1
2.154323590E2,-2.725112736E-1,-7.735443115E-2,4.398216605E-1
2.154423670E2,-2.326317728E-1,-1.635226160E-1,4.772995114E-1
2.154523750E2,-1.928897351E-1,-2.551095486E-1,4.965205491E-1
2.154623830E2,-1.519479007E-1,-3.371042907E-1,4.961724877E-1
2.154723910E2,-1.156216264E-1,-3.812796772E-1,4.769259691E-1
2.154823990E2,-9.273974597E-2,-3.876656890E-1,4.434417784E-1
2.154924070E2,-8.931831270E-2,-3.704869747E-1,3.979541957E-1
2.155024140E2,-1.013829634E-1,-3.284226358E-1,3.614489138E-1
2.155124220E2,-1.194843873E-1,-2.659703493E-1,3.296268880E-1
2.155224300E2,-1.404317468E-1,-2.015309334E-1,3.049055636E-1
2.155324380E2,-1.428838074E-1,-1.262851059E-1,2.798534930E-1
2.155424460E2,-1.156737655E-1,-3.120226227E-2,2.654061019E-1
2.155524540E2,-5.200151354E-2,8.575125039E-2,2.530230284E-1
2.155624620E2,3.161535412E-2,1.980977654E-1,2.472093552E-1
2.155724700E2,1.221057102E-1,2.964738905E-1,2.409816235E-1
2.155824780E2,1.873552799E-1,3.533952236E-1,2.324286252E-1
2.155924860E2,2.120783776E-1,3.662906885E-1,2.175066620E-1
2.156024940E2,2.120056748E-1,3.523298502E-1,2.021588683E-1
2.156125020E2,1.948595941E-1,3.337014914E-1,1.772991419E-1
2.156225090E2,1.664609760E-1,3.116073906E-1,1.411243677E-1
2.156325170E2,1.280263364E-1,2.993565202E-1,9.748394787E-2
2.156425250E2,9.181266278E-2,2.951164842E-1,6.126229092E-2
2.156525330E2,5.148775876E-2,3.054228127E-1,3.520627692E-2
2.156625410E2,1.662618108E-2,3.348720372E-1,2.304388769E-2
2.156725490E2,-1.425222121E-2,3.742860854E-1,3.025022522E-2
2.156825570E2,-3.903586417E-2,3.971903324E-1,4.630109668E-2
2.156925650E2,-5.058101937E-2,4.024231434E-1,6.688547134E-2
2.157025730E2,-5.160633847E-2,3.929539919E-1,8.873643726E-2
2.157125810E2,-5.492739379E-2,3.439290226E-1,9.201745689E-2
2.157225890E2,-6.371528655E-2,2.824243605E-1,8.209824562E-2
2.157325960E2,-6.983982772E-2,2.414838374E-1,7.178878784E-2
2.157426040E2,-7.684393972E-2,2.260649353E-1,6.375083327E-2
2.157526120E2,-7.672102004E-2,2.612184584E-1,6.412163377E-2
2.157626200E2,-6.556370854E-2,3.274789751E-1,8.037863672E-2
2.157726280E2,-3.195360675E-2,4.214522243E-1,1.125900224E-1
2.157826360E2,1.022394188E-2,5.270334482E-1,1.647024751E-1
2.157926440E2,3.691783920E-2,6.066743731E-1,2.212912738E-1
2.158026520E2,3.625391424E-2,6.438243985E-1,2.674548030E-1
2.158126600E2,1.451234426E-2,6.239107847E-1,2.970437407E-1
2.158226680E2,-3.332655132E-2,5.594654679E-1,3.065043688E-1
2.158326760E2,-1.028236672E-1,4.659794271E-1,2.982942760E-1
2.158426830E2,-1.696956456E-1,3.449171782E-1,2.653163373E-1
2.158526910E2,-2.235029787E-1,2.484684885E-1,2.303898782E-1
2.158626990E2,-2.660930455E-1,1.817736179E-1,2.060467303E-1
2.158727070E2,-3.023183644E-1,1.236544922E-1,1.908296198E-1
2.158827150E2,-3.063165545E-1,1.056576520E-1,1.916115135E-1
2.158927230E2,-2.626793981E-1,1.186480671E-1,2.289097011E-1
2.159027310E2,-1.629517376E-1,1.329479069E-1,2.924732268E-1
2.159127390E2,-3.086792678E-2,8.865594864E-2,3.598631918E-1
2.159227470E2,1.365873814E-1,1.465469506E-2,4.219414592E-1
2.159327550E2,3.340320289E-1,-7.433200628E-2,4.805834889E-1
2.159427630E2,5.334684253E-1,-1.697248369E-1,5.290514231E-1
2.159527700E2,6.990507841E-1,-2.462782860E-1,5.518033504E-1
2.159627780E2,7.957682610E-1,-2.842869163E-1,5.461528897E-1
2.159727860E2,8.165690303E-1,-2.922648191E-1,5.250227451E-1
2.159827940E2,7.628656030E-1,-2.846630812E-1,4.879281223E-1
2.159928020E2,6.454609632E-1,-2.452887297E-1,4.263951778E-1
2.160028100E2,4.874311686E-1,-1.956945360E-1,3.496615291E-1
2.160128180E2,2.913893461E-1,-1.446618289E-1,2.628806531E-1
2.160228260E2,6.886573136E-2,-1.049911156E-1,1.692657322E-1
2.160328340E2,-1.575189978E-1,-7.440643013E-2,6.781225652E-2
2.160428420E2,-3.573639095E-1,-5.988047644E-2,-2.638428658E-2
2.160528500E2,-5.016297698E-1,-4.779953882E-2,-1.045321748E-1
2.160628577E2,-5.855201483E-1,-2.966261283E-2,-1.712837815E-1
2.160728657E2,-6.193193793E-1,9.283073246E-3,-2.088027447E-1
2.160828737E2,-6.025667787E-1,5.775766447E-2,-2.151501328E-1
2.160928817E2,-5.398287773E-1,1.211325228E-1,-1.903726161E-1
2.161028897E2,-4.495670497E-1,1.784559935E-1,-1.505458355E-1
2.161128977E2,-3.478611708E-1,2.322689891E-1,-1.068620905E-1
2.161229057E2,-2.598189116E-1,2.421450466E-1,-7.873138785E-2
2.161329137E2,-1.818602532E-1,2.396054715E-1,-6.788691133E-2
2.161429217E2,-1.076163799E-1,2.478159964E-1,-6.875962764E-2
2.161529297E2,-5.433727056E-2,2.833271027E-1,-7.018175721E-2
2.161629377E2,-3.929733485E-2,3.266601861E-1,-6.900250912E-2
2.161729447E2,-5.313255638E-2,3.799676895E-1,-6.188111752E-2
2.161829527E2,-7.891834527E-2,4.248153269E-1,-4.620681331E-2
2.161929607E2,-1.123334244E-1,4.544555247E-1,-3.770219162E-2
2.162029687E2,-1.536957920E-1,4.512163103E-1,-4.242024943E-2
2.162129767E2,-1.967323571E-1,4.125357270E-1,-5.157016218E-2
2.162229847E2,-2.280234247E-1,3.549861312E-1,-6.117085740E-2
2.162329927E2,-2.413559705E-1,2.784261107E-1,-6.386472285E-2
2.162430007E2,-2.327624857E-1,1.942134649E-1,-4.995637015E-2
2.162530087E2,-2.127018720E-1,1.064985693E-1,-4.045181349E-2
2.162630167E2,-1.905518174E-1,3.203951940E-2,-4.326650873E-2
2.162730247E2,-1.874049008E-1,-2.588572167E-2,-5.565509200E-2
2.162830317E2,-2.091858238E-1,-6.971975416E-2,-7.218080759E-2
2.162930397E2,-2.427613437E-1,-9.507410973E-2,-9.269060940E-2
2.163030477E2,-2.706885934E-1,-9.060319513E-2,-1.093894243E-1
2.163130557E2,-2.899443507E-1,-8.972589672E-2,-1.232237592E-1
2.163230637E2,-2.941731811E-1,-8.851043135E-2,-1.303652972E-1
2.163330717E2,-2.815745175E-1,-9.781366587E-2,-1.431224495E-1
2.163430797E2,-2.470237315E-1,-1.295031607E-1,-1.585133821E-1
2.163530877E2,-1.930355579E-1,-1.732096672E-1,-1.770131141E-1
2.163630957E2,-1.415358931E-1,-2.084166557E-1,-1.927097887E-1
2.163731037E2,-1.121271849E-1,-2.350284159E-1,-2.024136335E-1
2.163831107E2,-1.012284607E-1,-2.362625301E-1,-2.009001672E-1
2.163931187E2,-1.036615819E-1,-2.088267505E-1,-1.997401863E-1
2.164031267E2,-1.061274037E-1,-1.637215912E-1,-1.912899762E-1
2.164131347E2,-1.045457348E-1,-1.114234552E-1,-1.699698567E-1
2.164231427E2,-9.097053111E-2,-7.228776813E-2,-1.440479755E-1
2.164331507E2,-7.154408097E-2,-6.673168391E-2,-1.168385521E-1
2.164431587E2,-5.206651986E-2,-1.195791811E-1,-9.303788096E-2
2.164531667E2,-2.774304152E-2,-2.196946740E-1,-7.591224462E-2
2.164631747E2,9.967260994E-4,-3.390293419E-1,-6.586147845E-2
2.164731827E2,4.032264650E-2,-4.406711459E-1,-6.501476467E-2
2.164831907E2,8.662995696E-2,-4.898275137E-1,-6.396868080E-2
2.164931977E2,1.302212477E-1,-4.721239805E-1,-5.151458457E-2
2.165032057E2,1.773285717E-1,-3.937378228E-1,-2.253113501E-2
2.165132137E2,2.134029120E-1,-2.922541499E-1,1.896925829E-2
2.165232217E2,2.468876392E-1,-1.984584183E-1,5.052425340E-2
2.165332297E2,2.899718881E-1,-1.336028874E-1,6.122447923E-2
2.165432377E2,3.570084274E-1,-7.885707170E-2,5.816823617E-2
2.165532457E2,4.227710664E-1,-4.647386074E-2,5.799078569E-2
2.165632537E2,4.765786231E-1,-3.913791850E-2,5.821848288E-2
2.165732617E2,5.107234716E-1,-6.502764672E-2,5.143070221E-2
2.165832697E2,5.318559408E-1,-8.639258891E-2,2.954511158E-2
2.165932767E2,5.394099355E-1,-1.136532053E-1,-1.113369502E-2
2.166032847E2,5.177341700E-1,-1.509049684E-1,-7.582933456E-2
2.166132927E2,4.336440563E-1,-2.137300670E-1,-1.638773531E-1
2.166233007E2,2.724099159E-1,-3.300393522E-1,-2.835944295E-1
2.166333087E2,4.661835730E-2,-4.568273127E-1,-4.385980368E-1
2.166433167E2,-2.182399333E-1,-5.429608226E-1,-6.064456105E-1
2.166533247E2,-4.994066656E-1,-5.774096847E-1,-7.859130502E-1
2.166633327E2,-7.708240747E-1,-5.507008433E-1,-9.759261012E-1
2.166733407E2,-1.015198112E0,-4.313944876E-1,-1.125919819E0
2.166833487E2,-1.206880212E0,-1.701908410E-1,-1.214452863E0
2.166933557E2,-1.295990229E0,1.643739194E-1,-1.219241738E0
2.167033637E2,-1.273833036E0,5.088029504E-1,-1.142652988E0
2.167133717E2,-1.149860978E0,8.125538230E-1,-9.987097979E-1
2.167233797E2,-9.345987439E-1,1.007254958E0,-8.216657639E-1
2.167333877E2,-6.571545601E-1,1.050294995E0,-6.460560560E-1
2.167433957E2,-3.431828022E-1,9.646096826E-1,-4.779786170E-1
2.167534037E2,1.160540618E-3,7.949047089E-1,-3.342671096E-1
2.167634117E2,3.405641615E-1,5.745835304E-1,-2.016861439E-1
2.167734197E2,6.212569475E-1,3.296250105E-1,-7.807082683E-2
2.167834277E2,8.129944205E-1,8.447224647E-2,2.978053875E-2
2.167934347E2,9.165889621E-1,-1.606684178E-1,1.292890161E-1
2.168034427E2,9.469647408E-1,-3.773032427E-1,2.005173862E-1
2.168134507E2,9.197847843E-1,-5.733941197E-1,2.338783592E-1
2.168234587E2,8.659465909E-1,-7.277549505E-1,2.316604853E-1
2.168334667E2,8.159721494E-1,-8.127180338E-1,1.934293956E-1
2.168434747E2,7.588036656E-1,-8.448445797E-1,1.386851817E-1
2.168534827E2,6.787236929E-1,-8.164457083E-1,7.196749002E-2
2.168634907E2,5.460740328E-1,-7.418178320E-1,-1.290207612E-3
2.168734987E2,3.702822030E-1,-6.205030680E-1,-8.056505024E-2
2.168835067E2,1.629220843E-1,-4.475253820E-1,-1.545540690E-1
2.168935147E2,-5.473507568E-2,-2.253382802E-1,-2.182956636E-1
2.169035217E2,-2.560333014E-1,2.863594145E-2,-2.571032643E-1
2.169135297E2,-4.025911689E-1,2.412557453E-1,-2.632120252E-1
2.169235377E2,-4.701308012E-1,3.662133813E-1,-2.451608330E-1
2.169335457E2,-4.734643400E-1,4.194182754E-1,-2.149455100E-1
2.169435537E2,-4.389042258E-1,3.941313028E-1,-1.736699641E-1
2.169535617E2,-3.831101358E-1,3.062905967E-1,-1.244119629E-1
2.169635697E2,-3.097586930E-1,1.662477553E-1,-8.524565399E-2
2.169735777E2,-2.310628146E-1,-5.874869414E-3,-6.007558107E-2
2.169835857E2,-1.614509821E-1,-1.778817773E-1,-4.332323372E-2
2.169935937E2,-1.111256629E-1,-3.082362115E-1,-2.469051629E-2
2.170036007E2,-9.348142147E-2,-3.696391284E-1,2.933121985E-3
2.170136087E2,-1.150426865E-1,-3.775272071E-1,3.423760086E-2
2.170236167E2,-1.610562503E-1,-3.397260308E-1,5.854267627E-2
2.170336247E2,-2.097474039E-1,-2.810864151E-1,6.983625144E-2
2.170436327E2,-2.471131533E-1,-2.119286358E-1,7.754237950E-2
2.170536407E2,-2.661336362E-1,-1.637930870E-1,8.429277688E-2
2.170636483E2,-2.685938776E-1,-1.312146336E-1,9.168837965E-2
2.170736563E2,-2.404548377E-1,-1.066869423E-1,1.152491942E-1
2.170836643E2,-2.034036070E-1,-1.003901660E-1,1.403430998E-1
2.170936723E2,-1.538279504E-1,-9.056206048E-2,1.661761850E-1
2.171036793E2,-9.929227084E-2,-8.057094365E-2,1.853403002E-1
2.171136873E2,-5.139407143E-2,-7.883628458E-2,1.890950054E-1
2.171236953E2,-2.635929361E-2,-7.456723601E-2,1.844717562E-1
2.171337033E2,-1.762580685E-2,-6.253086030E-2,1.815489382E-1
2.171437113E2,-2.333375998E-2,-4.064393416E-2,1.833638847E-1
2.171537193E2,-2.389698476E-2,-2.452062443E-2,1.804117709E-1
2.171637273E2,-2.758677118E-3,-1.598918810E-2,1.731631756E-1
2.171737353E2,3.060598858E-2,-1.387619600E-2,1.584566683E-1
2.171837433E2,6.246858463E-2,-1.434331387E-2,1.398635358E-1
2.171937513E2,7.918170094E-2,-2.231419832E-2,1.283719242E-1
2.172037583E2,8.557381481E-2,-3.061101213E-2,1.293732673E-1
2.172137663E2,8.790313452E-2,-2.313839830E-2,1.458641887E-1
2.172237743E2,8.559416980E-2,6.620296743E-3,1.808892787E-1
2.172337823E2,9.549592435E-2,7.823192328E-2,2.273420691E-1
2.172437903E2,1.324763149E-1,1.696324199E-1,2.865574658E-1
2.172537983E2,1.912444979E-1,2.562534213E-1,3.421805203E-1
2.172638063E2,2.761676311E-1,3.324001133E-1,3.852672577E-1
2.172738143E2,3.712663651E-1,4.002313912E-1,4.125540853E-1
2.172838223E2,4.569823146E-1,4.564315379E-1,4.235787690E-1
2.172938303E2,5.140101910E-1,4.877085686E-1,4.351301789E-1
2.173038373E2,5.427166224E-1,4.997473657E-1,4.289580286E-1
2.173138453E2,5.362263918E-1,4.712249637E-1,4.039821029E-1
2.173238533E2,4.788456261E-1,3.938428164E-1,3.742638826E-1
2.173338613E2,3.638328612E-1,2.923796475E-1,3.352600336E-1
2.173438693E2,1.981637180E-1,2.093332261E-1,2.895636559E-1
2.173538773E2,1.266723312E-2,1.316490471E-1,2.593073845E-1
2.173638853E2,-2.014498562E-1,1.792115346E-2,2.153183669E-1
2.173738933E2,-3.767125010E-1,-7.480870932E-2,1.646355689E-1
2.173839013E2,-4.599972665E-1,-1.232715771E-1,1.397208869E-1
2.173939093E2,-4.149665236E-1,-7.856560498E-2,1.608803272E-1
2.174039163E2,-2.449924052E-1,3.458838165E-2,2.274513543E-1
2.174139243E2,-1.758659817E-2,1.407172680E-1,3.266706169E-1
2.174239323E2,1.800415218E-1,2.005142868E-1,4.299938083E-1
2.174339403E2,3.152812719E-1,1.942036599E-1,5.290470719E-1
2.174439483E2,3.907906711E-1,1.389356107E-1,5.884209275E-1
2.174539563E2,4.360168576E-1,6.989321858E-2,5.971262455E-1
2.174639643E2,4.744997919E-1,3.688599914E-2,5.761011243E-1
2.174739723E2,5.104110837E-1,4.439866543E-2,5.432897806E-1
2.174839803E2,5.262542367E-1,6.428262591E-2,5.230380297E-1
2.174939873E2,5.058560371E-1,7.960411906E-2,5.160048008E-1
2.175039953E2,4.490665197E-1,7.247191668E-2,5.067612529E-1
2.175140033E2,3.582757413E-1,3.188776597E-2,4.702351689E-1
2.175240113E2,2.446378767E-1,-4.752716422E-2,4.080255926E-1
2.175340193E2,1.129702181E-1,-1.532558650E-1,3.293964565E-1
2.175440273E2,-3.077257052E-2,-2.713391185E-1,2.311545759E-1
2.175540353E2,-1.664513946E-1,-3.508822322E-1,1.371274889E-1
2.175640433E2,-2.727173865E-1,-3.764621615E-1,6.503333151E-2
2.175740513E2,-3.379344642E-1,-3.421283662E-1,3.559498349E-3
2.175840593E2,-3.625183702E-1,-2.487952411E-1,-2.669667453E-2
2.175940663E2,-3.577735126E-1,-1.175028905E-1,-1.734977774E-2
2.176040743E2,-3.324412704E-1,2.017427981E-2,2.137631178E-2
2.176140823E2,-3.043287694E-1,1.152110770E-1,6.850636005E-2
2.176240903E2,-2.611557543E-1,1.451503336E-1,1.027924344E-1
2.176340983E2,-2.023355961E-1,1.410786957E-1,1.145956516E-1
2.176441063E2,-1.201624200E-1,1.079969108E-1,1.161722392E-1
2.176541143E2,-2.535791323E-2,5.827283859E-2,1.184045896E-1
2.176641223E2,6.603565067E-2,3.547697887E-2,1.270438880E-1
2.176741303E2,1.262161881E-1,4.329567775E-2,1.436520815E-1
2.176841373E2,1.479862034E-1,6.017612666E-2,1.565100849E-1
2.176941453E2,1.444057971E-1,9.004941583E-2,1.594265103E-1
2.177041533E2,1.117897928E-1,1.126660407E-1,1.528716683E-1
2.177141613E2,6.109550595E-2,1.185650602E-1,1.439775825E-1
2.177241693E2,3.970168065E-3,1.025450826E-1,1.213279441E-1
2.177341773E2,-4.188799858E-2,8.225090057E-2,8.849764615E-2
2.177441853E2,-6.704422086E-2,5.928699672E-2,5.718047172E-2
2.177541933E2,-8.093819022E-2,3.098351881E-2,2.639770322E-2
2.177642013E2,-7.709604502E-2,1.039248891E-2,1.878511277E-3
2.177742093E2,-6.307636946E-2,-6.728174165E-3,-1.106178854E-2
2.177842163E2,-5.013393238E-2,-3.139650449E-2,-1.550820190E-2
2.177942243E2,-4.552378878E-2,-6.742306799E-2,-1.461772993E-2
2.178042323E2,-4.965941235E-2,-1.150899231E-1,-1.354900282E-2
2.178142403E2,-6.430619955E-2,-1.680219322E-1,-2.610376850E-2
2.178242483E2,-7.839912176E-2,-2.202100456E-1,-5.530319735E-2
2.178342563E2,-8.322706819E-2,-2.623802722E-1,-9.309913218E-2
2.178442643E2,-8.299777657E-2,-2.644343674E-1,-1.299881637E-1
2.178542723E2,-7.447265834E-2,-2.175071537E-1,-1.545547694E-1
2.178642803E2,-6.052968279E-2,-1.293362826E-1,-1.708048433E-1
2.178742873E2,-4.502318054E-2,-1.302685682E-2,-1.733996570E-1
2.178842953E2,-3.767045960E-2,9.391450882E-2,-1.609871984E-1
2.178943033E2,-3.948082030E-2,1.714858562E-1,-1.475692987E-1
2.179043113E2,-4.787110910E-2,1.953293979E-1,-1.447173208E-1
2.179143193E2,-5.554537848E-2,1.814436913E-1,-1.423013955E-1
2.179243273E2,-6.192098930E-2,1.382237673E-1,-1.404102743E-1
2.179343353E2,-6.850615144E-2,7.854128629E-2,-1.318388879E-1
2.179443433E2,-7.983949780E-2,-5.536307581E-3,-1.182032451E-1
2.179543513E2,-8.956383169E-2,-1.129705459E-1,-1.035566553E-1
2.179643593E2,-8.416320384E-2,-2.023741901E-1,-8.089635521E-2
2.179743663E2,-4.327598214E-2,-2.685538828E-1,-4.722547531E-2
2.179843743E2,3.370508552E-2,-2.767550945E-1,-2.878515981E-3
2.179943823E2,1.353358030E-1,-2.384954989E-1,5.701260641E-2
2.180043903E2,2.329499722E-1,-1.991579384E-1,1.239452958E-1
2.180143983E2,3.133000433E-1,-2.032001764E-1,1.651084423E-1
2.180244063E2,3.609559834E-1,-2.576144338E-1,1.710174680E-1
2.180344143E2,3.727911115E-1,-3.499113321E-1,1.374771744E-1
2.180444223E2,3.378725350E-1,-4.622522593E-1,4.954518750E-2
2.180544303E2,2.394234538E-1,-5.879455805E-1,-9.694100916E-2
2.180644372E2,4.942236096E-2,-7.274843454E-1,-2.817846239E-1
2.180744452E2,-2.015984654E-1,-8.163467050E-1,-4.897895753E-1
2.180844532E2,-4.568190575E-1,-7.942070365E-1,-6.796396971E-1
2.180944612E2,-6.699992418E-1,-6.391680241E-1,-8.367097378E-1
2.181044692E2,-7.934830785E-1,-3.250338137E-1,-9.241471291E-1
2.181144772E2,-8.033949137E-1,1.022285968E-1,-9.196277261E-1
2.181244852E2,-7.014898658E-1,5.690034628E-1,-8.321143985E-1
2.181344932E2,-5.104442835E-1,9.346969724E-1,-6.763764024E-1
2.181445012E2,-2.652262449E-1,1.100798368E0,-4.918033779E-1
2.181545082E2,7.214089390E-3,1.056097388E0,-3.286917806E-1
2.181645162E2,2.645015717E-1,8.268879056E-1,-2.091853470E-1
2.181745242E2,4.924003184E-1,4.962256551E-1,-1.405446827E-1
2.181845322E2,6.525178552E-1,1.404885799E-1,-1.001642346E-1
2.181945402E2,7.260856628E-1,-1.924643517E-1,-7.399041951E-2
2.182045482E2,7.220160365E-1,-4.610111117E-1,-5.529662594E-2
2.182145562E2,6.779112220E-1,-6.446084380E-1,-3.805301711E-2
2.182245642E2,6.186740398E-1,-7.414330244E-1,-4.112816602E-2
2.182345722E2,5.587332845E-1,-7.500254512E-1,-7.099542767E-2
2.182445792E2,4.890734851E-1,-7.002762556E-1,-1.291474253E-1
2.182545872E2,3.970479369E-1,-5.807436705E-1,-2.194249332E-1
2.182645952E2,2.671783566E-1,-4.119330645E-1,-3.346071839E-1
2.182746032E2,1.026487127E-1,-1.904482692E-1,-4.583746791E-1
2.182846112E2,-7.774475962E-2,4.616639018E-2,-5.505666137E-1
2.182946192E2,-2.365450114E-1,2.528718710E-1,-5.868843794E-1
2.183046272E2,-3.458358347E-1,3.974612951E-1,-5.830888152E-1
2.183146352E2,-3.930333853E-1,4.580702484E-1,-5.651500821E-1
2.183246432E2,-3.851618767E-1,4.390816391E-1,-5.382905006E-1
2.183346502E2,-3.337581754E-1,3.618723452E-1,-5.059884191E-1
2.183446582E2,-2.596562505E-1,2.402639091E-1,-4.602249563E-1
2.183546662E2,-1.876439005E-1,8.362002671E-2,-4.155746400E-1
2.183646742E2,-1.353290230E-1,-9.386554360E-2,-3.756730258E-1
2.183746822E2,-1.070122197E-1,-2.354437560E-1,-3.448340595E-1
2.183846902E2,-1.008094549E-1,-3.117318749E-1,-3.270774484E-1
2.183946982E2,-1.167808548E-1,-3.177067041E-1,-3.118535876E-1
2.184047062E2,-1.617041230E-1,-2.581229806E-1,-3.029559851E-1
2.184147142E2,-2.267234176E-1,-1.533207297E-1,-2.958066761E-1
2.184247212E2,-3.040876985E-1,-4.400648922E-2,-2.850509882E-1
2.184347292E2,-3.683234751E-1,4.168033227E-2,-2.702947557E-1
2.184447372E2,-4.025094211E-1,1.039056256E-1,-2.457063496E-1
2.184547452E2,-3.942682743E-1,1.271608025E-1,-2.137555182E-1
2.184647532E2,-3.587187827E-1,1.293129027E-1,-1.771985739E-1
2.184747612E2,-3.171069622E-1,8.579139411E-2,-1.481691301E-1
2.184847692E2,-2.622405291E-1,5.784338340E-2,-1.149318218E-1
2.184947772E2,-2.042473257E-1,2.384097502E-2,-7.375863940E-2
2.185047852E2,-1.581946164E-1,1.868297812E-3,-3.915618360E-2
2.185147932E2,-1.242178604E-1,-6.989204325E-3,-5.144333933E-3
2.185248002E2,-9.996871650E-2,7.898891345E-4,1.709385961E-2
2.185348082E2,-8.686903864E-2,2.241751552E-2,3.950453922E-2
2.185448162E2,-8.645810932E-2,6.921191514E-2,6.756945699E-2
2.185548242E2,-9.941235930E-2,1.189142466E-1,9.773011506E-2
2.185648322E2,-1.198193654E-1,1.453088373E-1,1.189427227E-1
2.185748402E2,-1.296476573E-1,1.627250910E-1,1.311361939E-1
2.185848482E2,-1.305190474E-1,1.527813822E-1,1.291393489E-1
2.185948562E2,-1.199472472E-1,1.277612299E-1,1.004173383E-1
2.186048642E2,-1.003370658E-1,1.087121665E-1,4.343287647E-2
2.186148712E2,-7.942003012E-2,1.197785959E-1,-1.342223771E-2
2.186248792E2,-7.407080382E-2,1.416367441E-1,-4.242912307E-2
2.186348872E2,-8.465847373E-2,1.876961142E-1,-3.414615989E-2
2.186448952E2,-1.088554189E-1,2.495139390E-1,1.023222506E-2
2.186549032E2,-1.277123392E-1,3.085408807E-1,7.995954901E-2
2.186649112E2,-1.248481125E-1,3.511343896E-1,1.576729864E-1
2.186749192E2,-9.181897342E-2,3.661323190E-1,2.240607888E-1
2.186849272E2,-1.869069785E-2,3.836873472E-1,2.759498358E-1
2.186949352E2,8.285041898E-2,3.836127818E-1,3.231585324E-1
2.187049422E2,1.813516915E-1,3.646257520E-1,3.591000438E-1
2.187149502E2,2.737440467E-1,3.481766880E-1,3.950198293E-1
2.187249582E2,3.464789689E-1,3.509202898E-1,4.378384054E-1
2.187349662E2,3.911312222E-1,3.670623302E-1,4.826925397E-1
2.187449742E2,4.236170053E-1,3.943240643E-1,5.310320854E-1
2.187549822E2,4.397112429E-1,3.989705443E-1,5.618138313E-1
2.187649902E2,4.316146970E-1,3.727618456E-1,5.737005472E-1
2.187749982E2,4.260832369E-1,3.185833395E-1,5.778954625E-1
2.187850052E2,4.239817262E-1,2.567521632E-1,5.876498222E-1
2.187950132E2,4.280375242E-1,2.142395377E-1,6.061130166E-1
2.188050212E2,4.141552746E-1,1.723197848E-1,6.359772086E-1
2.188150292E2,3.532713652E-1,1.141248122E-1,6.575300097E-1
2.188250372E2,2.415650636E-1,4.217978567E-2,6.548354030E-1
2.188350452E2,9.735679626E-2,-5.081782863E-2,6.325421929E-1
2.188450532E2,-5.168274418E-2,-1.731432080E-1,5.936350226E-1
2.188550612E2,-1.463871896E-1,-2.990492582E-1,5.370649695E-1
2.188650692E2,-1.214413643E-1,-3.762646914E-1,4.845807254E-1
2.188750762E2,1.830185950E-2,-3.820229173E-1,4.701014757E-1
2.188850842E2,2.404869944E-1,-2.895180285E-1,5.167078376E-1
2.188950922E2,4.889829457E-1,-1.335264593E-1,6.277636886E-1
2.189051002E2,7.209808230E-1,3.650226817E-2,7.574514151E-1
2.189151082E2,8.991543055E-1,1.469773054E-1,8.558557630E-1
2.189251162E2,1.016563535E0,1.856557280E-1,9.128609896E-1
2.189351242E2,1.062491059E0,1.642405242E-1,9.206596017E-1
2.189451322E2,1.033377647E0,7.557191700E-2,8.631123900E-1
2.189551402E2,9.411662817E-1,-4.365999997E-2,7.656017542E-1
2.189651472E2,7.903357744E-1,-1.583927125E-1,6.394001245E-1
2.189751552E2,5.876853466E-1,-2.561190128E-1,5.098160505E-1
2.189851632E2,3.358038366E-1,-3.152039051E-1,3.796761632E-1
2.189951712E2,6.347940117E-2,-3.107611835E-1,2.445263863E-1
2.190051792E2,-1.914777756E-1,-2.652821243E-1,1.185663268E-1
2.190151872E2,-3.876616061E-1,-2.105425000E-1,3.696206026E-3
2.190251952E2,-5.217003822E-1,-1.462641805E-1,-8.866568655E-2
2.190352032E2,-5.950605869E-1,-6.707949936E-2,-1.445033848E-1
2.190452112E2,-6.314068437E-1,8.622717112E-3,-1.648326218E-1
2.190552182E2,-6.321334839E-1,7.676877826E-2,-1.539952457E-1
2.190652264E2,-5.965301991E-1,1.365724653E-1,-1.298337132E-1
2.190752344E2,-5.200967193E-1,1.744060069E-1,-9.033530951E-2
2.190852424E2,-4.062929153E-1,2.057197243E-1,-4.009796679E-2
2.190952504E2,-2.622898221E-1,2.430449724E-1,1.211561356E-2
2.191052584E2,-9.920395911E-2,2.616631091E-1,6.475459039E-2
2.191152664E2,4.714543745E-2,2.478304505E-1,9.486419708E-2
2.191252744E2,1.472376883E-1,2.005649358E-1,1.072470993E-1
2.191352814E2,1.743856966E-1,1.261923611E-1,1.085287854E-1
2.191452894E2,1.507773101E-1,5.550541356E-2,9.401882440E-2
2.191552974E2,9.001602232E-2,-3.888995387E-3,5.530631542E-2
2.191653054E2,-4.718210083E-3,-3.466288745E-2,3.728074953E-3
2.191753134E2,-1.026183292E-1,-2.190007642E-2,-3.613847494E-2
2.191853214E2,-1.997315735E-1,9.821368381E-3,-5.773884058E-2
2.191953294E2,-2.720076740E-1,3.340275586E-2,-7.067008317E-2
2.192053374E2,-3.096892536E-1,2.717548795E-2,-7.876688987E-2
2.192153454E2,-3.248851299E-1,-2.566902898E-3,-9.623981267E-2
2.192253524E2,-3.272700012E-1,-6.118094921E-2,-1.209041402E-1
2.192353604E2,-3.219827712E-1,-1.276962757E-1,-1.423653066E-1
2.192453684E2,-3.083082438E-1,-1.770529151E-1,-1.569586247E-1
2.192553764E2,-2.829246223E-1,-1.897934973E-1,-1.563581824E-1
2.192653844E2,-2.557254732E-1,-1.782452315E-1,-1.526004672E-1
2.192753924E2,-2.130811065E-1,-1.583177000E-1,-1.370822191E-1
2.192854004E2,-1.616434753E-1,-1.349327415E-1,-1.195141375E-1
2.192954084E2,-1.025036573E-1,-1.070637777E-1,-1.036797911E-1
2.193054154E2,-4.671601951E-2,-9.378445894E-2,-1.087123603E-1
2.193154234E2,-6.165907253E-3,-9.319205582E-2,-1.288296133E-1
2.193254314E2,1.509517338E-2,-9.759879112E-2,-1.484994590E-1
2.193354394E2,1.473074500E-2,-9.720116854E-2,-1.688866615E-1
2.193454474E2,2.919892315E-3,-8.325286210E-2,-1.854017228E-1
2.193554554E2,-1.321510877E-2,-5.794597417E-2,-1.971106827E-1
2.193654634E2,-2.906038426E-2,-2.657953463E-2,-2.069289535E-1
2.193754714E2,-3.396914899E-2,1.288236119E-2,-2.163361311E-1
2.193854794E2,-2.501693182E-2,4.898790270E-2,-2.121312618E-1
2.193954864E2,-4.743699450E-3,8.307480812E-2,-2.045245469E-1
2.194054944E2,2.513430640E-2,1.010122672E-1,-1.895522624E-1
2.194155024E2,5.395444855E-2,9.979933500E-2,-1.733880341E-1
2.194255104E2,7.471299171E-2,7.479571551E-2,-1.649996042E-1
2.194355184E2,8.258333057E-2,2.845219523E-2,-1.674080789E-1
2.194455264E2,7.070189714E-2,-3.183590993E-2,-1.810176373E-1
2.194555344E2,4.022990167E-2,-9.748031944E-2,-1.955646127E-1
2.194655424E2,-1.308605168E-2,-1.667352915E-1,-2.069285810E-1
2.194755494E2,-6.325907260E-2,-2.163664997E-1,-2.116421163E-1
2.194855574E2,-1.004282758E-1,-2.327183038E-1,-2.121401280E-1
2.194955654E2,-1.092063561E-1,-2.190158218E-1,-2.092821151E-1
2.195055734E2,-8.266688883E-2,-1.756715477E-1,-1.978979111E-1
2.195155814E2,-2.991467156E-2,-1.153368056E-1,-1.741055697E-1
2.195255894E2,3.129302338E-2,-6.971046329E-2,-1.356298178E-1
2.195355974E2,1.057345048E-1,-5.629079416E-2,-9.563553333E-2
2.195456054E2,1.906650960E-1,-7.466980070E-2,-6.391808391E-2
2.195556134E2,2.742054760E-1,-1.239704564E-1,-5.138640106E-2
2.195656204E2,3.363306224E-1,-1.990974396E-1,-5.951996148E-2
2.195756284E2,3.538942039E-1,-2.988521457E-1,-9.266966581E-2
2.195856364E2,3.222896755E-1,-3.918292224E-1,-1.554901749E-1
2.195956444E2,2.259222120E-1,-4.759608209E-1,-2.394281179E-1
2.196056524E2,8.880989999E-2,-5.136222243E-1,-3.383283317E-1
2.196156604E2,-7.681797445E-2,-5.145924091E-1,-4.405365586E-1
2.196256684E2,-2.363631576E-1,-4.719767570E-1,-5.301442146E-1
2.196356764E2,-4.125435352E-1,-4.279849827E-1,-6.141420007E-1
2.196456834E2,-5.611875653E-1,-3.183314502E-1,-6.791383028E-1
2.196556914E2,-6.169433594E-1,-1.705308557E-1,-7.024385929E-1
2.196656994E2,-5.393537879E-1,2.487034164E-2,-6.761249304E-1
2.196757074E2,-3.424056768E-1,2.537397146E-1,-5.961192250E-1
2.196857154E2,-9.037319571E-2,4.464297891E-1,-4.847306609E-1
2.196957234E2,1.455744207E-1,5.456591845E-1,-3.717031777E-1
2.197057314E2,3.522788584E-1,5.768997073E-1,-2.714173198E-1
2.197157394E2,5.163434744E-1,5.456005335E-1,-1.854873002E-1
2.197257464E2,6.406912804E-1,4.829997718E-1,-1.078971699E-1
2.197357544E2,7.089633942E-1,3.833003938E-1,-3.080124035E-2
2.197457624E2,7.331666946E-1,2.620554566E-1,4.258855432E-2
2.197557704E2,7.342358232E-1,1.306098402E-1,1.093473509E-1
2.197657784E2,7.268589139E-1,-2.965786494E-2,1.634108573E-1
2.197757864E2,7.166945338E-1,-2.067529112E-1,1.920377016E-1
2.197857944E2,6.997349858E-1,-3.947654068E-1,1.875492036E-1
2.197958024E2,6.837068200E-1,-5.602446795E-1,1.330138743E-1
2.198058094E2,6.523211598E-1,-6.677967310E-1,4.792854562E-2
2.198158174E2,5.833935142E-1,-6.765735745E-1,-4.822310433E-2
2.198258254E2,4.628117085E-1,-5.937814713E-1,-1.295504421E-1
2.198358334E2,2.935585976E-1,-4.441683888E-1,-1.867908388E-1
2.198458414E2,8.502163738E-2,-2.478588223E-1,-2.317322195E-1
2.198558494E2,-1.308440715E-1,-3.273824975E-2,-2.684236467E-1
2.198658574E2,-3.116593957E-1,1.618900895E-1,-2.892993689E-1
2.198758654E2,-4.300958216E-1,2.753825486E-1,-2.954980731E-1
2.198858724E2,-4.734150767E-1,2.943176031E-1,-2.915065289E-1
2.198958804E2,-4.548299611E-1,2.537577450E-1,-2.699388266E-1
2.199058884E2,-4.176130891E-1,1.675698608E-1,-2.456433177E-1
2.199158964E2,-3.811430931E-1,6.327868998E-2,-2.133802772E-1
2.199259044E2,-3.521108925E-1,-3.016417474E-2,-1.682229191E-1
2.199359124E2,-3.233755529E-1,-1.039292887E-1,-1.201522350E-1
2.199459204E2,-2.870955765E-1,-1.505263597E-1,-6.546849012E-2
2.199559284E2,-2.379183620E-1,-1.774034798E-1,-9.706517681E-3
2.199659364E2,-1.912848055E-1,-1.839146465E-1,3.936329111E-2
2.199759434E2,-1.565805823E-1,-1.750286072E-1,7.436983287E-2
2.199859514E2,-1.345402598E-1,-1.566219032E-1,9.629883617E-2
2.199959594E2,-1.370994896E-1,-1.466156691E-1,1.062247083E-1
2.200059674E2,-1.607198715E-1,-1.335951984E-1,9.747648984E-2
2.200159754E2,-1.727550477E-1,-8.636844903E-2,9.545711428E-2
2.200259834E2,-1.891340166E-1,-3.908242658E-2,1.027821377E-1
2.200359914E2,-2.137496173E-1,-3.745243885E-4,9.905592352E-2
2.200459994E2,-2.178626060E-1,4.661295936E-2,1.020732895E-1
2.200560064E2,-2.131877393E-1,8.237056434E-2,1.071981788E-1
2.200660140E2,-1.987518072E-1,9.910773486E-2,1.148776710E-1
2.200760220E2,-1.700922251E-1,9.895671159E-2,1.249211580E-1
2.200860300E2,-1.340969503E-1,9.064684808E-2,1.386726648E-1
2.200960380E2,-1.019900814E-1,7.971113175E-2,1.526570916E-1
2.201060460E2,-7.441278547E-2,7.590627670E-2,1.657648981E-1
2.201160540E2,-6.016069278E-2,7.401803881E-2,1.712779105E-1
2.201260620E2,-4.962549731E-2,8.316919208E-2,1.795885712E-1
2.201360690E2,-4.349767044E-2,1.078863740E-1,1.841811985E-1
2.201460770E2,-3.265860677E-2,1.323760003E-1,1.915608197E-1
2.201560850E2,-1.629004627E-2,1.441158205E-1,1.948568374E-1
2.201660930E2,9.533905541E-4,1.440076977E-1,1.983719319E-1
2.201761010E2,1.889467984E-2,1.414193511E-1,1.968988627E-1
2.201861090E2,3.631201759E-2,1.333968490E-1,1.946330369E-1
2.201961170E2,4.785466939E-2,1.251354218E-1,1.900837272E-1
2.202061250E2,5.258231238E-2,1.180641949E-1,1.804081947E-1
2.202161320E2,5.912726745E-2,1.278576106E-1,1.650153995E-1
2.202261400E2,6.834500283E-2,1.631173342E-1,1.589860022E-1
2.202361480E2,7.884896547E-2,2.046837807E-1,1.598422974E-1
2.202461560E2,9.582981467E-2,2.432940155E-1,1.663707793E-1
2.202561640E2,1.192346588E-1,2.726724744E-1,1.679486036E-1
2.202661720E2,1.496567428E-1,2.955482304E-1,1.662596315E-1
2.202761800E2,1.681748182E-1,3.017652333E-1,1.620415300E-1
2.202861880E2,1.910367310E-1,3.192640543E-1,1.562358439E-1
2.202961950E2,2.093803436E-1,3.585767746E-1,1.563204527E-1
2.203062030E2,2.250820845E-1,4.033733010E-1,1.628204286E-1
2.203162110E2,2.220252305E-1,4.302654266E-1,1.755075455E-1
2.203262190E2,2.013425827E-1,4.335608184E-1,1.897123158E-1
2.203362270E2,1.658435166E-1,3.942309320E-1,2.054752111E-1
2.203462350E2,1.152226776E-1,3.225223720E-1,2.148569971E-1
2.203562430E2,3.744636849E-2,2.248488963E-1,2.116738111E-1
2.203662510E2,-8.439404517E-2,6.660358608E-2,1.877434403E-1
2.203762580E2,-2.312956899E-1,-1.294850260E-1,1.413309276E-1
2.203862660E2,-3.697331846E-1,-2.674665749E-1,6.980455667E-2
2.203962740E2,-4.482714236E-1,-2.889060378E-1,2.460067719E-2
2.204062820E2,-4.129643142E-1,-2.020347863E-1,3.794231638E-2
2.204162900E2,-2.693066299E-1,-1.825948432E-2,1.168565676E-1
2.204262980E2,-6.985104829E-2,1.751443297E-1,2.460619658E-1
2.204363060E2,1.409547627E-1,3.167600334E-1,4.114002287E-1
2.204463140E2,3.275845647E-1,3.573239744E-1,5.677711964E-1
2.204563210E2,4.819342494E-1,3.162452281E-1,6.756420135E-1
2.204663290E2,5.996283889E-1,2.246050537E-1,7.277640700E-1
2.204763370E2,6.757532954E-1,1.205480695E-1,7.239141464E-1
2.204863450E2,7.010882497E-1,4.400695860E-2,6.938849092E-1
2.204963530E2,6.597715616E-1,-3.068180382E-2,6.419394016E-1
2.205063610E2,5.593757629E-1,-9.664057940E-2,5.856716037E-1
2.205163690E2,4.083115757E-1,-1.686807573E-1,5.313076973E-1
2.205263770E2,2.467106730E-1,-2.443179786E-1,4.646948874E-1
2.205363840E2,9.432434291E-2,-3.245170712E-1,3.741291165E-1
2.205463920E2,-2.838559821E-2,-3.963159025E-1,2.717180550E-1
2.205564000E2,-1.142012104E-1,-4.368302822E-1,1.711708456E-1
2.205664080E2,-1.779253334E-1,-4.367612898E-1,7.965851575E-2
2.205764160E2,-2.246894538E-1,-3.894419372E-1,7.615929469E-3
2.205864240E2,-2.580085099E-1,-3.160832822E-1,-4.393115267E-2
2.205964320E2,-2.903410494E-1,-2.498521507E-1,-7.909057289E-2
2.206064390E2,-3.012373745E-1,-1.855402887E-1,-1.056311056E-1
2.206164470E2,-2.929626107E-1,-1.229073331E-1,-1.231934801E-1
2.206264550E2,-2.568858564E-1,-4.695210978E-2,-1.303616315E-1
2.206364630E2,-1.896214038E-1,4.587769136E-2,-1.135534719E-1
2.206464710E2,-1.059518009E-1,1.461180001E-1,-8.143681288E-2
2.206564790E2,-2.171673626E-2,2.274376899E-1,-5.176520348E-2
2.206664870E2,2.725373581E-2,2.532820702E-1,-4.585538059E-2
2.206764950E2,3.901723027E-2,2.536607087E-1,-5.261041597E-2
2.206865020E2,1.198108774E-2,2.394493073E-1,-7.413595170E-2
2.206965100E2,-3.127386421E-2,2.422870696E-1,-1.145215183E-1
2.207065180E2,-8.705191314E-2,2.617049813E-1,-1.491652578E-1
2.207165260E2,-1.508074999E-1,2.856205702E-1,-1.725923717E-1
2.207265340E2,-1.985784769E-1,3.144748509E-1,-1.730488390E-1
2.207365420E2,-2.316965461E-1,3.332982957E-1,-1.503958404E-1
2.207465500E2,-2.531121075E-1,3.272989988E-1,-1.196970418E-1
2.207565580E2,-2.484977692E-1,2.905173600E-1,-8.866392076E-2
2.207665650E2,-2.316599339E-1,2.172192037E-1,-6.119687110E-2
2.207765730E2,-1.976579279E-1,1.386239380E-1,-3.262905777E-2
2.207865810E2,-1.451435983E-1,5.792962015E-2,5.315127783E-3
2.207965890E2,-8.543568850E-2,-2.870286629E-2,3.227137402E-2
2.208065970E2,-2.258721180E-2,-9.281367809E-2,5.571305007E-2
2.208166050E2,2.700228244E-2,-1.383960843E-1,7.385414839E-2
2.208266130E2,5.598200113E-2,-1.667094827E-1,8.404286951E-2
2.208366200E2,5.935182422E-2,-2.005736828E-1,8.213932067E-2
2.208466280E2,4.601151869E-2,-2.305536866E-1,7.783564925E-2
2.208566360E2,2.189195156E-2,-2.599607110E-1,6.307774782E-2
2.208666440E2,-1.453849953E-3,-2.770726085E-1,3.439497575E-2
2.208766520E2,-2.268129773E-2,-2.677988708E-1,3.149971832E-3
2.208866600E2,-4.896616563E-2,-2.532500327E-1,-3.276648372E-2
2.208966680E2,-6.820591539E-2,-2.227568924E-1,-7.296407223E-2
2.209066760E2,-7.133886218E-2,-1.743866950E-1,-1.061947271E-1
2.209166830E2,-6.740801036E-2,-1.192130744E-1,-1.208054349E-1
2.209266910E2,-4.914617911E-2,-5.111763999E-2,-1.273336411E-1
2.209366990E2,-1.088108588E-2,1.823277958E-2,-1.336848289E-1
2.209467070E2,3.242617473E-2,7.624175400E-2,-1.511437148E-1
2.209567150E2,4.845858365E-2,1.057275161E-1,-1.659069657E-1
2.209667230E2,2.718418464E-2,1.156616434E-1,-1.721723080E-1
2.209767310E2,-1.974854805E-2,8.784051985E-2,-1.764485389E-1
2.209867390E2,-8.215893060E-2,1.108049788E-2,-1.762741059E-1
2.209967460E2,-1.403693855E-1,-8.821292222E-2,-1.790725589E-1
2.210067540E2,-1.609159410E-1,-1.731243581E-1,-1.830928773E-1
2.210167620E2,-1.479160041E-1,-2.196882814E-1,-1.852237433E-1
2.210267700E2,-1.049240604E-1,-2.165137976E-1,-1.713124514E-1
2.210367780E2,-5.589497462E-2,-1.913927794E-1,-1.441261917E-1
2.210467860E2,-9.169544093E-3,-1.439232677E-1,-1.123584211E-1
2.210567940E2,4.062311724E-2,-8.178836107E-2,-6.750448048E-2
2.210668017E2,1.022491977E-1,-2.435169928E-2,-2.601695433E-2
2.210768097E2,1.714967489E-1,-1.184354071E-2,-2.678081859E-3
2.210868177E2,2.339745015E-1,-1.724709570E-2,-4.119981895E-4
2.210968257E2,2.798528075E-1,-1.033089869E-2,-2.115616109E-3
2.211068337E2,2.964051664E-1,-4.151891172E-2,-1.751534641E-2
2.211168417E2,2.723549902E-1,-1.160379052E-1,-5.692339316E-2
2.211268497E2,2.152933180E-1,-2.152784765E-1,-1.224291697E-1
2.211368577E2,1.290349066E-1,-3.105522692E-1,-2.128514647E-1
2.211468647E2,2.334362455E-2,-3.881173730E-1,-3.131993711E-1
2.211568727E2,-1.136228964E-1,-4.428834021E-1,-4.124997854E-1
2.211668807E2,-2.774778903E-1,-4.624802470E-1,-5.112085342E-1
2.211768887E2,-4.504964352E-1,-4.811078906E-1,-6.178848743E-1
2.211868967E2,-5.944051147E-1,-4.705545604E-1,-7.277343869E-1
2.211969047E2,-6.681530476E-1,-3.700297475E-1,-8.102823496E-1
2.212069127E2,-6.721648574E-1,-1.683672071E-1,-8.490039110E-1
2.212169197E2,-5.937452912E-1,9.383388609E-2,-8.216568828E-1
2.212269277E2,-4.360619187E-1,3.665972352E-1,-7.399582863E-1
2.212369357E2,-2.351684421E-1,5.970505476E-1,-6.065399051E-1
2.212469437E2,-2.797743306E-2,7.113291621E-1,-4.622516930E-1
2.212569517E2,1.657677144E-1,7.021205425E-1,-3.412470222E-1
2.212669597E2,3.254567087E-1,5.985267758E-1,-2.434088588E-1
2.212769677E2,4.622063935E-1,4.052510262E-1,-1.651737988E-1
2.212869757E2,5.649820566E-1,1.558004767E-1,-1.024049595E-1
2.212969827E2,6.312473416E-1,-9.948623180E-2,-5.817064270E-2
2.213069907E2,6.537659764E-1,-3.483248055E-1,-4.167661816E-2
2.213169987E2,6.413493752E-1,-5.731042027E-1,-4.615818709E-2
2.213270067E2,6.169809699E-1,-7.245272398E-1,-7.609397918E-2
2.213370147E2,5.698291063E-1,-7.985386848E-1,-1.329607368E-1
2.213470227E2,4.933010340E-1,-8.172572255E-1,-2.125610113E-1
2.213570307E2,3.901587725E-1,-7.604022622E-1,-3.075987399E-1
2.213670377E2,2.572619915E-1,-6.137776971E-1,-4.043426216E-1
2.213770457E2,1.028408781E-1,-3.869833052E-1,-4.903163612E-1
2.213870537E2,-5.464062467E-2,-8.994685858E-2,-5.530726910E-1
2.213970617E2,-1.878714263E-1,2.146335542E-1,-5.666004419E-1
2.214070697E2,-2.832605243E-1,4.396834671E-1,-5.347615480E-1
2.214170777E2,-3.301365972E-1,5.412676334E-1,-4.927182794E-1
2.214270857E2,-3.343835473E-1,5.355045795E-1,-4.653135538E-1
2.214370937E2,-3.136634231E-1,4.675969183E-1,-4.344515204E-1
2.214471007E2,-2.739626169E-1,3.614459932E-1,-3.997659981E-1
2.214571087E2,-2.326264530E-1,2.354634106E-1,-3.563748300E-1
2.214671167E2,-2.033228874E-1,1.179410443E-1,-3.053134978E-1
2.214771247E2,-1.907163560E-1,1.519347169E-2,-2.403486073E-1
2.214871327E2,-1.791321337E-1,-6.480309367E-2,-1.771589965E-1
2.214971407E2,-1.758311838E-1,-1.190624237E-1,-1.219987869E-1
2.215071487E2,-1.739893407E-1,-1.574436426E-1,-7.625180483E-2
2.215171557E2,-1.742620617E-1,-1.803701520E-1,-4.244911671E-2
2.215271637E2,-1.831053644E-1,-1.879308671E-1,-1.154632773E-2
2.215371717E2,-2.064254433E-1,-1.814904660E-1,2.101365291E-2
2.215471797E2,-2.278638929E-1,-1.597976983E-1,5.779030919E-2
2.215571877E2,-2.323839515E-1,-1.292756796E-1,8.829405904E-2
2.215671957E2,-2.155708820E-1,-9.094347060E-2,1.097538099E-1
2.215772037E2,-1.790599823E-1,-4.632852972E-2,1.386449486E-1
2.215872107E2,-1.353894770E-1,6.553594023E-3,1.799793392E-1
2.215972187E2,-9.422056377E-2,5.492006242E-2,2.202480137E-1
2.216072267E2,-6.240617484E-2,8.189069480E-2,2.548374236E-1
2.216172347E2,-4.757495597E-2,7.622248679E-2,2.719247937E-1
2.216272427E2,-4.838775471E-2,5.414514989E-2,2.783115804E-1
2.216372507E2,-6.146506593E-2,4.604548216E-2,2.806628048E-1
2.216472587E2,-7.544825226E-2,6.567484140E-2,2.891582847E-1
2.216572667E2,-9.327346832E-2,9.805908054E-2,2.970746160E-1
2.216672737E2,-1.028904095E-1,1.517699808E-1,3.144466877E-1
2.216772817E2,-1.201031581E-1,1.912380308E-1,3.286452293E-1
2.216872897E2,-1.183968708E-1,2.186882943E-1,3.453693688E-1
2.216972977E2,-9.774478525E-2,2.163912356E-1,3.624526560E-1
2.217073057E2,-5.478719994E-2,1.983334124E-1,3.726174235E-1
2.217173137E2,1.132500079E-2,1.615682095E-1,3.943944871E-1
2.217273217E2,8.269611746E-2,1.235079095E-1,4.183720052E-1
2.217373287E2,1.650674790E-1,9.541747719E-2,4.464594126E-1
2.217473367E2,2.506910563E-1,7.147539407E-2,4.700859189E-1
2.217573447E2,3.431694508E-1,6.470304728E-2,4.935185909E-1
2.217673527E2,4.291799664E-1,6.647511572E-2,5.016055703E-1
2.217773607E2,5.064045787E-1,8.283571154E-2,4.964637160E-1
2.217873687E2,5.528194904E-1,9.369342029E-2,4.691625834E-1
2.217973767E2,5.863993764E-1,1.412354410E-1,4.301267862E-1
2.218073837E2,5.932671428E-1,2.079833150E-1,3.910810947E-1
2.218173917E2,5.661095381E-1,2.902455032E-1,3.589062095E-1
2.218273997E2,5.083894730E-1,3.884983063E-1,3.381769657E-1
2.218374077E2,4.274427295E-1,4.855808914E-1,3.231125176E-1
2.218474157E2,3.198640943E-1,5.466921926E-1,3.056131601E-1
2.218574237E2,1.782348156E-1,5.427291989E-1,2.855179310E-1
2.218674317E2,1.192521211E-2,4.741703272E-1,2.521676719E-1
2.218774387E2,-1.918490976E-1,3.207186460E-1,1.922144294E-1
2.218874467E2,-4.449567199E-1,5.828730017E-2,9.443008155E-2
2.218974547E2,-7.138698697E-1,-1.941478252E-1,-2.828598209E-2
2.219074627E2,-9.105722904E-1,-3.322111368E-1,-1.396772116E-1
2.219174707E2,-9.791532755E-1,-3.076925576E-1,-1.658241451E-1
2.219274787E2,-9.038321376E-1,-1.216766164E-1,-9.221144021E-2
2.219374867E2,-7.078487873E-1,1.407212466E-1,4.241091013E-2
2.219474937E2,-4.580994546E-1,3.616174161E-1,2.052602768E-1
2.219575017E2,-2.252714038E-1,4.386795759E-1,3.571499288E-1
2.219675097E2,-3.809379786E-2,3.956546187E-1,4.678902924E-1
2.219775177E2,1.162946597E-1,2.779315710E-1,5.323008895E-1
2.219875257E2,2.695843279E-1,1.531278640E-1,5.686631799E-1
2.219975337E2,4.021841288E-1,3.916678578E-2,5.766461492E-1
2.220075417E2,4.673444927E-1,-6.485042721E-2,5.585840940E-1
2.220175497E2,4.654542208E-1,-1.478904486E-1,5.276498795E-1
2.220275567E2,4.143457413E-1,-2.135522813E-1,4.922966659E-1
2.220375647E2,3.268935680E-1,-2.541215420E-1,4.380247295E-1
2.220475727E2,2.100327611E-1,-2.685042024E-1,3.636719286E-1
2.220575807E2,8.037551492E-2,-2.674994469E-1,2.742441297E-1
2.220675888E2,-3.883529454E-2,-2.540736496E-1,1.796316057E-1
2.220775968E2,-1.285690218E-1,-2.212396860E-1,9.677800536E-2
2.220876048E2,-1.788313985E-1,-1.630360335E-1,3.741028905E-2
2.220976118E2,-1.940640956E-1,-1.029821485E-1,-9.724280098E-4
2.221076198E2,-1.998045295E-1,-7.292544842E-2,-2.082736045E-2
2.221176278E2,-1.797131002E-1,-6.108403951E-2,-2.358568273E-2
2.221276358E2,-1.440770775E-1,-5.739209801E-2,-2.501660027E-2
2.221376438E2,-8.825863898E-2,-4.238379002E-2,-2.390348166E-2
2.221476518E2,-3.013776615E-3,-3.637170419E-2,-1.911911368E-2
2.221576598E2,1.141180843E-1,-1.158073265E-2,-2.667406760E-2
2.221676668E2,2.418869585E-1,5.386964604E-2,-3.884444758E-2
2.221776748E2,3.394891024E-1,1.630953401E-1,-5.450791866E-2
2.221876828E2,3.757956922E-1,2.843024731E-1,-5.979988724E-2
2.221976908E2,3.530460000E-1,3.807646334E-1,-6.021080911E-2
2.222076988E2,2.978602350E-1,4.528430700E-1,-6.071947515E-2
2.222177068E2,2.330285311E-1,4.830508828E-1,-7.186658680E-2
2.222277148E2,1.757718921E-1,4.811626971E-1,-8.628014475E-2
2.222377218E2,1.346483976E-1,4.439285398E-1,-1.039519757E-1
2.222477298E2,9.694070369E-2,3.786832094E-1,-1.242279559E-1
2.222577378E2,6.404580921E-2,2.963820398E-1,-1.468053609E-1
2.222677458E2,2.477403916E-2,2.081701458E-1,-1.674440652E-1
2.222777538E2,-2.138805389E-2,1.186195463E-1,-1.745879948E-1
2.222877618E2,-6.719415635E-2,3.314113244E-2,-1.728497446E-1
2.222977698E2,-1.083362997E-1,-6.013795733E-2,-1.716302931E-1
2.223077768E2,-1.256854683E-1,-1.376191825E-1,-1.639942229E-1
2.223177848E2,-1.250909418E-1,-2.050300986E-1,-1.613768488E-1
2.223277928E2,-1.179526001E-1,-2.571926117E-1,-1.541642100E-1
2.223378008E2,-1.055107117E-1,-2.871151268E-1,-1.383225918E-1
2.223478088E2,-8.879138529E-2,-2.976319492E-1,-1.172082424E-1
2.223578168E2,-6.451501697E-2,-2.799800336E-1,-9.644631296E-2
2.223678248E2,-3.906638548E-2,-2.429370433E-1,-7.902152091E-2
2.223778318E2,-3.693288192E-3,-1.863737106E-1,-6.923173368E-2
2.223878398E2,3.191184253E-2,-1.307927370E-1,-6.823624671E-2
2.223978478E2,6.351874769E-2,-8.825879544E-2,-8.807963878E-2
2.224078558E2,7.308854908E-2,-4.903123900E-2,-1.145096496E-1
2.224178638E2,4.669446871E-2,-3.364475816E-2,-1.367155313E-1
2.224278718E2,-1.163648255E-2,-4.002595693E-2,-1.532497704E-1
2.224378798E2,-7.626323402E-2,-4.108050093E-2,-1.585822999E-1
2.224478868E2,-1.279954165E-1,-2.278272063E-2,-1.518197358E-1
2.224578948E2,-1.597025692E-1,1.221687347E-2,-1.395026892E-1
2.224679028E2,-1.596045643E-1,6.602950394E-2,-1.176378727E-1
2.224779108E2,-1.386319846E-1,1.171028093E-1,-8.763222396E-2
2.224879188E2,-1.064157337E-1,1.586710215E-1,-4.858442396E-2
2.224979268E2,-7.334928215E-2,1.597476006E-1,7.559583755E-4
2.225079348E2,-4.316421598E-2,1.106421128E-1,3.593685105E-2
2.225179418E2,-2.008693293E-2,9.849922732E-3,5.473024026E-2
2.225279498E2,-1.131075248E-2,-1.318768561E-1,5.200396106E-2
2.225379578E2,-2.126870304E-2,-2.727731764E-1,4.917239770E-2
2.225479658E2,-5.060475320E-2,-3.983524144E-1,4.658779874E-2
2.225579738E2,-8.436595649E-2,-4.775849879E-1,4.241010547E-2
2.225679818E2,-8.985845745E-2,-4.992487431E-1,3.922416642E-2
2.225779898E2,-6.312388927E-2,-4.876505733E-1,2.594792657E-2
2.225879968E2,-4.136739299E-3,-4.397855699E-1,1.850785501E-2
2.225980048E2,6.855403632E-2,-3.665382266E-1,2.939088643E-2
2.226080128E2,1.462525576E-1,-2.841565609E-1,4.298312962E-2
2.226180208E2,2.319097817E-1,-2.136673927E-1,5.256066471E-2
2.226280288E2,3.204617500E-1,-1.732946634E-1,4.429581016E-2
2.226380368E2,3.964415789E-1,-1.665786505E-1,2.891435660E-2
2.226480448E2,4.435561001E-1,-1.964276135E-1,2.434013411E-3
2.226580518E2,4.439086914E-1,-2.469022572E-1,-5.281139910E-2
2.226680598E2,3.901951313E-1,-3.027282357E-1,-1.353922933E-1
2.226780678E2,2.752668262E-1,-3.438120782E-1,-2.378032655E-1
2.226880758E2,1.020974219E-1,-3.559201360E-1,-3.550784886E-1
2.226980838E2,-1.128694788E-1,-3.458440900E-1,-4.623618126E-1
2.227080918E2,-3.479275107E-1,-3.153253198E-1,-5.555785298E-1
2.227180988E2,-5.882850289E-1,-2.800722420E-1,-6.393163204E-1
2.227281068E2,-8.054255843E-1,-2.449038774E-1,-7.304403782E-1
2.227381148E2,-9.619565606E-1,-2.123324126E-1,-8.166702390E-1
2.227481228E2,-1.018623233E0,-1.347518563E-1,-8.709222674E-1
2.227581308E2,-9.411861897E-1,4.850024357E-3,-8.535827398E-1
2.227681388E2,-7.409651875E-1,1.946881264E-1,-7.648869753E-1
2.227781468E2,-4.726561308E-1,3.655712605E-1,-6.354930401E-1
2.227881538E2,-2.169988006E-1,4.438322484E-1,-4.977463186E-1
2.227981618E2,-8.366819471E-3,4.368822873E-1,-3.730618358E-1
2.228081698E2,1.472408772E-1,3.690981567E-1,-2.655753195E-1
2.228181778E2,2.598046362E-1,2.858740985E-1,-1.669682264E-1
2.228281858E2,3.379420638E-1,2.015792131E-1,-7.736217976E-2
2.228381938E2,3.931431174E-1,1.083521992E-1,8.995071054E-3
2.228482018E2,4.302936792E-1,2.055851277E-3,8.902519196E-2
2.228582088E2,4.717380404E-1,-1.433887035E-1,1.504805386E-1
2.228682168E2,5.344442725E-1,-2.972352803E-1,1.894234121E-1
2.228782248E2,6.075260639E-1,-4.411119521E-1,1.833427995E-1
2.228882328E2,6.805920005E-1,-5.351908207E-1,1.343070865E-1
2.228982408E2,7.089060545E-1,-5.482528210E-1,6.496282667E-2
2.229082488E2,6.655991077E-1,-4.838099480E-1,-1.895231381E-2
2.229182568E2,5.558033586E-1,-3.496886194E-1,-8.934136480E-2
2.229282638E2,3.983412981E-1,-1.662601978E-1,-1.439417601E-1
2.229382718E2,2.162689716E-1,3.241355717E-2,-1.726324260E-1
2.229482798E2,3.409864008E-2,2.195171416E-1,-1.906612366E-1
2.229582878E2,-1.311906278E-1,3.647996783E-1,-1.947456449E-1
2.229682958E2,-2.576995790E-1,4.363686740E-1,-1.851915568E-1
2.229783038E2,-3.238686919E-1,4.417918921E-1,-1.626897901E-1
2.229883118E2,-3.383810818E-1,3.934861422E-1,-1.311497092E-1
2.229983188E2,-3.176383674E-1,3.081230223E-1,-8.803438395E-2
2.230083268E2,-2.861190438E-1,1.894584000E-1,-3.467502445E-2
2.230183348E2,-2.471799105E-1,4.980178922E-2,1.772783138E-2
2.230283428E2,-2.067637742E-1,-9.954454750E-2,7.284754515E-2
2.230383508E2,-1.820226908E-1,-2.590259612E-1,1.128869280E-1
2.230483588E2,-1.706925482E-1,-3.925640285E-1,1.306448728E-1
2.230583668E2,-1.724334508E-1,-4.647796452E-1,1.277739853E-1
2.230683738E2,-1.845780015E-1,-4.621534944E-1,1.232996210E-1
2.230783818E2,-1.991748959E-1,-3.909915388E-1,1.293649673E-1
2.230883898E2,-2.245321870E-1,-3.033551574E-1,1.372130364E-1
2.230983978E2,-2.520565391E-1,-2.165661901E-1,1.445053965E-1
2.231084058E2,-2.639898956E-1,-1.429204643E-1,1.522421390E-1
2.231184138E2,-2.578577101E-1,-9.606380761E-2,1.510244608E-1
2.231284208E2,-2.351395935E-1,-7.172863930E-2,1.455316842E-1
2.231384288E2,-2.127618939E-1,-6.265050918E-2,1.312046796E-1
2.231484368E2,-2.019891441E-1,-6.083609536E-2,1.138536632E-1
2.231584448E2,-2.070289701E-1,-4.600357637E-2,9.727342427E-2
2.231684528E2,-2.404199541E-1,-3.354264423E-2,9.613119811E-2
2.231784608E2,-2.765640914E-1,-1.146623865E-3,1.037979051E-1
2.231884688E2,-3.044215739E-1,3.583696112E-2,1.145978197E-1
2.231984758E2,-3.139528036E-1,6.718983501E-2,1.232659742E-1
2.232084838E2,-3.045784831E-1,9.299214184E-2,1.365202516E-1
2.232184918E2,-2.703745663E-1,1.039080471E-1,1.654903889E-1
2.232284998E2,-2.176410407E-1,1.078916043E-1,2.047744095E-1
2.232385078E2,-1.378676295E-1,9.849768877E-2,2.542424500E-1
2.232485158E2,-3.665792942E-2,8.257731050E-2,3.052339852E-1
2.232585238E2,7.911147177E-2,5.748297274E-2,3.570672572E-1
2.232685308E2,1.886536777E-1,2.632505447E-2,3.918294907E-1
2.232785388E2,2.802352011E-1,-2.725281753E-3,4.140061736E-1
2.232885468E2,3.516361415E-1,-4.342885688E-3,4.304083288E-1
2.232985548E2,3.944299221E-1,1.425258722E-2,4.462312460E-1
2.233085628E2,4.064253271E-1,2.616357431E-2,4.542542696E-1
2.233185708E2,3.892329037E-1,7.832828909E-3,4.474713802E-1
2.233285788E2,3.467789292E-1,-2.978991345E-2,4.204943478E-1
2.233385858E2,2.953086793E-1,-7.091456652E-2,3.842056990E-1
2.233485938E2,2.285967320E-1,-1.009784564E-1,3.397306502E-1
2.233586018E2,1.617343128E-1,-1.061194241E-1,3.060474992E-1
2.233686098E2,1.060603932E-1,-7.804331183E-2,2.852037549E-1
2.233786178E2,7.577062398E-2,-3.735661041E-3,2.729784250E-1
2.233886258E2,8.598331362E-2,1.129214466E-1,2.743576765E-1
2.233986328E2,1.306757778E-1,2.561509609E-1,3.018940389E-1
2.234086408E2,1.984351128E-1,3.851419687E-1,3.377910554E-1
2.234186488E2,2.670670748E-1,5.081962347E-1,3.742852509E-1
2.234286568E2,3.272513449E-1,5.833541155E-1,3.985953629E-1
2.234386648E2,3.641949296E-1,6.158174872E-1,4.250054061E-1
2.234486728E2,3.682341576E-1,6.113042235E-1,4.525187910E-1
2.234586808E2,3.556648493E-1,5.669882894E-1,4.648969769E-1
2.234686878E2,3.289879858E-1,4.847831428E-1,4.530397952E-1
2.234786958E2,2.654497623E-1,3.507728279E-1,4.201174378E-1
2.234887038E2,1.486965120E-1,1.682147384E-1,3.614567816E-1
2.234987118E2,-6.344901025E-2,-1.363351941E-1,2.657769620E-1
2.235087198E2,-3.515226245E-1,-5.243308544E-1,1.215723827E-1
2.235187278E2,-6.197596192E-1,-8.507326841E-1,-3.919306770E-2
2.235287358E2,-7.815810442E-1,-9.967423081E-1,-1.503403634E-1
2.235387428E2,-7.702867389E-1,-8.731409311E-1,-1.589775234E-1
2.235487508E2,-5.758948922E-1,-4.941858649E-1,-7.468661666E-2
2.235587588E2,-2.939304411E-1,-3.466422483E-2,7.307674736E-2
2.235687668E2,8.229701780E-3,3.661284745E-1,2.492333949E-1
2.235787748E2,2.881608307E-1,5.991736650E-1,4.091407061E-1
2.235887828E2,5.342786908E-1,6.531035304E-1,5.181561708E-1
2.235987898E2,7.349025011E-1,5.672198534E-1,5.551968813E-1
2.236087978E2,8.873168230E-1,4.055982232E-1,5.211457014E-1
2.236188058E2,9.886062145E-1,2.258020192E-1,4.375897050E-1
2.236288138E2,1.004894018E0,5.350030214E-2,3.327511847E-1
2.236388218E2,9.251181483E-1,-1.027233973E-1,2.273540199E-1
2.236488298E2,7.515543699E-1,-2.320267856E-1,1.314549148E-1
2.236588378E2,5.084605217E-1,-3.277284503E-1,3.132015839E-2
2.236688448E2,2.316422313E-1,-3.734330833E-1,-7.634744793E-2
2.236788528E2,-1.561578643E-2,-3.423827887E-1,-1.944163144E-1
2.236888608E2,-2.174660861E-1,-2.450453341E-1,-3.157318234E-1
2.236988688E2,-3.720690906E-1,-1.251130849E-1,-4.242313206E-1
2.237088768E2,-4.820941091E-1,-7.005346473E-3,-4.965220392E-1
2.237188848E2,-5.489178896E-1,1.045079231E-1,-5.367805958E-1
2.237288918E2,-5.655027628E-1,1.924521625E-1,-5.425807238E-1
2.237388998E2,-5.416777730E-1,2.431493551E-1,-5.273777246E-1
2.237489078E2,-4.810031950E-1,2.709005773E-1,-4.880239367E-1
2.237589158E2,-3.776331544E-1,2.782908976E-1,-4.402557909E-1
2.237689238E2,-2.419086248E-1,2.768333554E-1,-3.843438029E-1
2.237789318E2,-9.882095456E-2,2.564448416E-1,-3.178917170E-1
2.237889398E2,3.455175459E-2,2.106784284E-1,-2.551109195E-1
2.237989468E2,1.240269765E-1,1.541624218E-1,-2.101601064E-1
2.238089548E2,1.655954570E-1,1.076702848E-1,-1.845293194E-1
2.238189628E2,1.610267609E-1,8.594089001E-2,-1.609966457E-1
2.238289708E2,1.196766496E-1,8.221965283E-2,-1.531278044E-1
2.238389788E2,5.755424872E-2,1.190923676E-1,-1.521111876E-1
2.238489868E2,-1.304934546E-2,1.724378765E-1,-1.479084492E-1
2.238589948E2,-7.618016005E-2,2.214961052E-1,-1.345690340E-1
2.238690018E2,-1.195947453E-1,2.412889749E-1,-1.134421825E-1
2.238790098E2,-1.422111094E-1,2.139473408E-1,-8.469653875E-2
2.238890178E2,-1.352328360E-1,1.492016315E-1,-4.618429393E-2
2.238990258E2,-1.011622846E-1,6.394571066E-2,-1.466937270E-2
2.239090338E2,-5.176197365E-2,-3.159811720E-2,7.693190593E-3
2.239190418E2,1.235341374E-2,-1.023947299E-1,3.341349587E-2
2.239290488E2,7.520695031E-2,-1.298287511E-1,5.661176145E-2
2.239390568E2,1.240345463E-1,-1.293634474E-1,7.716354728E-2
2.239490648E2,1.465164274E-1,-1.106249020E-1,8.899357170E-2
2.239590728E2,1.445612907E-1,-9.190076590E-2,9.799620509E-2
2.239690808E2,1.168718785E-1,-9.354127198E-2,9.303314239E-2
2.239790888E2,8.274503797E-2,-1.163823307E-1,6.939500570E-2
2.239890968E2,5.577307940E-2,-1.450470090E-1,3.001697734E-2
2.239991038E2,3.213299811E-2,-1.683502048E-1,-1.233340893E-2
2.240091118E2,1.297608111E-2,-1.770339757E-1,-4.929675534E-2
2.240191198E2,-1.361483242E-3,-1.660370678E-1,-7.912833989E-2
2.240291278E2,-1.372307818E-2,-1.286643893E-1,-9.554246813E-2
2.240391358E2,-9.769997559E-3,-5.026841536E-2,-1.032570004E-1
2.240491438E2,4.925591871E-3,5.544363335E-2,-1.028079912E-1
2.240591508E2,1.900673658E-2,1.486531496E-1,-1.074158251E-1
2.240691582E2,1.712521352E-2,2.021837533E-1,-1.069657505E-1
2.240791662E2,-2.263953350E-2,2.147901505E-1,-9.720490873E-2
2.240891742E2,-8.935304731E-2,1.848354489E-1,-8.944605291E-2
2.240991822E2,-1.557136327E-1,1.397889405E-1,-8.616954088E-2
2.241091902E2,-2.031277567E-1,6.264408678E-2,-7.089524716E-2
2.241191982E2,-2.217282057E-1,-2.023591846E-2,-4.158815369E-2
2.241292052E2,-2.061415315E-1,-9.443238378E-2,-9.051712696E-4
2.241392132E2,-1.553640664E-1,-1.540490836E-1,4.068356380E-2
2.241492212E2,-8.020700514E-2,-1.850030124E-1,8.837945014E-2
2.241592292E2,8.321334608E-3,-2.165180594E-1,1.409336478E-1
2.241692372E2,8.057502657E-2,-2.798498869E-1,1.688710004E-1
2.241792452E2,1.298682541E-1,-3.615201116E-1,1.650295705E-1
2.241892532E2,1.425230503E-1,-4.317953289E-1,1.227228642E-1
2.241992602E2,9.369505942E-2,-4.806063771E-1,5.204672739E-2
2.242092682E2,-2.568086423E-2,-5.276505351E-1,-3.313207999E-2
2.242192762E2,-1.963682324E-1,-5.488108397E-1,-1.268038005E-1
2.242292842E2,-3.695962131E-1,-5.563390851E-1,-2.262153327E-1
2.242392922E2,-5.071540475E-1,-5.425994396E-1,-3.273352087E-1
2.242493002E2,-5.910515785E-1,-4.532618523E-1,-4.034379721E-1
2.242593072E2,-5.960023403E-1,-2.689948976E-1,-4.296692312E-1
2.242693152E2,-5.075464845E-1,1.179839578E-2,-3.902022541E-1
2.242793232E2,-3.409944475E-1,3.369821608E-1,-2.996595502E-1
2.242893312E2,-1.302784979E-1,6.048303843E-1,-1.844650358E-1
2.242993392E2,7.460072637E-2,7.542188764E-1,-8.029773086E-2
2.243093472E2,2.418214083E-1,7.818710208E-1,1.476540510E-2
2.243193542E2,3.658313155E-1,6.970344186E-1,8.327247202E-2
2.243293622E2,4.674903154E-1,5.321346521E-1,1.271270216E-1
2.243393702E2,5.287532210E-1,3.067621291E-1,1.545469910E-1
2.243493782E2,5.490936637E-1,5.010424554E-2,1.615338027E-1
2.243593862E2,5.267703533E-1,-1.882603317E-1,1.548957974E-1
2.243693942E2,4.650475979E-1,-3.769274354E-1,1.382981837E-1
2.243794022E2,3.765549362E-1,-4.984759688E-1,1.151495278E-1
2.243894092E2,2.821708918E-1,-5.446442962E-1,7.626098394E-2
2.243994172E2,1.874095649E-1,-5.348306894E-1,2.880479209E-2
2.244094252E2,8.919990808E-2,-4.733332992E-1,-1.854221709E-2
2.244194332E2,-4.175911658E-3,-3.532133400E-1,-6.235548481E-2
2.244294412E2,-8.933687210E-2,-2.009833306E-1,-1.069498509E-1
2.244394492E2,-1.497055888E-1,-1.612888090E-2,-1.443727612E-1
2.244494562E2,-1.847149581E-1,1.598394811E-1,-1.515590400E-1
2.244594642E2,-1.986176819E-1,2.853400111E-1,-1.322459728E-1
2.244694722E2,-1.973401606E-1,3.324388266E-1,-1.015501171E-1
2.244794802E2,-1.798895448E-1,3.013693094E-1,-7.341834903E-2
2.244894882E2,-1.440247446E-1,2.460871637E-1,-4.724773392E-2
2.244994962E2,-1.033328027E-1,1.764523983E-1,-1.834622398E-2
2.245095032E2,-7.794915140E-2,9.533971548E-2,1.965442114E-2
2.245195112E2,-6.570083648E-2,2.162553184E-2,6.656102836E-2
2.245295192E2,-6.666223705E-2,-3.304729983E-2,1.232741028E-1
2.245395272E2,-7.140845805E-2,-7.337386906E-2,1.698879600E-1
2.245495352E2,-7.024332136E-2,-1.058394015E-1,1.956215501E-1
2.245595432E2,-6.045867503E-2,-1.148453876E-1,2.129127532E-1
2.245695512E2,-4.309459776E-2,-9.832393378E-2,2.363336533E-1
2.245795582E2,-2.528814226E-2,-6.725460291E-2,2.599066794E-1
2.245895662E2,4.108286230E-4,-1.930092648E-2,2.832184136E-1
2.245995742E2,3.914389014E-2,4.613265395E-2,3.130132556E-1
2.246095822E2,6.921391189E-2,9.159148484E-2,3.329816163E-1
2.246195902E2,9.500512481E-2,1.325234771E-1,3.439210057E-1
2.246295982E2,1.113268360E-1,1.613796204E-1,3.421353698E-1
2.246396052E2,1.141549423E-1,1.731518805E-1,3.432290256E-1
2.246496132E2,1.059769094E-1,1.699931026E-1,3.475106061E-1
2.246596212E2,1.016884744E-1,1.660340875E-1,3.508733511E-1
2.246696292E2,9.810891747E-2,1.579700410E-1,3.461678326E-1
2.246796372E2,8.309169114E-2,1.487890333E-1,3.294752836E-1
2.246896452E2,5.395031720E-2,1.532205343E-1,2.989392281E-1
2.246996522E2,-3.329894971E-3,1.604402065E-1,2.708804309E-1
2.247096602E2,-8.725435287E-2,1.545013636E-1,2.460994571E-1
2.247196682E2,-1.758261770E-1,1.431013197E-1,2.291335464E-1
2.247296762E2,-2.480511069E-1,1.297421008E-1,2.226354331E-1
2.247396842E2,-2.814598083E-1,1.165750772E-1,2.231476456E-1
2.247496922E2,-2.748434544E-1,1.089507192E-1,2.263309211E-1
2.247597002E2,-2.472030371E-1,9.676748514E-2,2.339879572E-1
2.247697072E2,-2.108519524E-1,8.249373734E-2,2.445372790E-1
2.247797152E2,-1.755382121E-1,4.011036083E-2,2.516532838E-1
2.247897232E2,-1.468232125E-1,-5.448868964E-3,2.452215105E-1
2.247997312E2,-1.243765652E-1,-4.531380534E-2,2.276803255E-1
2.248097392E2,-9.648874402E-2,-3.742658719E-2,2.102547288E-1
2.248197472E2,-7.548914105E-2,-8.268901147E-4,1.967525929E-1
2.248297542E2,-5.881722271E-2,3.758494556E-2,1.839710176E-1
2.248397622E2,-3.783526272E-2,6.153629720E-2,1.797839850E-1
2.248497702E2,6.098642480E-3,9.183800966E-2,1.816559285E-1
2.248597782E2,7.493251562E-2,1.165452003E-1,1.812857538E-1
2.248697862E2,1.618173420E-1,1.453523487E-1,1.886384785E-1
2.248797942E2,2.301584333E-1,1.683211029E-1,1.995358020E-1
2.248898022E2,2.757373750E-1,1.984355897E-1,2.143110186E-1
2.248998092E2,3.013116121E-1,2.302168310E-1,2.288816869E-1
2.249098172E2,3.137288690E-1,2.717751861E-1,2.317629606E-1
2.249198252E2,3.058522940E-1,2.991061509E-1,1.939354092E-1
2.249298332E2,2.637181580E-1,4.010609984E-1,4.307851940E-2
2.249398412E2,1.829438210E-1,5.438185334E-1,-7.945113629E-2
2.249498492E2,5.856407434E-2,4.720889330E-1,2.534691803E-2
2.249598562E2,-6.870479137E-2,4.660941958E-1,8.545430750E-2
2.249698642E2,-1.697264761E-1,4.365283251E-1,1.560651064E-1
2.249798722E2,-2.543494105E-1,3.163219988E-1,1.756160706E-1
2.249898802E2,-3.450303078E-1,1.728825271E-1,1.824137866E-1
2.249998882E2,-4.044594467E-1,-6.454066932E-2,1.745970547E-1
2.250098962E2,-4.109922051E-1,-3.072672784E-1,1.875783652E-1
2.250199032E2,-3.806323111E-1,-4.665905237E-1,2.538511157E-1
2.250299112E2,-2.983736396E-1,-5.182316303E-1,3.529430628E-1
2.250399192E2,-1.908720434E-1,-4.588237703E-1,4.286802113E-1
2.250499272E2,-8.729905635E-2,-3.347742558E-1,4.735768437E-1
2.250599352E2,-1.056659687E-2,-1.703316122E-1,4.981003404E-1
2.250699433E2,4.762054235E-2,1.015720237E-2,5.054882169E-1
2.250799503E2,9.534867108E-2,1.399443746E-1,5.077437758E-1
2.250899583E2,1.147657782E-1,2.041715682E-1,4.904063344E-1
2.250999663E2,1.089802831E-1,2.264161855E-1,4.434055984E-1
2.251099743E2,8.063998818E-2,2.147334218E-1,3.757133782E-1
2.251199823E2,2.499238588E-2,1.967300475E-1,2.977937162E-1
2.251299903E2,-5.688889697E-2,1.532358378E-1,2.231546342E-1
2.251399983E2,-1.385608613E-1,1.099076420E-1,1.520675123E-1
2.251500053E2,-2.010500729E-1,5.070450529E-2,9.387664497E-2
2.251600133E2,-2.426379174E-1,-1.911498234E-2,5.511832982E-2
2.251700213E2,-2.822037041E-1,-7.967313379E-2,4.759543389E-2
2.251800293E2,-3.050886989E-1,-1.211218610E-1,6.768799573E-2
2.251900373E2,-3.099132776E-1,-1.487984955E-1,1.076487303E-1
2.252000443E2,-3.086408973E-1,-1.609288007E-1,1.594043225E-1
2.252100523E2,-3.038235009E-1,-1.575958431E-1,2.083361745E-1
2.252200603E2,-2.929751873E-1,-1.615930200E-1,2.400248796E-1
2.252300683E2,-2.821092308E-1,-1.864749342E-1,2.640961111E-1
2.252400763E2,-6.037635207E-1,5.899965763E-2,2.577742934E-1
2.252500843E2,-6.045502424E-1,3.622776642E-2,2.704885006E-1
2.252600923E2,-4.465476573E-1,2.200273797E-2,2.687692344E-1
2.252700993E2,-2.699039280E-1,-7.949725538E-2,2.381711304E-1
2.252801073E2,-8.959548920E-2,-2.349999249E-1,1.919068843E-1
2.252901153E2,5.262316763E-2,-3.733026683E-1,1.805812567E-1
2.253001233E2,1.197081432E-1,-4.268628657E-1,1.856284887E-1
2.253101313E2,8.446600288E-2,-3.663358688E-1,1.803098917E-1
2.253201393E2,-9.255937301E-3,-2.160216570E-1,1.684682220E-1